time_start,volume,direction,tollgate_id,time_window,weekday,weekend,date,hour,minute,holiday
2016-09-19 00:05:00,14,0,1,"[00:05:00,00:25:00)",1,0,2016-09-19,0,5,False
2016-09-19 00:25:00,7,0,1,"[00:25:00,00:45:00)",1,0,2016-09-19,0,25,False
2016-09-19 00:45:00,7,0,1,"[00:45:00,01:05:00)",1,0,2016-09-19,0,45,False
2016-09-19 01:05:00,14,0,1,"[01:05:00,01:25:00)",1,0,2016-09-19,1,5,False
2016-09-19 01:25:00,11,0,1,"[01:25:00,01:45:00)",1,0,2016-09-19,1,25,False
2016-09-19 01:45:00,9,0,1,"[01:45:00,02:05:00)",1,0,2016-09-19,1,45,False
2016-09-19 02:05:00,11,0,1,"[02:05:00,02:25:00)",1,0,2016-09-19,2,5,False
2016-09-19 02:25:00,8,0,1,"[02:25:00,02:45:00)",1,0,2016-09-19,2,25,False
2016-09-19 02:45:00,5,0,1,"[02:45:00,03:05:00)",1,0,2016-09-19,2,45,False
2016-09-19 03:05:00,9,0,1,"[03:05:00,03:25:00)",1,0,2016-09-19,3,5,False
2016-09-19 03:25:00,3,0,1,"[03:25:00,03:45:00)",1,0,2016-09-19,3,25,False
2016-09-19 03:45:00,10,0,1,"[03:45:00,04:05:00)",1,0,2016-09-19,3,45,False
2016-09-19 04:05:00,10,0,1,"[04:05:00,04:25:00)",1,0,2016-09-19,4,5,False
2016-09-19 04:25:00,14,0,1,"[04:25:00,04:45:00)",1,0,2016-09-19,4,25,False
2016-09-19 04:45:00,10,0,1,"[04:45:00,05:05:00)",1,0,2016-09-19,4,45,False
2016-09-19 05:05:00,1,0,1,"[05:05:00,05:25:00)",1,0,2016-09-19,5,5,False
2016-09-19 05:25:00,11,0,1,"[05:25:00,05:45:00)",1,0,2016-09-19,5,25,False
2016-09-19 05:45:00,11,0,1,"[05:45:00,06:05:00)",1,0,2016-09-19,5,45,False
2016-09-19 06:05:00,10,0,1,"[06:05:00,06:25:00)",1,0,2016-09-19,6,5,False
2016-09-19 06:25:00,18,0,1,"[06:25:00,06:45:00)",1,0,2016-09-19,6,25,False
2016-09-19 06:45:00,32,0,1,"[06:45:00,07:05:00)",1,0,2016-09-19,6,45,False
2016-09-19 07:05:00,41,0,1,"[07:05:00,07:25:00)",1,0,2016-09-19,7,5,False
2016-09-19 07:25:00,31,0,1,"[07:25:00,07:45:00)",1,0,2016-09-19,7,25,False
2016-09-19 07:45:00,40,0,1,"[07:45:00,08:05:00)",1,0,2016-09-19,7,45,False
2016-09-19 08:05:00,49,0,1,"[08:05:00,08:25:00)",1,0,2016-09-19,8,5,False
2016-09-19 08:25:00,52,0,1,"[08:25:00,08:45:00)",1,0,2016-09-19,8,25,False
2016-09-19 08:45:00,46,0,1,"[08:45:00,09:05:00)",1,0,2016-09-19,8,45,False
2016-09-19 09:05:00,46,0,1,"[09:05:00,09:25:00)",1,0,2016-09-19,9,5,False
2016-09-19 09:25:00,54,0,1,"[09:25:00,09:45:00)",1,0,2016-09-19,9,25,False
2016-09-19 09:45:00,38,0,1,"[09:45:00,10:05:00)",1,0,2016-09-19,9,45,False
2016-09-19 10:05:00,51,0,1,"[10:05:00,10:25:00)",1,0,2016-09-19,10,5,False
2016-09-19 10:25:00,45,0,1,"[10:25:00,10:45:00)",1,0,2016-09-19,10,25,False
2016-09-19 10:45:00,37,0,1,"[10:45:00,11:05:00)",1,0,2016-09-19,10,45,False
2016-09-19 11:05:00,37,0,1,"[11:05:00,11:25:00)",1,0,2016-09-19,11,5,False
2016-09-19 11:25:00,32,0,1,"[11:25:00,11:45:00)",1,0,2016-09-19,11,25,False
2016-09-19 11:45:00,33,0,1,"[11:45:00,12:05:00)",1,0,2016-09-19,11,45,False
2016-09-19 12:05:00,46,0,1,"[12:05:00,12:25:00)",1,0,2016-09-19,12,5,False
2016-09-19 12:25:00,47,0,1,"[12:25:00,12:45:00)",1,0,2016-09-19,12,25,False
2016-09-19 12:45:00,53,0,1,"[12:45:00,13:05:00)",1,0,2016-09-19,12,45,False
2016-09-19 13:05:00,59,0,1,"[13:05:00,13:25:00)",1,0,2016-09-19,13,5,False
2016-09-19 13:25:00,63,0,1,"[13:25:00,13:45:00)",1,0,2016-09-19,13,25,False
2016-09-19 13:45:00,54,0,1,"[13:45:00,14:05:00)",1,0,2016-09-19,13,45,False
2016-09-19 14:05:00,56,0,1,"[14:05:00,14:25:00)",1,0,2016-09-19,14,5,False
2016-09-19 14:25:00,48,0,1,"[14:25:00,14:45:00)",1,0,2016-09-19,14,25,False
2016-09-19 14:45:00,52,0,1,"[14:45:00,15:05:00)",1,0,2016-09-19,14,45,False
2016-09-19 15:05:00,46,0,1,"[15:05:00,15:25:00)",1,0,2016-09-19,15,5,False
2016-09-19 15:25:00,58,0,1,"[15:25:00,15:45:00)",1,0,2016-09-19,15,25,False
2016-09-19 15:45:00,43,0,1,"[15:45:00,16:05:00)",1,0,2016-09-19,15,45,False
2016-09-19 16:05:00,43,0,1,"[16:05:00,16:25:00)",1,0,2016-09-19,16,5,False
2016-09-19 16:25:00,46,0,1,"[16:25:00,16:45:00)",1,0,2016-09-19,16,25,False
2016-09-19 16:45:00,51,0,1,"[16:45:00,17:05:00)",1,0,2016-09-19,16,45,False
2016-09-19 17:05:00,37,0,1,"[17:05:00,17:25:00)",1,0,2016-09-19,17,5,False
2016-09-19 17:25:00,30,0,1,"[17:25:00,17:45:00)",1,0,2016-09-19,17,25,False
2016-09-19 17:45:00,31,0,1,"[17:45:00,18:05:00)",1,0,2016-09-19,17,45,False
2016-09-19 18:05:00,26,0,1,"[18:05:00,18:25:00)",1,0,2016-09-19,18,5,False
2016-09-19 18:25:00,24,0,1,"[18:25:00,18:45:00)",1,0,2016-09-19,18,25,False
2016-09-19 18:45:00,16,0,1,"[18:45:00,19:05:00)",1,0,2016-09-19,18,45,False
2016-09-19 19:05:00,16,0,1,"[19:05:00,19:25:00)",1,0,2016-09-19,19,5,False
2016-09-19 19:25:00,28,0,1,"[19:25:00,19:45:00)",1,0,2016-09-19,19,25,False
2016-09-19 19:45:00,17,0,1,"[19:45:00,20:05:00)",1,0,2016-09-19,19,45,False
2016-09-19 20:05:00,21,0,1,"[20:05:00,20:25:00)",1,0,2016-09-19,20,5,False
2016-09-19 20:25:00,13,0,1,"[20:25:00,20:45:00)",1,0,2016-09-19,20,25,False
2016-09-19 20:45:00,19,0,1,"[20:45:00,21:05:00)",1,0,2016-09-19,20,45,False
2016-09-19 21:05:00,16,0,1,"[21:05:00,21:25:00)",1,0,2016-09-19,21,5,False
2016-09-19 21:25:00,20,0,1,"[21:25:00,21:45:00)",1,0,2016-09-19,21,25,False
2016-09-19 21:45:00,4,0,1,"[21:45:00,22:05:00)",1,0,2016-09-19,21,45,False
2016-09-19 22:05:00,3,0,1,"[22:05:00,22:25:00)",1,0,2016-09-19,22,5,False
2016-09-19 22:25:00,8,0,1,"[22:25:00,22:45:00)",1,0,2016-09-19,22,25,False
2016-09-19 22:45:00,3,0,1,"[22:45:00,23:05:00)",1,0,2016-09-19,22,45,False
2016-09-19 23:05:00,2,0,1,"[23:05:00,23:25:00)",1,0,2016-09-19,23,5,False
2016-09-19 23:25:00,7,0,1,"[23:25:00,23:45:00)",1,0,2016-09-19,23,25,False
2016-09-19 23:45:00,10,0,1,"[23:45:00,00:00:00)",1,0,2016-09-19,23,45,False
2016-09-20 00:05:00,12,0,1,"[00:05:00,00:25:00)",2,0,2016-09-20,0,5,False
2016-09-20 00:25:00,10,0,1,"[00:25:00,00:45:00)",2,0,2016-09-20,0,25,False
2016-09-20 00:45:00,9,0,1,"[00:45:00,01:05:00)",2,0,2016-09-20,0,45,False
2016-09-20 01:05:00,5,0,1,"[01:05:00,01:25:00)",2,0,2016-09-20,1,5,False
2016-09-20 01:25:00,5,0,1,"[01:25:00,01:45:00)",2,0,2016-09-20,1,25,False
2016-09-20 01:45:00,4,0,1,"[01:45:00,02:05:00)",2,0,2016-09-20,1,45,False
2016-09-20 02:05:00,10,0,1,"[02:05:00,02:25:00)",2,0,2016-09-20,2,5,False
2016-09-20 02:25:00,7,0,1,"[02:25:00,02:45:00)",2,0,2016-09-20,2,25,False
2016-09-20 02:45:00,9,0,1,"[02:45:00,03:05:00)",2,0,2016-09-20,2,45,False
2016-09-20 03:05:00,9,0,1,"[03:05:00,03:25:00)",2,0,2016-09-20,3,5,False
2016-09-20 03:25:00,5,0,1,"[03:25:00,03:45:00)",2,0,2016-09-20,3,25,False
2016-09-20 03:45:00,5,0,1,"[03:45:00,04:05:00)",2,0,2016-09-20,3,45,False
2016-09-20 04:05:00,14,0,1,"[04:05:00,04:25:00)",2,0,2016-09-20,4,5,False
2016-09-20 04:25:00,7,0,1,"[04:25:00,04:45:00)",2,0,2016-09-20,4,25,False
2016-09-20 04:45:00,16,0,1,"[04:45:00,05:05:00)",2,0,2016-09-20,4,45,False
2016-09-20 05:05:00,7,0,1,"[05:05:00,05:25:00)",2,0,2016-09-20,5,5,False
2016-09-20 05:25:00,5,0,1,"[05:25:00,05:45:00)",2,0,2016-09-20,5,25,False
2016-09-20 05:45:00,9,0,1,"[05:45:00,06:05:00)",2,0,2016-09-20,5,45,False
2016-09-20 06:05:00,20,0,1,"[06:05:00,06:25:00)",2,0,2016-09-20,6,5,False
2016-09-20 06:25:00,15,0,1,"[06:25:00,06:45:00)",2,0,2016-09-20,6,25,False
2016-09-20 06:45:00,34,0,1,"[06:45:00,07:05:00)",2,0,2016-09-20,6,45,False
2016-09-20 07:05:00,35,0,1,"[07:05:00,07:25:00)",2,0,2016-09-20,7,5,False
2016-09-20 07:25:00,32,0,1,"[07:25:00,07:45:00)",2,0,2016-09-20,7,25,False
2016-09-20 07:45:00,42,0,1,"[07:45:00,08:05:00)",2,0,2016-09-20,7,45,False
2016-09-20 08:05:00,46,0,1,"[08:05:00,08:25:00)",2,0,2016-09-20,8,5,False
2016-09-20 08:25:00,49,0,1,"[08:25:00,08:45:00)",2,0,2016-09-20,8,25,False
2016-09-20 08:45:00,57,0,1,"[08:45:00,09:05:00)",2,0,2016-09-20,8,45,False
2016-09-20 09:05:00,48,0,1,"[09:05:00,09:25:00)",2,0,2016-09-20,9,5,False
2016-09-20 09:25:00,64,0,1,"[09:25:00,09:45:00)",2,0,2016-09-20,9,25,False
2016-09-20 09:45:00,56,0,1,"[09:45:00,10:05:00)",2,0,2016-09-20,9,45,False
2016-09-20 10:05:00,65,0,1,"[10:05:00,10:25:00)",2,0,2016-09-20,10,5,False
2016-09-20 10:25:00,48,0,1,"[10:25:00,10:45:00)",2,0,2016-09-20,10,25,False
2016-09-20 10:45:00,74,0,1,"[10:45:00,11:05:00)",2,0,2016-09-20,10,45,False
2016-09-20 11:05:00,53,0,1,"[11:05:00,11:25:00)",2,0,2016-09-20,11,5,False
2016-09-20 11:25:00,57,0,1,"[11:25:00,11:45:00)",2,0,2016-09-20,11,25,False
2016-09-20 11:45:00,53,0,1,"[11:45:00,12:05:00)",2,0,2016-09-20,11,45,False
2016-09-20 12:05:00,56,0,1,"[12:05:00,12:25:00)",2,0,2016-09-20,12,5,False
2016-09-20 12:25:00,64,0,1,"[12:25:00,12:45:00)",2,0,2016-09-20,12,25,False
2016-09-20 12:45:00,84,0,1,"[12:45:00,13:05:00)",2,0,2016-09-20,12,45,False
2016-09-20 13:05:00,92,0,1,"[13:05:00,13:25:00)",2,0,2016-09-20,13,5,False
2016-09-20 13:25:00,83,0,1,"[13:25:00,13:45:00)",2,0,2016-09-20,13,25,False
2016-09-20 13:45:00,83,0,1,"[13:45:00,14:05:00)",2,0,2016-09-20,13,45,False
2016-09-20 14:05:00,80,0,1,"[14:05:00,14:25:00)",2,0,2016-09-20,14,5,False
2016-09-20 14:25:00,89,0,1,"[14:25:00,14:45:00)",2,0,2016-09-20,14,25,False
2016-09-20 14:45:00,64,0,1,"[14:45:00,15:05:00)",2,0,2016-09-20,14,45,False
2016-09-20 15:05:00,74,0,1,"[15:05:00,15:25:00)",2,0,2016-09-20,15,5,False
2016-09-20 15:25:00,62,0,1,"[15:25:00,15:45:00)",2,0,2016-09-20,15,25,False
2016-09-20 15:45:00,71,0,1,"[15:45:00,16:05:00)",2,0,2016-09-20,15,45,False
2016-09-20 16:05:00,48,0,1,"[16:05:00,16:25:00)",2,0,2016-09-20,16,5,False
2016-09-20 16:25:00,53,0,1,"[16:25:00,16:45:00)",2,0,2016-09-20,16,25,False
2016-09-20 16:45:00,46,0,1,"[16:45:00,17:05:00)",2,0,2016-09-20,16,45,False
2016-09-20 17:05:00,36,0,1,"[17:05:00,17:25:00)",2,0,2016-09-20,17,5,False
2016-09-20 17:25:00,44,0,1,"[17:25:00,17:45:00)",2,0,2016-09-20,17,25,False
2016-09-20 17:45:00,37,0,1,"[17:45:00,18:05:00)",2,0,2016-09-20,17,45,False
2016-09-20 18:05:00,29,0,1,"[18:05:00,18:25:00)",2,0,2016-09-20,18,5,False
2016-09-20 18:25:00,23,0,1,"[18:25:00,18:45:00)",2,0,2016-09-20,18,25,False
2016-09-20 18:45:00,22,0,1,"[18:45:00,19:05:00)",2,0,2016-09-20,18,45,False
2016-09-20 19:05:00,21,0,1,"[19:05:00,19:25:00)",2,0,2016-09-20,19,5,False
2016-09-20 19:25:00,24,0,1,"[19:25:00,19:45:00)",2,0,2016-09-20,19,25,False
2016-09-20 19:45:00,17,0,1,"[19:45:00,20:05:00)",2,0,2016-09-20,19,45,False
2016-09-20 20:05:00,14,0,1,"[20:05:00,20:25:00)",2,0,2016-09-20,20,5,False
2016-09-20 20:25:00,17,0,1,"[20:25:00,20:45:00)",2,0,2016-09-20,20,25,False
2016-09-20 20:45:00,19,0,1,"[20:45:00,21:05:00)",2,0,2016-09-20,20,45,False
2016-09-20 21:05:00,16,0,1,"[21:05:00,21:25:00)",2,0,2016-09-20,21,5,False
2016-09-20 21:25:00,32,0,1,"[21:25:00,21:45:00)",2,0,2016-09-20,21,25,False
2016-09-20 21:45:00,39,0,1,"[21:45:00,22:05:00)",2,0,2016-09-20,21,45,False
2016-09-20 22:05:00,25,0,1,"[22:05:00,22:25:00)",2,0,2016-09-20,22,5,False
2016-09-20 22:25:00,14,0,1,"[22:25:00,22:45:00)",2,0,2016-09-20,22,25,False
2016-09-20 22:45:00,20,0,1,"[22:45:00,23:05:00)",2,0,2016-09-20,22,45,False
2016-09-20 23:05:00,18,0,1,"[23:05:00,23:25:00)",2,0,2016-09-20,23,5,False
2016-09-20 23:25:00,5,0,1,"[23:25:00,23:45:00)",2,0,2016-09-20,23,25,False
2016-09-20 23:45:00,16,0,1,"[23:45:00,00:00:00)",2,0,2016-09-20,23,45,False
2016-09-21 00:05:00,8,0,1,"[00:05:00,00:25:00)",3,0,2016-09-21,0,5,False
2016-09-21 00:25:00,8,0,1,"[00:25:00,00:45:00)",3,0,2016-09-21,0,25,False
2016-09-21 00:45:00,7,0,1,"[00:45:00,01:05:00)",3,0,2016-09-21,0,45,False
2016-09-21 01:05:00,5,0,1,"[01:05:00,01:25:00)",3,0,2016-09-21,1,5,False
2016-09-21 01:25:00,4,0,1,"[01:25:00,01:45:00)",3,0,2016-09-21,1,25,False
2016-09-21 01:45:00,7,0,1,"[01:45:00,02:05:00)",3,0,2016-09-21,1,45,False
2016-09-21 02:05:00,6,0,1,"[02:05:00,02:25:00)",3,0,2016-09-21,2,5,False
2016-09-21 02:25:00,9,0,1,"[02:25:00,02:45:00)",3,0,2016-09-21,2,25,False
2016-09-21 02:45:00,6,0,1,"[02:45:00,03:05:00)",3,0,2016-09-21,2,45,False
2016-09-21 03:05:00,5,0,1,"[03:05:00,03:25:00)",3,0,2016-09-21,3,5,False
2016-09-21 03:25:00,8,0,1,"[03:25:00,03:45:00)",3,0,2016-09-21,3,25,False
2016-09-21 03:45:00,10,0,1,"[03:45:00,04:05:00)",3,0,2016-09-21,3,45,False
2016-09-21 04:05:00,17,0,1,"[04:05:00,04:25:00)",3,0,2016-09-21,4,5,False
2016-09-21 04:25:00,13,0,1,"[04:25:00,04:45:00)",3,0,2016-09-21,4,25,False
2016-09-21 04:45:00,12,0,1,"[04:45:00,05:05:00)",3,0,2016-09-21,4,45,False
2016-09-21 05:05:00,8,0,1,"[05:05:00,05:25:00)",3,0,2016-09-21,5,5,False
2016-09-21 05:25:00,20,0,1,"[05:25:00,05:45:00)",3,0,2016-09-21,5,25,False
2016-09-21 05:45:00,28,0,1,"[05:45:00,06:05:00)",3,0,2016-09-21,5,45,False
2016-09-21 06:05:00,39,0,1,"[06:05:00,06:25:00)",3,0,2016-09-21,6,5,False
2016-09-21 06:25:00,46,0,1,"[06:25:00,06:45:00)",3,0,2016-09-21,6,25,False
2016-09-21 06:45:00,68,0,1,"[06:45:00,07:05:00)",3,0,2016-09-21,6,45,False
2016-09-21 07:05:00,88,0,1,"[07:05:00,07:25:00)",3,0,2016-09-21,7,5,False
2016-09-21 07:25:00,90,0,1,"[07:25:00,07:45:00)",3,0,2016-09-21,7,25,False
2016-09-21 07:45:00,103,0,1,"[07:45:00,08:05:00)",3,0,2016-09-21,7,45,False
2016-09-21 08:05:00,110,0,1,"[08:05:00,08:25:00)",3,0,2016-09-21,8,5,False
2016-09-21 08:25:00,131,0,1,"[08:25:00,08:45:00)",3,0,2016-09-21,8,25,False
2016-09-21 08:45:00,67,0,1,"[08:45:00,09:05:00)",3,0,2016-09-21,8,45,False
2016-09-21 09:05:00,44,0,1,"[09:05:00,09:25:00)",3,0,2016-09-21,9,5,False
2016-09-21 09:25:00,65,0,1,"[09:25:00,09:45:00)",3,0,2016-09-21,9,25,False
2016-09-21 09:45:00,41,0,1,"[09:45:00,10:05:00)",3,0,2016-09-21,9,45,False
2016-09-21 10:05:00,34,0,1,"[10:05:00,10:25:00)",3,0,2016-09-21,10,5,False
2016-09-21 10:25:00,64,0,1,"[10:25:00,10:45:00)",3,0,2016-09-21,10,25,False
2016-09-21 10:45:00,35,0,1,"[10:45:00,11:05:00)",3,0,2016-09-21,10,45,False
2016-09-21 11:05:00,28,0,1,"[11:05:00,11:25:00)",3,0,2016-09-21,11,5,False
2016-09-21 11:25:00,27,0,1,"[11:25:00,11:45:00)",3,0,2016-09-21,11,25,False
2016-09-21 11:45:00,37,0,1,"[11:45:00,12:05:00)",3,0,2016-09-21,11,45,False
2016-09-21 12:05:00,36,0,1,"[12:05:00,12:25:00)",3,0,2016-09-21,12,5,False
2016-09-21 12:25:00,47,0,1,"[12:25:00,12:45:00)",3,0,2016-09-21,12,25,False
2016-09-21 12:45:00,37,0,1,"[12:45:00,13:05:00)",3,0,2016-09-21,12,45,False
2016-09-21 13:05:00,48,0,1,"[13:05:00,13:25:00)",3,0,2016-09-21,13,5,False
2016-09-21 13:25:00,43,0,1,"[13:25:00,13:45:00)",3,0,2016-09-21,13,25,False
2016-09-21 13:45:00,53,0,1,"[13:45:00,14:05:00)",3,0,2016-09-21,13,45,False
2016-09-21 14:05:00,50,0,1,"[14:05:00,14:25:00)",3,0,2016-09-21,14,5,False
2016-09-21 14:25:00,43,0,1,"[14:25:00,14:45:00)",3,0,2016-09-21,14,25,False
2016-09-21 14:45:00,57,0,1,"[14:45:00,15:05:00)",3,0,2016-09-21,14,45,False
2016-09-21 15:05:00,42,0,1,"[15:05:00,15:25:00)",3,0,2016-09-21,15,5,False
2016-09-21 15:25:00,48,0,1,"[15:25:00,15:45:00)",3,0,2016-09-21,15,25,False
2016-09-21 15:45:00,50,0,1,"[15:45:00,16:05:00)",3,0,2016-09-21,15,45,False
2016-09-21 16:05:00,46,0,1,"[16:05:00,16:25:00)",3,0,2016-09-21,16,5,False
2016-09-21 16:25:00,42,0,1,"[16:25:00,16:45:00)",3,0,2016-09-21,16,25,False
2016-09-21 16:45:00,47,0,1,"[16:45:00,17:05:00)",3,0,2016-09-21,16,45,False
2016-09-21 17:05:00,44,0,1,"[17:05:00,17:25:00)",3,0,2016-09-21,17,5,False
2016-09-21 17:25:00,33,0,1,"[17:25:00,17:45:00)",3,0,2016-09-21,17,25,False
2016-09-21 17:45:00,17,0,1,"[17:45:00,18:05:00)",3,0,2016-09-21,17,45,False
2016-09-21 18:05:00,26,0,1,"[18:05:00,18:25:00)",3,0,2016-09-21,18,5,False
2016-09-21 18:25:00,15,0,1,"[18:25:00,18:45:00)",3,0,2016-09-21,18,25,False
2016-09-21 18:45:00,24,0,1,"[18:45:00,19:05:00)",3,0,2016-09-21,18,45,False
2016-09-21 19:05:00,18,0,1,"[19:05:00,19:25:00)",3,0,2016-09-21,19,5,False
2016-09-21 19:25:00,24,0,1,"[19:25:00,19:45:00)",3,0,2016-09-21,19,25,False
2016-09-21 19:45:00,20,0,1,"[19:45:00,20:05:00)",3,0,2016-09-21,19,45,False
2016-09-21 20:05:00,22,0,1,"[20:05:00,20:25:00)",3,0,2016-09-21,20,5,False
2016-09-21 20:25:00,16,0,1,"[20:25:00,20:45:00)",3,0,2016-09-21,20,25,False
2016-09-21 20:45:00,28,0,1,"[20:45:00,21:05:00)",3,0,2016-09-21,20,45,False
2016-09-21 21:05:00,12,0,1,"[21:05:00,21:25:00)",3,0,2016-09-21,21,5,False
2016-09-21 21:25:00,19,0,1,"[21:25:00,21:45:00)",3,0,2016-09-21,21,25,False
2016-09-21 21:45:00,10,0,1,"[21:45:00,22:05:00)",3,0,2016-09-21,21,45,False
2016-09-21 22:05:00,10,0,1,"[22:05:00,22:25:00)",3,0,2016-09-21,22,5,False
2016-09-21 22:25:00,8,0,1,"[22:25:00,22:45:00)",3,0,2016-09-21,22,25,False
2016-09-21 22:45:00,7,0,1,"[22:45:00,23:05:00)",3,0,2016-09-21,22,45,False
2016-09-21 23:05:00,20,0,1,"[23:05:00,23:25:00)",3,0,2016-09-21,23,5,False
2016-09-21 23:25:00,16,0,1,"[23:25:00,23:45:00)",3,0,2016-09-21,23,25,False
2016-09-21 23:45:00,13,0,1,"[23:45:00,00:00:00)",3,0,2016-09-21,23,45,False
2016-09-22 00:05:00,17,0,1,"[00:05:00,00:25:00)",4,0,2016-09-22,0,5,False
2016-09-22 00:25:00,7,0,1,"[00:25:00,00:45:00)",4,0,2016-09-22,0,25,False
2016-09-22 00:45:00,13,0,1,"[00:45:00,01:05:00)",4,0,2016-09-22,0,45,False
2016-09-22 01:05:00,6,0,1,"[01:05:00,01:25:00)",4,0,2016-09-22,1,5,False
2016-09-22 01:25:00,9,0,1,"[01:25:00,01:45:00)",4,0,2016-09-22,1,25,False
2016-09-22 01:45:00,11,0,1,"[01:45:00,02:05:00)",4,0,2016-09-22,1,45,False
2016-09-22 02:05:00,6,0,1,"[02:05:00,02:25:00)",4,0,2016-09-22,2,5,False
2016-09-22 02:25:00,7,0,1,"[02:25:00,02:45:00)",4,0,2016-09-22,2,25,False
2016-09-22 02:45:00,9,0,1,"[02:45:00,03:05:00)",4,0,2016-09-22,2,45,False
2016-09-22 03:05:00,8,0,1,"[03:05:00,03:25:00)",4,0,2016-09-22,3,5,False
2016-09-22 03:25:00,9,0,1,"[03:25:00,03:45:00)",4,0,2016-09-22,3,25,False
2016-09-22 03:45:00,4,0,1,"[03:45:00,04:05:00)",4,0,2016-09-22,3,45,False
2016-09-22 04:05:00,8,0,1,"[04:05:00,04:25:00)",4,0,2016-09-22,4,5,False
2016-09-22 04:25:00,9,0,1,"[04:25:00,04:45:00)",4,0,2016-09-22,4,25,False
2016-09-22 04:45:00,8,0,1,"[04:45:00,05:05:00)",4,0,2016-09-22,4,45,False
2016-09-22 05:05:00,4,0,1,"[05:05:00,05:25:00)",4,0,2016-09-22,5,5,False
2016-09-22 05:25:00,2,0,1,"[05:25:00,05:45:00)",4,0,2016-09-22,5,25,False
2016-09-22 05:45:00,3,0,1,"[05:45:00,06:05:00)",4,0,2016-09-22,5,45,False
2016-09-22 06:05:00,8,0,1,"[06:05:00,06:25:00)",4,0,2016-09-22,6,5,False
2016-09-22 06:25:00,11,0,1,"[06:25:00,06:45:00)",4,0,2016-09-22,6,25,False
2016-09-22 06:45:00,40,0,1,"[06:45:00,07:05:00)",4,0,2016-09-22,6,45,False
2016-09-22 07:05:00,26,0,1,"[07:05:00,07:25:00)",4,0,2016-09-22,7,5,False
2016-09-22 07:25:00,45,0,1,"[07:25:00,07:45:00)",4,0,2016-09-22,7,25,False
2016-09-22 07:45:00,36,0,1,"[07:45:00,08:05:00)",4,0,2016-09-22,7,45,False
2016-09-22 08:05:00,51,0,1,"[08:05:00,08:25:00)",4,0,2016-09-22,8,5,False
2016-09-22 08:25:00,58,0,1,"[08:25:00,08:45:00)",4,0,2016-09-22,8,25,False
2016-09-22 08:45:00,46,0,1,"[08:45:00,09:05:00)",4,0,2016-09-22,8,45,False
2016-09-22 09:05:00,46,0,1,"[09:05:00,09:25:00)",4,0,2016-09-22,9,5,False
2016-09-22 09:25:00,50,0,1,"[09:25:00,09:45:00)",4,0,2016-09-22,9,25,False
2016-09-22 09:45:00,63,0,1,"[09:45:00,10:05:00)",4,0,2016-09-22,9,45,False
2016-09-22 10:05:00,50,0,1,"[10:05:00,10:25:00)",4,0,2016-09-22,10,5,False
2016-09-22 10:25:00,46,0,1,"[10:25:00,10:45:00)",4,0,2016-09-22,10,25,False
2016-09-22 10:45:00,37,0,1,"[10:45:00,11:05:00)",4,0,2016-09-22,10,45,False
2016-09-22 11:05:00,26,0,1,"[11:05:00,11:25:00)",4,0,2016-09-22,11,5,False
2016-09-22 11:25:00,43,0,1,"[11:25:00,11:45:00)",4,0,2016-09-22,11,25,False
2016-09-22 11:45:00,44,0,1,"[11:45:00,12:05:00)",4,0,2016-09-22,11,45,False
2016-09-22 12:05:00,36,0,1,"[12:05:00,12:25:00)",4,0,2016-09-22,12,5,False
2016-09-22 12:25:00,41,0,1,"[12:25:00,12:45:00)",4,0,2016-09-22,12,25,False
2016-09-22 12:45:00,40,0,1,"[12:45:00,13:05:00)",4,0,2016-09-22,12,45,False
2016-09-22 13:05:00,56,0,1,"[13:05:00,13:25:00)",4,0,2016-09-22,13,5,False
2016-09-22 13:25:00,56,0,1,"[13:25:00,13:45:00)",4,0,2016-09-22,13,25,False
2016-09-22 13:45:00,47,0,1,"[13:45:00,14:05:00)",4,0,2016-09-22,13,45,False
2016-09-22 14:05:00,58,0,1,"[14:05:00,14:25:00)",4,0,2016-09-22,14,5,False
2016-09-22 14:25:00,31,0,1,"[14:25:00,14:45:00)",4,0,2016-09-22,14,25,False
2016-09-22 14:45:00,41,0,1,"[14:45:00,15:05:00)",4,0,2016-09-22,14,45,False
2016-09-22 15:05:00,54,0,1,"[15:05:00,15:25:00)",4,0,2016-09-22,15,5,False
2016-09-22 15:25:00,57,0,1,"[15:25:00,15:45:00)",4,0,2016-09-22,15,25,False
2016-09-22 15:45:00,59,0,1,"[15:45:00,16:05:00)",4,0,2016-09-22,15,45,False
2016-09-22 16:05:00,52,0,1,"[16:05:00,16:25:00)",4,0,2016-09-22,16,5,False
2016-09-22 16:25:00,48,0,1,"[16:25:00,16:45:00)",4,0,2016-09-22,16,25,False
2016-09-22 16:45:00,44,0,1,"[16:45:00,17:05:00)",4,0,2016-09-22,16,45,False
2016-09-22 17:05:00,25,0,1,"[17:05:00,17:25:00)",4,0,2016-09-22,17,5,False
2016-09-22 17:25:00,37,0,1,"[17:25:00,17:45:00)",4,0,2016-09-22,17,25,False
2016-09-22 17:45:00,31,0,1,"[17:45:00,18:05:00)",4,0,2016-09-22,17,45,False
2016-09-22 18:05:00,26,0,1,"[18:05:00,18:25:00)",4,0,2016-09-22,18,5,False
2016-09-22 18:25:00,23,0,1,"[18:25:00,18:45:00)",4,0,2016-09-22,18,25,False
2016-09-22 18:45:00,28,0,1,"[18:45:00,19:05:00)",4,0,2016-09-22,18,45,False
2016-09-22 19:05:00,21,0,1,"[19:05:00,19:25:00)",4,0,2016-09-22,19,5,False
2016-09-22 19:25:00,30,0,1,"[19:25:00,19:45:00)",4,0,2016-09-22,19,25,False
2016-09-22 19:45:00,23,0,1,"[19:45:00,20:05:00)",4,0,2016-09-22,19,45,False
2016-09-22 20:05:00,23,0,1,"[20:05:00,20:25:00)",4,0,2016-09-22,20,5,False
2016-09-22 20:25:00,19,0,1,"[20:25:00,20:45:00)",4,0,2016-09-22,20,25,False
2016-09-22 20:45:00,17,0,1,"[20:45:00,21:05:00)",4,0,2016-09-22,20,45,False
2016-09-22 21:05:00,17,0,1,"[21:05:00,21:25:00)",4,0,2016-09-22,21,5,False
2016-09-22 21:25:00,20,0,1,"[21:25:00,21:45:00)",4,0,2016-09-22,21,25,False
2016-09-22 21:45:00,16,0,1,"[21:45:00,22:05:00)",4,0,2016-09-22,21,45,False
2016-09-22 22:05:00,10,0,1,"[22:05:00,22:25:00)",4,0,2016-09-22,22,5,False
2016-09-22 22:25:00,7,0,1,"[22:25:00,22:45:00)",4,0,2016-09-22,22,25,False
2016-09-22 22:45:00,6,0,1,"[22:45:00,23:05:00)",4,0,2016-09-22,22,45,False
2016-09-22 23:05:00,2,0,1,"[23:05:00,23:25:00)",4,0,2016-09-22,23,5,False
2016-09-22 23:25:00,6,0,1,"[23:25:00,23:45:00)",4,0,2016-09-22,23,25,False
2016-09-22 23:45:00,5,0,1,"[23:45:00,00:00:00)",4,0,2016-09-22,23,45,False
2016-09-23 00:05:00,12,0,1,"[00:05:00,00:25:00)",5,0,2016-09-23,0,5,False
2016-09-23 00:25:00,11,0,1,"[00:25:00,00:45:00)",5,0,2016-09-23,0,25,False
2016-09-23 00:45:00,7,0,1,"[00:45:00,01:05:00)",5,0,2016-09-23,0,45,False
2016-09-23 01:05:00,7,0,1,"[01:05:00,01:25:00)",5,0,2016-09-23,1,5,False
2016-09-23 01:25:00,6,0,1,"[01:25:00,01:45:00)",5,0,2016-09-23,1,25,False
2016-09-23 01:45:00,7,0,1,"[01:45:00,02:05:00)",5,0,2016-09-23,1,45,False
2016-09-23 02:05:00,4,0,1,"[02:05:00,02:25:00)",5,0,2016-09-23,2,5,False
2016-09-23 02:25:00,6,0,1,"[02:25:00,02:45:00)",5,0,2016-09-23,2,25,False
2016-09-23 02:45:00,9,0,1,"[02:45:00,03:05:00)",5,0,2016-09-23,2,45,False
2016-09-23 03:05:00,9,0,1,"[03:05:00,03:25:00)",5,0,2016-09-23,3,5,False
2016-09-23 03:25:00,12,0,1,"[03:25:00,03:45:00)",5,0,2016-09-23,3,25,False
2016-09-23 03:45:00,10,0,1,"[03:45:00,04:05:00)",5,0,2016-09-23,3,45,False
2016-09-23 04:05:00,8,0,1,"[04:05:00,04:25:00)",5,0,2016-09-23,4,5,False
2016-09-23 04:25:00,12,0,1,"[04:25:00,04:45:00)",5,0,2016-09-23,4,25,False
2016-09-23 04:45:00,15,0,1,"[04:45:00,05:05:00)",5,0,2016-09-23,4,45,False
2016-09-23 05:05:00,4,0,1,"[05:05:00,05:25:00)",5,0,2016-09-23,5,5,False
2016-09-23 05:25:00,3,0,1,"[05:25:00,05:45:00)",5,0,2016-09-23,5,25,False
2016-09-23 05:45:00,8,0,1,"[05:45:00,06:05:00)",5,0,2016-09-23,5,45,False
2016-09-23 06:05:00,14,0,1,"[06:05:00,06:25:00)",5,0,2016-09-23,6,5,False
2016-09-23 06:25:00,18,0,1,"[06:25:00,06:45:00)",5,0,2016-09-23,6,25,False
2016-09-23 06:45:00,35,0,1,"[06:45:00,07:05:00)",5,0,2016-09-23,6,45,False
2016-09-23 07:05:00,31,0,1,"[07:05:00,07:25:00)",5,0,2016-09-23,7,5,False
2016-09-23 07:25:00,40,0,1,"[07:25:00,07:45:00)",5,0,2016-09-23,7,25,False
2016-09-23 07:45:00,44,0,1,"[07:45:00,08:05:00)",5,0,2016-09-23,7,45,False
2016-09-23 08:05:00,63,0,1,"[08:05:00,08:25:00)",5,0,2016-09-23,8,5,False
2016-09-23 08:25:00,55,0,1,"[08:25:00,08:45:00)",5,0,2016-09-23,8,25,False
2016-09-23 08:45:00,51,0,1,"[08:45:00,09:05:00)",5,0,2016-09-23,8,45,False
2016-09-23 09:05:00,43,0,1,"[09:05:00,09:25:00)",5,0,2016-09-23,9,5,False
2016-09-23 09:25:00,49,0,1,"[09:25:00,09:45:00)",5,0,2016-09-23,9,25,False
2016-09-23 09:45:00,51,0,1,"[09:45:00,10:05:00)",5,0,2016-09-23,9,45,False
2016-09-23 10:05:00,55,0,1,"[10:05:00,10:25:00)",5,0,2016-09-23,10,5,False
2016-09-23 10:25:00,47,0,1,"[10:25:00,10:45:00)",5,0,2016-09-23,10,25,False
2016-09-23 10:45:00,58,0,1,"[10:45:00,11:05:00)",5,0,2016-09-23,10,45,False
2016-09-23 11:05:00,54,0,1,"[11:05:00,11:25:00)",5,0,2016-09-23,11,5,False
2016-09-23 11:25:00,44,0,1,"[11:25:00,11:45:00)",5,0,2016-09-23,11,25,False
2016-09-23 11:45:00,44,0,1,"[11:45:00,12:05:00)",5,0,2016-09-23,11,45,False
2016-09-23 12:05:00,58,0,1,"[12:05:00,12:25:00)",5,0,2016-09-23,12,5,False
2016-09-23 12:25:00,48,0,1,"[12:25:00,12:45:00)",5,0,2016-09-23,12,25,False
2016-09-23 12:45:00,62,0,1,"[12:45:00,13:05:00)",5,0,2016-09-23,12,45,False
2016-09-23 13:05:00,65,0,1,"[13:05:00,13:25:00)",5,0,2016-09-23,13,5,False
2016-09-23 13:25:00,57,0,1,"[13:25:00,13:45:00)",5,0,2016-09-23,13,25,False
2016-09-23 13:45:00,49,0,1,"[13:45:00,14:05:00)",5,0,2016-09-23,13,45,False
2016-09-23 14:05:00,60,0,1,"[14:05:00,14:25:00)",5,0,2016-09-23,14,5,False
2016-09-23 14:25:00,52,0,1,"[14:25:00,14:45:00)",5,0,2016-09-23,14,25,False
2016-09-23 14:45:00,59,0,1,"[14:45:00,15:05:00)",5,0,2016-09-23,14,45,False
2016-09-23 15:05:00,47,0,1,"[15:05:00,15:25:00)",5,0,2016-09-23,15,5,False
2016-09-23 15:25:00,72,0,1,"[15:25:00,15:45:00)",5,0,2016-09-23,15,25,False
2016-09-23 15:45:00,74,0,1,"[15:45:00,16:05:00)",5,0,2016-09-23,15,45,False
2016-09-23 16:05:00,78,0,1,"[16:05:00,16:25:00)",5,0,2016-09-23,16,5,False
2016-09-23 16:25:00,82,0,1,"[16:25:00,16:45:00)",5,0,2016-09-23,16,25,False
2016-09-23 16:45:00,38,0,1,"[16:45:00,17:05:00)",5,0,2016-09-23,16,45,False
2016-09-23 17:05:00,44,0,1,"[17:05:00,17:25:00)",5,0,2016-09-23,17,5,False
2016-09-23 17:25:00,40,0,1,"[17:25:00,17:45:00)",5,0,2016-09-23,17,25,False
2016-09-23 17:45:00,48,0,1,"[17:45:00,18:05:00)",5,0,2016-09-23,17,45,False
2016-09-23 18:05:00,39,0,1,"[18:05:00,18:25:00)",5,0,2016-09-23,18,5,False
2016-09-23 18:25:00,38,0,1,"[18:25:00,18:45:00)",5,0,2016-09-23,18,25,False
2016-09-23 18:45:00,33,0,1,"[18:45:00,19:05:00)",5,0,2016-09-23,18,45,False
2016-09-23 19:05:00,31,0,1,"[19:05:00,19:25:00)",5,0,2016-09-23,19,5,False
2016-09-23 19:25:00,27,0,1,"[19:25:00,19:45:00)",5,0,2016-09-23,19,25,False
2016-09-23 19:45:00,31,0,1,"[19:45:00,20:05:00)",5,0,2016-09-23,19,45,False
2016-09-23 20:05:00,23,0,1,"[20:05:00,20:25:00)",5,0,2016-09-23,20,5,False
2016-09-23 20:25:00,22,0,1,"[20:25:00,20:45:00)",5,0,2016-09-23,20,25,False
2016-09-23 20:45:00,28,0,1,"[20:45:00,21:05:00)",5,0,2016-09-23,20,45,False
2016-09-23 21:05:00,18,0,1,"[21:05:00,21:25:00)",5,0,2016-09-23,21,5,False
2016-09-23 21:25:00,24,0,1,"[21:25:00,21:45:00)",5,0,2016-09-23,21,25,False
2016-09-23 21:45:00,21,0,1,"[21:45:00,22:05:00)",5,0,2016-09-23,21,45,False
2016-09-23 22:05:00,18,0,1,"[22:05:00,22:25:00)",5,0,2016-09-23,22,5,False
2016-09-23 22:25:00,8,0,1,"[22:25:00,22:45:00)",5,0,2016-09-23,22,25,False
2016-09-23 22:45:00,12,0,1,"[22:45:00,23:05:00)",5,0,2016-09-23,22,45,False
2016-09-23 23:05:00,4,0,1,"[23:05:00,23:25:00)",5,0,2016-09-23,23,5,False
2016-09-23 23:25:00,2,0,1,"[23:25:00,23:45:00)",5,0,2016-09-23,23,25,False
2016-09-23 23:45:00,6,0,1,"[23:45:00,00:00:00)",5,0,2016-09-23,23,45,False
2016-09-24 00:05:00,10,0,1,"[00:05:00,00:25:00)",6,1,2016-09-24,0,5,False
2016-09-24 00:25:00,11,0,1,"[00:25:00,00:45:00)",6,1,2016-09-24,0,25,False
2016-09-24 00:45:00,6,0,1,"[00:45:00,01:05:00)",6,1,2016-09-24,0,45,False
2016-09-24 01:05:00,12,0,1,"[01:05:00,01:25:00)",6,1,2016-09-24,1,5,False
2016-09-24 01:25:00,8,0,1,"[01:25:00,01:45:00)",6,1,2016-09-24,1,25,False
2016-09-24 01:45:00,11,0,1,"[01:45:00,02:05:00)",6,1,2016-09-24,1,45,False
2016-09-24 02:05:00,7,0,1,"[02:05:00,02:25:00)",6,1,2016-09-24,2,5,False
2016-09-24 02:25:00,6,0,1,"[02:25:00,02:45:00)",6,1,2016-09-24,2,25,False
2016-09-24 02:45:00,10,0,1,"[02:45:00,03:05:00)",6,1,2016-09-24,2,45,False
2016-09-24 03:05:00,11,0,1,"[03:05:00,03:25:00)",6,1,2016-09-24,3,5,False
2016-09-24 03:25:00,8,0,1,"[03:25:00,03:45:00)",6,1,2016-09-24,3,25,False
2016-09-24 03:45:00,13,0,1,"[03:45:00,04:05:00)",6,1,2016-09-24,3,45,False
2016-09-24 04:05:00,7,0,1,"[04:05:00,04:25:00)",6,1,2016-09-24,4,5,False
2016-09-24 04:25:00,11,0,1,"[04:25:00,04:45:00)",6,1,2016-09-24,4,25,False
2016-09-24 04:45:00,19,0,1,"[04:45:00,05:05:00)",6,1,2016-09-24,4,45,False
2016-09-24 05:05:00,4,0,1,"[05:05:00,05:25:00)",6,1,2016-09-24,5,5,False
2016-09-24 05:25:00,5,0,1,"[05:25:00,05:45:00)",6,1,2016-09-24,5,25,False
2016-09-24 05:45:00,9,0,1,"[05:45:00,06:05:00)",6,1,2016-09-24,5,45,False
2016-09-24 06:05:00,12,0,1,"[06:05:00,06:25:00)",6,1,2016-09-24,6,5,False
2016-09-24 06:25:00,19,0,1,"[06:25:00,06:45:00)",6,1,2016-09-24,6,25,False
2016-09-24 06:45:00,26,0,1,"[06:45:00,07:05:00)",6,1,2016-09-24,6,45,False
2016-09-24 07:05:00,31,0,1,"[07:05:00,07:25:00)",6,1,2016-09-24,7,5,False
2016-09-24 07:25:00,30,0,1,"[07:25:00,07:45:00)",6,1,2016-09-24,7,25,False
2016-09-24 07:45:00,35,0,1,"[07:45:00,08:05:00)",6,1,2016-09-24,7,45,False
2016-09-24 08:05:00,51,0,1,"[08:05:00,08:25:00)",6,1,2016-09-24,8,5,False
2016-09-24 08:25:00,67,0,1,"[08:25:00,08:45:00)",6,1,2016-09-24,8,25,False
2016-09-24 08:45:00,71,0,1,"[08:45:00,09:05:00)",6,1,2016-09-24,8,45,False
2016-09-24 09:05:00,46,0,1,"[09:05:00,09:25:00)",6,1,2016-09-24,9,5,False
2016-09-24 09:25:00,67,0,1,"[09:25:00,09:45:00)",6,1,2016-09-24,9,25,False
2016-09-24 09:45:00,67,0,1,"[09:45:00,10:05:00)",6,1,2016-09-24,9,45,False
2016-09-24 10:05:00,58,0,1,"[10:05:00,10:25:00)",6,1,2016-09-24,10,5,False
2016-09-24 10:25:00,76,0,1,"[10:25:00,10:45:00)",6,1,2016-09-24,10,25,False
2016-09-24 10:45:00,47,0,1,"[10:45:00,11:05:00)",6,1,2016-09-24,10,45,False
2016-09-24 11:05:00,49,0,1,"[11:05:00,11:25:00)",6,1,2016-09-24,11,5,False
2016-09-24 11:25:00,60,0,1,"[11:25:00,11:45:00)",6,1,2016-09-24,11,25,False
2016-09-24 11:45:00,47,0,1,"[11:45:00,12:05:00)",6,1,2016-09-24,11,45,False
2016-09-24 12:05:00,44,0,1,"[12:05:00,12:25:00)",6,1,2016-09-24,12,5,False
2016-09-24 12:25:00,39,0,1,"[12:25:00,12:45:00)",6,1,2016-09-24,12,25,False
2016-09-24 12:45:00,50,0,1,"[12:45:00,13:05:00)",6,1,2016-09-24,12,45,False
2016-09-24 13:05:00,45,0,1,"[13:05:00,13:25:00)",6,1,2016-09-24,13,5,False
2016-09-24 13:25:00,47,0,1,"[13:25:00,13:45:00)",6,1,2016-09-24,13,25,False
2016-09-24 13:45:00,57,0,1,"[13:45:00,14:05:00)",6,1,2016-09-24,13,45,False
2016-09-24 14:05:00,64,0,1,"[14:05:00,14:25:00)",6,1,2016-09-24,14,5,False
2016-09-24 14:25:00,57,0,1,"[14:25:00,14:45:00)",6,1,2016-09-24,14,25,False
2016-09-24 14:45:00,72,0,1,"[14:45:00,15:05:00)",6,1,2016-09-24,14,45,False
2016-09-24 15:05:00,57,0,1,"[15:05:00,15:25:00)",6,1,2016-09-24,15,5,False
2016-09-24 15:25:00,59,0,1,"[15:25:00,15:45:00)",6,1,2016-09-24,15,25,False
2016-09-24 15:45:00,73,0,1,"[15:45:00,16:05:00)",6,1,2016-09-24,15,45,False
2016-09-24 16:05:00,82,0,1,"[16:05:00,16:25:00)",6,1,2016-09-24,16,5,False
2016-09-24 16:25:00,63,0,1,"[16:25:00,16:45:00)",6,1,2016-09-24,16,25,False
2016-09-24 16:45:00,42,0,1,"[16:45:00,17:05:00)",6,1,2016-09-24,16,45,False
2016-09-24 17:05:00,78,0,1,"[17:05:00,17:25:00)",6,1,2016-09-24,17,5,False
2016-09-24 17:25:00,39,0,1,"[17:25:00,17:45:00)",6,1,2016-09-24,17,25,False
2016-09-24 17:45:00,37,0,1,"[17:45:00,18:05:00)",6,1,2016-09-24,17,45,False
2016-09-24 18:05:00,37,0,1,"[18:05:00,18:25:00)",6,1,2016-09-24,18,5,False
2016-09-24 18:25:00,40,0,1,"[18:25:00,18:45:00)",6,1,2016-09-24,18,25,False
2016-09-24 18:45:00,49,0,1,"[18:45:00,19:05:00)",6,1,2016-09-24,18,45,False
2016-09-24 19:05:00,33,0,1,"[19:05:00,19:25:00)",6,1,2016-09-24,19,5,False
2016-09-24 19:25:00,47,0,1,"[19:25:00,19:45:00)",6,1,2016-09-24,19,25,False
2016-09-24 19:45:00,20,0,1,"[19:45:00,20:05:00)",6,1,2016-09-24,19,45,False
2016-09-24 20:05:00,23,0,1,"[20:05:00,20:25:00)",6,1,2016-09-24,20,5,False
2016-09-24 20:25:00,27,0,1,"[20:25:00,20:45:00)",6,1,2016-09-24,20,25,False
2016-09-24 20:45:00,34,0,1,"[20:45:00,21:05:00)",6,1,2016-09-24,20,45,False
2016-09-24 21:05:00,15,0,1,"[21:05:00,21:25:00)",6,1,2016-09-24,21,5,False
2016-09-24 21:25:00,23,0,1,"[21:25:00,21:45:00)",6,1,2016-09-24,21,25,False
2016-09-24 21:45:00,20,0,1,"[21:45:00,22:05:00)",6,1,2016-09-24,21,45,False
2016-09-24 22:05:00,13,0,1,"[22:05:00,22:25:00)",6,1,2016-09-24,22,5,False
2016-09-24 22:25:00,14,0,1,"[22:25:00,22:45:00)",6,1,2016-09-24,22,25,False
2016-09-24 22:45:00,14,0,1,"[22:45:00,23:05:00)",6,1,2016-09-24,22,45,False
2016-09-24 23:05:00,8,0,1,"[23:05:00,23:25:00)",6,1,2016-09-24,23,5,False
2016-09-24 23:25:00,5,0,1,"[23:25:00,23:45:00)",6,1,2016-09-24,23,25,False
2016-09-24 23:45:00,6,0,1,"[23:45:00,00:00:00)",6,1,2016-09-24,23,45,False
2016-09-25 00:05:00,15,0,1,"[00:05:00,00:25:00)",7,1,2016-09-25,0,5,False
2016-09-25 00:25:00,7,0,1,"[00:25:00,00:45:00)",7,1,2016-09-25,0,25,False
2016-09-25 00:45:00,8,0,1,"[00:45:00,01:05:00)",7,1,2016-09-25,0,45,False
2016-09-25 01:05:00,6,0,1,"[01:05:00,01:25:00)",7,1,2016-09-25,1,5,False
2016-09-25 01:25:00,6,0,1,"[01:25:00,01:45:00)",7,1,2016-09-25,1,25,False
2016-09-25 01:45:00,1,0,1,"[01:45:00,02:05:00)",7,1,2016-09-25,1,45,False
2016-09-25 02:05:00,7,0,1,"[02:05:00,02:25:00)",7,1,2016-09-25,2,5,False
2016-09-25 02:25:00,12,0,1,"[02:25:00,02:45:00)",7,1,2016-09-25,2,25,False
2016-09-25 02:45:00,4,0,1,"[02:45:00,03:05:00)",7,1,2016-09-25,2,45,False
2016-09-25 03:05:00,7,0,1,"[03:05:00,03:25:00)",7,1,2016-09-25,3,5,False
2016-09-25 03:25:00,7,0,1,"[03:25:00,03:45:00)",7,1,2016-09-25,3,25,False
2016-09-25 03:45:00,8,0,1,"[03:45:00,04:05:00)",7,1,2016-09-25,3,45,False
2016-09-25 04:05:00,8,0,1,"[04:05:00,04:25:00)",7,1,2016-09-25,4,5,False
2016-09-25 04:25:00,10,0,1,"[04:25:00,04:45:00)",7,1,2016-09-25,4,25,False
2016-09-25 04:45:00,15,0,1,"[04:45:00,05:05:00)",7,1,2016-09-25,4,45,False
2016-09-25 05:05:00,3,0,1,"[05:05:00,05:25:00)",7,1,2016-09-25,5,5,False
2016-09-25 05:25:00,8,0,1,"[05:25:00,05:45:00)",7,1,2016-09-25,5,25,False
2016-09-25 05:45:00,7,0,1,"[05:45:00,06:05:00)",7,1,2016-09-25,5,45,False
2016-09-25 06:05:00,11,0,1,"[06:05:00,06:25:00)",7,1,2016-09-25,6,5,False
2016-09-25 06:25:00,13,0,1,"[06:25:00,06:45:00)",7,1,2016-09-25,6,25,False
2016-09-25 06:45:00,27,0,1,"[06:45:00,07:05:00)",7,1,2016-09-25,6,45,False
2016-09-25 07:05:00,20,0,1,"[07:05:00,07:25:00)",7,1,2016-09-25,7,5,False
2016-09-25 07:25:00,25,0,1,"[07:25:00,07:45:00)",7,1,2016-09-25,7,25,False
2016-09-25 07:45:00,36,0,1,"[07:45:00,08:05:00)",7,1,2016-09-25,7,45,False
2016-09-25 08:05:00,30,0,1,"[08:05:00,08:25:00)",7,1,2016-09-25,8,5,False
2016-09-25 08:25:00,49,0,1,"[08:25:00,08:45:00)",7,1,2016-09-25,8,25,False
2016-09-25 08:45:00,45,0,1,"[08:45:00,09:05:00)",7,1,2016-09-25,8,45,False
2016-09-25 09:05:00,43,0,1,"[09:05:00,09:25:00)",7,1,2016-09-25,9,5,False
2016-09-25 09:25:00,37,0,1,"[09:25:00,09:45:00)",7,1,2016-09-25,9,25,False
2016-09-25 09:45:00,51,0,1,"[09:45:00,10:05:00)",7,1,2016-09-25,9,45,False
2016-09-25 10:05:00,51,0,1,"[10:05:00,10:25:00)",7,1,2016-09-25,10,5,False
2016-09-25 10:25:00,46,0,1,"[10:25:00,10:45:00)",7,1,2016-09-25,10,25,False
2016-09-25 10:45:00,62,0,1,"[10:45:00,11:05:00)",7,1,2016-09-25,10,45,False
2016-09-25 11:05:00,51,0,1,"[11:05:00,11:25:00)",7,1,2016-09-25,11,5,False
2016-09-25 11:25:00,52,0,1,"[11:25:00,11:45:00)",7,1,2016-09-25,11,25,False
2016-09-25 11:45:00,34,0,1,"[11:45:00,12:05:00)",7,1,2016-09-25,11,45,False
2016-09-25 12:05:00,48,0,1,"[12:05:00,12:25:00)",7,1,2016-09-25,12,5,False
2016-09-25 12:25:00,50,0,1,"[12:25:00,12:45:00)",7,1,2016-09-25,12,25,False
2016-09-25 12:45:00,53,0,1,"[12:45:00,13:05:00)",7,1,2016-09-25,12,45,False
2016-09-25 13:05:00,58,0,1,"[13:05:00,13:25:00)",7,1,2016-09-25,13,5,False
2016-09-25 13:25:00,61,0,1,"[13:25:00,13:45:00)",7,1,2016-09-25,13,25,False
2016-09-25 13:45:00,57,0,1,"[13:45:00,14:05:00)",7,1,2016-09-25,13,45,False
2016-09-25 14:05:00,72,0,1,"[14:05:00,14:25:00)",7,1,2016-09-25,14,5,False
2016-09-25 14:25:00,63,0,1,"[14:25:00,14:45:00)",7,1,2016-09-25,14,25,False
2016-09-25 14:45:00,76,0,1,"[14:45:00,15:05:00)",7,1,2016-09-25,14,45,False
2016-09-25 15:05:00,68,0,1,"[15:05:00,15:25:00)",7,1,2016-09-25,15,5,False
2016-09-25 15:25:00,68,0,1,"[15:25:00,15:45:00)",7,1,2016-09-25,15,25,False
2016-09-25 15:45:00,55,0,1,"[15:45:00,16:05:00)",7,1,2016-09-25,15,45,False
2016-09-25 16:05:00,60,0,1,"[16:05:00,16:25:00)",7,1,2016-09-25,16,5,False
2016-09-25 16:25:00,63,0,1,"[16:25:00,16:45:00)",7,1,2016-09-25,16,25,False
2016-09-25 16:45:00,68,0,1,"[16:45:00,17:05:00)",7,1,2016-09-25,16,45,False
2016-09-25 17:05:00,64,0,1,"[17:05:00,17:25:00)",7,1,2016-09-25,17,5,False
2016-09-25 17:25:00,48,0,1,"[17:25:00,17:45:00)",7,1,2016-09-25,17,25,False
2016-09-25 17:45:00,46,0,1,"[17:45:00,18:05:00)",7,1,2016-09-25,17,45,False
2016-09-25 18:05:00,52,0,1,"[18:05:00,18:25:00)",7,1,2016-09-25,18,5,False
2016-09-25 18:25:00,40,0,1,"[18:25:00,18:45:00)",7,1,2016-09-25,18,25,False
2016-09-25 18:45:00,30,0,1,"[18:45:00,19:05:00)",7,1,2016-09-25,18,45,False
2016-09-25 19:05:00,31,0,1,"[19:05:00,19:25:00)",7,1,2016-09-25,19,5,False
2016-09-25 19:25:00,44,0,1,"[19:25:00,19:45:00)",7,1,2016-09-25,19,25,False
2016-09-25 19:45:00,27,0,1,"[19:45:00,20:05:00)",7,1,2016-09-25,19,45,False
2016-09-25 20:05:00,37,0,1,"[20:05:00,20:25:00)",7,1,2016-09-25,20,5,False
2016-09-25 20:25:00,26,0,1,"[20:25:00,20:45:00)",7,1,2016-09-25,20,25,False
2016-09-25 20:45:00,24,0,1,"[20:45:00,21:05:00)",7,1,2016-09-25,20,45,False
2016-09-25 21:05:00,20,0,1,"[21:05:00,21:25:00)",7,1,2016-09-25,21,5,False
2016-09-25 21:25:00,19,0,1,"[21:25:00,21:45:00)",7,1,2016-09-25,21,25,False
2016-09-25 21:45:00,19,0,1,"[21:45:00,22:05:00)",7,1,2016-09-25,21,45,False
2016-09-25 22:05:00,12,0,1,"[22:05:00,22:25:00)",7,1,2016-09-25,22,5,False
2016-09-25 22:25:00,16,0,1,"[22:25:00,22:45:00)",7,1,2016-09-25,22,25,False
2016-09-25 22:45:00,14,0,1,"[22:45:00,23:05:00)",7,1,2016-09-25,22,45,False
2016-09-25 23:05:00,14,0,1,"[23:05:00,23:25:00)",7,1,2016-09-25,23,5,False
2016-09-25 23:25:00,9,0,1,"[23:25:00,23:45:00)",7,1,2016-09-25,23,25,False
2016-09-25 23:45:00,7,0,1,"[23:45:00,00:00:00)",7,1,2016-09-25,23,45,False
2016-09-26 00:05:00,10,0,1,"[00:05:00,00:25:00)",1,0,2016-09-26,0,5,False
2016-09-26 00:25:00,9,0,1,"[00:25:00,00:45:00)",1,0,2016-09-26,0,25,False
2016-09-26 00:45:00,8,0,1,"[00:45:00,01:05:00)",1,0,2016-09-26,0,45,False
2016-09-26 01:05:00,1,0,1,"[01:05:00,01:25:00)",1,0,2016-09-26,1,5,False
2016-09-26 01:25:00,6,0,1,"[01:25:00,01:45:00)",1,0,2016-09-26,1,25,False
2016-09-26 01:45:00,8,0,1,"[01:45:00,02:05:00)",1,0,2016-09-26,1,45,False
2016-09-26 02:05:00,5,0,1,"[02:05:00,02:25:00)",1,0,2016-09-26,2,5,False
2016-09-26 02:25:00,7,0,1,"[02:25:00,02:45:00)",1,0,2016-09-26,2,25,False
2016-09-26 02:45:00,8,0,1,"[02:45:00,03:05:00)",1,0,2016-09-26,2,45,False
2016-09-26 03:05:00,7,0,1,"[03:05:00,03:25:00)",1,0,2016-09-26,3,5,False
2016-09-26 03:25:00,6,0,1,"[03:25:00,03:45:00)",1,0,2016-09-26,3,25,False
2016-09-26 03:45:00,10,0,1,"[03:45:00,04:05:00)",1,0,2016-09-26,3,45,False
2016-09-26 04:05:00,7,0,1,"[04:05:00,04:25:00)",1,0,2016-09-26,4,5,False
2016-09-26 04:25:00,13,0,1,"[04:25:00,04:45:00)",1,0,2016-09-26,4,25,False
2016-09-26 04:45:00,10,0,1,"[04:45:00,05:05:00)",1,0,2016-09-26,4,45,False
2016-09-26 05:05:00,6,0,1,"[05:05:00,05:25:00)",1,0,2016-09-26,5,5,False
2016-09-26 05:25:00,6,0,1,"[05:25:00,05:45:00)",1,0,2016-09-26,5,25,False
2016-09-26 05:45:00,11,0,1,"[05:45:00,06:05:00)",1,0,2016-09-26,5,45,False
2016-09-26 06:05:00,15,0,1,"[06:05:00,06:25:00)",1,0,2016-09-26,6,5,False
2016-09-26 06:25:00,26,0,1,"[06:25:00,06:45:00)",1,0,2016-09-26,6,25,False
2016-09-26 06:45:00,41,0,1,"[06:45:00,07:05:00)",1,0,2016-09-26,6,45,False
2016-09-26 07:05:00,43,0,1,"[07:05:00,07:25:00)",1,0,2016-09-26,7,5,False
2016-09-26 07:25:00,40,0,1,"[07:25:00,07:45:00)",1,0,2016-09-26,7,25,False
2016-09-26 07:45:00,49,0,1,"[07:45:00,08:05:00)",1,0,2016-09-26,7,45,False
2016-09-26 08:05:00,50,0,1,"[08:05:00,08:25:00)",1,0,2016-09-26,8,5,False
2016-09-26 08:25:00,52,0,1,"[08:25:00,08:45:00)",1,0,2016-09-26,8,25,False
2016-09-26 08:45:00,38,0,1,"[08:45:00,09:05:00)",1,0,2016-09-26,8,45,False
2016-09-26 09:05:00,54,0,1,"[09:05:00,09:25:00)",1,0,2016-09-26,9,5,False
2016-09-26 09:25:00,48,0,1,"[09:25:00,09:45:00)",1,0,2016-09-26,9,25,False
2016-09-26 09:45:00,57,0,1,"[09:45:00,10:05:00)",1,0,2016-09-26,9,45,False
2016-09-26 10:05:00,47,0,1,"[10:05:00,10:25:00)",1,0,2016-09-26,10,5,False
2016-09-26 10:25:00,42,0,1,"[10:25:00,10:45:00)",1,0,2016-09-26,10,25,False
2016-09-26 10:45:00,42,0,1,"[10:45:00,11:05:00)",1,0,2016-09-26,10,45,False
2016-09-26 11:05:00,35,0,1,"[11:05:00,11:25:00)",1,0,2016-09-26,11,5,False
2016-09-26 11:25:00,34,0,1,"[11:25:00,11:45:00)",1,0,2016-09-26,11,25,False
2016-09-26 11:45:00,59,0,1,"[11:45:00,12:05:00)",1,0,2016-09-26,11,45,False
2016-09-26 12:05:00,44,0,1,"[12:05:00,12:25:00)",1,0,2016-09-26,12,5,False
2016-09-26 12:25:00,35,0,1,"[12:25:00,12:45:00)",1,0,2016-09-26,12,25,False
2016-09-26 12:45:00,54,0,1,"[12:45:00,13:05:00)",1,0,2016-09-26,12,45,False
2016-09-26 13:05:00,45,0,1,"[13:05:00,13:25:00)",1,0,2016-09-26,13,5,False
2016-09-26 13:25:00,54,0,1,"[13:25:00,13:45:00)",1,0,2016-09-26,13,25,False
2016-09-26 13:45:00,47,0,1,"[13:45:00,14:05:00)",1,0,2016-09-26,13,45,False
2016-09-26 14:05:00,41,0,1,"[14:05:00,14:25:00)",1,0,2016-09-26,14,5,False
2016-09-26 14:25:00,43,0,1,"[14:25:00,14:45:00)",1,0,2016-09-26,14,25,False
2016-09-26 14:45:00,51,0,1,"[14:45:00,15:05:00)",1,0,2016-09-26,14,45,False
2016-09-26 15:05:00,35,0,1,"[15:05:00,15:25:00)",1,0,2016-09-26,15,5,False
2016-09-26 15:25:00,53,0,1,"[15:25:00,15:45:00)",1,0,2016-09-26,15,25,False
2016-09-26 15:45:00,48,0,1,"[15:45:00,16:05:00)",1,0,2016-09-26,15,45,False
2016-09-26 16:05:00,37,0,1,"[16:05:00,16:25:00)",1,0,2016-09-26,16,5,False
2016-09-26 16:25:00,55,0,1,"[16:25:00,16:45:00)",1,0,2016-09-26,16,25,False
2016-09-26 16:45:00,50,0,1,"[16:45:00,17:05:00)",1,0,2016-09-26,16,45,False
2016-09-26 17:05:00,43,0,1,"[17:05:00,17:25:00)",1,0,2016-09-26,17,5,False
2016-09-26 17:25:00,38,0,1,"[17:25:00,17:45:00)",1,0,2016-09-26,17,25,False
2016-09-26 17:45:00,42,0,1,"[17:45:00,18:05:00)",1,0,2016-09-26,17,45,False
2016-09-26 18:05:00,21,0,1,"[18:05:00,18:25:00)",1,0,2016-09-26,18,5,False
2016-09-26 18:25:00,22,0,1,"[18:25:00,18:45:00)",1,0,2016-09-26,18,25,False
2016-09-26 18:45:00,32,0,1,"[18:45:00,19:05:00)",1,0,2016-09-26,18,45,False
2016-09-26 19:05:00,25,0,1,"[19:05:00,19:25:00)",1,0,2016-09-26,19,5,False
2016-09-26 19:25:00,17,0,1,"[19:25:00,19:45:00)",1,0,2016-09-26,19,25,False
2016-09-26 19:45:00,24,0,1,"[19:45:00,20:05:00)",1,0,2016-09-26,19,45,False
2016-09-26 20:05:00,16,0,1,"[20:05:00,20:25:00)",1,0,2016-09-26,20,5,False
2016-09-26 20:25:00,27,0,1,"[20:25:00,20:45:00)",1,0,2016-09-26,20,25,False
2016-09-26 20:45:00,15,0,1,"[20:45:00,21:05:00)",1,0,2016-09-26,20,45,False
2016-09-26 21:05:00,15,0,1,"[21:05:00,21:25:00)",1,0,2016-09-26,21,5,False
2016-09-26 21:25:00,20,0,1,"[21:25:00,21:45:00)",1,0,2016-09-26,21,25,False
2016-09-26 21:45:00,8,0,1,"[21:45:00,22:05:00)",1,0,2016-09-26,21,45,False
2016-09-26 22:05:00,10,0,1,"[22:05:00,22:25:00)",1,0,2016-09-26,22,5,False
2016-09-26 22:25:00,11,0,1,"[22:25:00,22:45:00)",1,0,2016-09-26,22,25,False
2016-09-26 22:45:00,5,0,1,"[22:45:00,23:05:00)",1,0,2016-09-26,22,45,False
2016-09-26 23:05:00,6,0,1,"[23:05:00,23:25:00)",1,0,2016-09-26,23,5,False
2016-09-26 23:25:00,2,0,1,"[23:25:00,23:45:00)",1,0,2016-09-26,23,25,False
2016-09-26 23:45:00,5,0,1,"[23:45:00,00:00:00)",1,0,2016-09-26,23,45,False
2016-09-27 00:05:00,15,0,1,"[00:05:00,00:25:00)",2,0,2016-09-27,0,5,False
2016-09-27 00:25:00,17,0,1,"[00:25:00,00:45:00)",2,0,2016-09-27,0,25,False
2016-09-27 00:45:00,7,0,1,"[00:45:00,01:05:00)",2,0,2016-09-27,0,45,False
2016-09-27 01:05:00,5,0,1,"[01:05:00,01:25:00)",2,0,2016-09-27,1,5,False
2016-09-27 01:25:00,8,0,1,"[01:25:00,01:45:00)",2,0,2016-09-27,1,25,False
2016-09-27 01:45:00,7,0,1,"[01:45:00,02:05:00)",2,0,2016-09-27,1,45,False
2016-09-27 02:05:00,7,0,1,"[02:05:00,02:25:00)",2,0,2016-09-27,2,5,False
2016-09-27 02:25:00,5,0,1,"[02:25:00,02:45:00)",2,0,2016-09-27,2,25,False
2016-09-27 02:45:00,10,0,1,"[02:45:00,03:05:00)",2,0,2016-09-27,2,45,False
2016-09-27 03:05:00,9,0,1,"[03:05:00,03:25:00)",2,0,2016-09-27,3,5,False
2016-09-27 03:25:00,4,0,1,"[03:25:00,03:45:00)",2,0,2016-09-27,3,25,False
2016-09-27 03:45:00,14,0,1,"[03:45:00,04:05:00)",2,0,2016-09-27,3,45,False
2016-09-27 04:05:00,7,0,1,"[04:05:00,04:25:00)",2,0,2016-09-27,4,5,False
2016-09-27 04:25:00,13,0,1,"[04:25:00,04:45:00)",2,0,2016-09-27,4,25,False
2016-09-27 04:45:00,19,0,1,"[04:45:00,05:05:00)",2,0,2016-09-27,4,45,False
2016-09-27 05:05:00,3,0,1,"[05:05:00,05:25:00)",2,0,2016-09-27,5,5,False
2016-09-27 05:25:00,5,0,1,"[05:25:00,05:45:00)",2,0,2016-09-27,5,25,False
2016-09-27 05:45:00,8,0,1,"[05:45:00,06:05:00)",2,0,2016-09-27,5,45,False
2016-09-27 06:05:00,15,0,1,"[06:05:00,06:25:00)",2,0,2016-09-27,6,5,False
2016-09-27 06:25:00,23,0,1,"[06:25:00,06:45:00)",2,0,2016-09-27,6,25,False
2016-09-27 06:45:00,35,0,1,"[06:45:00,07:05:00)",2,0,2016-09-27,6,45,False
2016-09-27 07:05:00,70,0,1,"[07:05:00,07:25:00)",2,0,2016-09-27,7,5,False
2016-09-27 07:25:00,42,0,1,"[07:25:00,07:45:00)",2,0,2016-09-27,7,25,False
2016-09-27 07:45:00,41,0,1,"[07:45:00,08:05:00)",2,0,2016-09-27,7,45,False
2016-09-27 08:05:00,55,0,1,"[08:05:00,08:25:00)",2,0,2016-09-27,8,5,False
2016-09-27 08:25:00,59,0,1,"[08:25:00,08:45:00)",2,0,2016-09-27,8,25,False
2016-09-27 08:45:00,60,0,1,"[08:45:00,09:05:00)",2,0,2016-09-27,8,45,False
2016-09-27 09:05:00,48,0,1,"[09:05:00,09:25:00)",2,0,2016-09-27,9,5,False
2016-09-27 09:25:00,68,0,1,"[09:25:00,09:45:00)",2,0,2016-09-27,9,25,False
2016-09-27 09:45:00,47,0,1,"[09:45:00,10:05:00)",2,0,2016-09-27,9,45,False
2016-09-27 10:05:00,41,0,1,"[10:05:00,10:25:00)",2,0,2016-09-27,10,5,False
2016-09-27 10:25:00,55,0,1,"[10:25:00,10:45:00)",2,0,2016-09-27,10,25,False
2016-09-27 10:45:00,42,0,1,"[10:45:00,11:05:00)",2,0,2016-09-27,10,45,False
2016-09-27 11:05:00,30,0,1,"[11:05:00,11:25:00)",2,0,2016-09-27,11,5,False
2016-09-27 11:25:00,49,0,1,"[11:25:00,11:45:00)",2,0,2016-09-27,11,25,False
2016-09-27 11:45:00,31,0,1,"[11:45:00,12:05:00)",2,0,2016-09-27,11,45,False
2016-09-27 12:05:00,32,0,1,"[12:05:00,12:25:00)",2,0,2016-09-27,12,5,False
2016-09-27 12:25:00,52,0,1,"[12:25:00,12:45:00)",2,0,2016-09-27,12,25,False
2016-09-27 12:45:00,42,0,1,"[12:45:00,13:05:00)",2,0,2016-09-27,12,45,False
2016-09-27 13:05:00,58,0,1,"[13:05:00,13:25:00)",2,0,2016-09-27,13,5,False
2016-09-27 13:25:00,56,0,1,"[13:25:00,13:45:00)",2,0,2016-09-27,13,25,False
2016-09-27 13:45:00,83,0,1,"[13:45:00,14:05:00)",2,0,2016-09-27,13,45,False
2016-09-27 14:05:00,51,0,1,"[14:05:00,14:25:00)",2,0,2016-09-27,14,5,False
2016-09-27 14:25:00,52,0,1,"[14:25:00,14:45:00)",2,0,2016-09-27,14,25,False
2016-09-27 14:45:00,31,0,1,"[14:45:00,15:05:00)",2,0,2016-09-27,14,45,False
2016-09-27 15:05:00,34,0,1,"[15:05:00,15:25:00)",2,0,2016-09-27,15,5,False
2016-09-27 15:25:00,53,0,1,"[15:25:00,15:45:00)",2,0,2016-09-27,15,25,False
2016-09-27 15:45:00,46,0,1,"[15:45:00,16:05:00)",2,0,2016-09-27,15,45,False
2016-09-27 16:05:00,62,0,1,"[16:05:00,16:25:00)",2,0,2016-09-27,16,5,False
2016-09-27 16:25:00,48,0,1,"[16:25:00,16:45:00)",2,0,2016-09-27,16,25,False
2016-09-27 16:45:00,51,0,1,"[16:45:00,17:05:00)",2,0,2016-09-27,16,45,False
2016-09-27 17:05:00,49,0,1,"[17:05:00,17:25:00)",2,0,2016-09-27,17,5,False
2016-09-27 17:25:00,85,0,1,"[17:25:00,17:45:00)",2,0,2016-09-27,17,25,False
2016-09-27 17:45:00,31,0,1,"[17:45:00,18:05:00)",2,0,2016-09-27,17,45,False
2016-09-27 18:05:00,28,0,1,"[18:05:00,18:25:00)",2,0,2016-09-27,18,5,False
2016-09-27 18:25:00,17,0,1,"[18:25:00,18:45:00)",2,0,2016-09-27,18,25,False
2016-09-27 18:45:00,17,0,1,"[18:45:00,19:05:00)",2,0,2016-09-27,18,45,False
2016-09-27 19:05:00,47,0,1,"[19:05:00,19:25:00)",2,0,2016-09-27,19,5,False
2016-09-27 19:25:00,32,0,1,"[19:25:00,19:45:00)",2,0,2016-09-27,19,25,False
2016-09-27 19:45:00,67,0,1,"[19:45:00,20:05:00)",2,0,2016-09-27,19,45,False
2016-09-27 20:05:00,36,0,1,"[20:05:00,20:25:00)",2,0,2016-09-27,20,5,False
2016-09-27 20:25:00,54,0,1,"[20:25:00,20:45:00)",2,0,2016-09-27,20,25,False
2016-09-27 20:45:00,37,0,1,"[20:45:00,21:05:00)",2,0,2016-09-27,20,45,False
2016-09-27 21:05:00,42,0,1,"[21:05:00,21:25:00)",2,0,2016-09-27,21,5,False
2016-09-27 21:25:00,32,0,1,"[21:25:00,21:45:00)",2,0,2016-09-27,21,25,False
2016-09-27 21:45:00,24,0,1,"[21:45:00,22:05:00)",2,0,2016-09-27,21,45,False
2016-09-27 22:05:00,27,0,1,"[22:05:00,22:25:00)",2,0,2016-09-27,22,5,False
2016-09-27 22:25:00,20,0,1,"[22:25:00,22:45:00)",2,0,2016-09-27,22,25,False
2016-09-27 22:45:00,12,0,1,"[22:45:00,23:05:00)",2,0,2016-09-27,22,45,False
2016-09-27 23:05:00,12,0,1,"[23:05:00,23:25:00)",2,0,2016-09-27,23,5,False
2016-09-27 23:25:00,4,0,1,"[23:25:00,23:45:00)",2,0,2016-09-27,23,25,False
2016-09-27 23:45:00,2,0,1,"[23:45:00,00:00:00)",2,0,2016-09-27,23,45,False
2016-09-28 00:05:00,8,0,1,"[00:05:00,00:25:00)",3,0,2016-09-28,0,5,False
2016-09-28 00:25:00,6,0,1,"[00:25:00,00:45:00)",3,0,2016-09-28,0,25,False
2016-09-28 00:45:00,13,0,1,"[00:45:00,01:05:00)",3,0,2016-09-28,0,45,False
2016-09-28 01:05:00,13,0,1,"[01:05:00,01:25:00)",3,0,2016-09-28,1,5,False
2016-09-28 01:25:00,7,0,1,"[01:25:00,01:45:00)",3,0,2016-09-28,1,25,False
2016-09-28 01:45:00,7,0,1,"[01:45:00,02:05:00)",3,0,2016-09-28,1,45,False
2016-09-28 02:05:00,5,0,1,"[02:05:00,02:25:00)",3,0,2016-09-28,2,5,False
2016-09-28 02:25:00,4,0,1,"[02:25:00,02:45:00)",3,0,2016-09-28,2,25,False
2016-09-28 02:45:00,9,0,1,"[02:45:00,03:05:00)",3,0,2016-09-28,2,45,False
2016-09-28 03:05:00,7,0,1,"[03:05:00,03:25:00)",3,0,2016-09-28,3,5,False
2016-09-28 03:25:00,14,0,1,"[03:25:00,03:45:00)",3,0,2016-09-28,3,25,False
2016-09-28 03:45:00,11,0,1,"[03:45:00,04:05:00)",3,0,2016-09-28,3,45,False
2016-09-28 04:05:00,8,0,1,"[04:05:00,04:25:00)",3,0,2016-09-28,4,5,False
2016-09-28 04:25:00,8,0,1,"[04:25:00,04:45:00)",3,0,2016-09-28,4,25,False
2016-09-28 04:45:00,16,0,1,"[04:45:00,05:05:00)",3,0,2016-09-28,4,45,False
2016-09-28 05:05:00,23,0,1,"[05:05:00,05:25:00)",3,0,2016-09-28,5,5,False
2016-09-28 05:25:00,24,0,1,"[05:25:00,05:45:00)",3,0,2016-09-28,5,25,False
2016-09-28 05:45:00,17,0,1,"[05:45:00,06:05:00)",3,0,2016-09-28,5,45,False
2016-09-28 06:05:00,37,0,1,"[06:05:00,06:25:00)",3,0,2016-09-28,6,5,False
2016-09-28 06:25:00,48,0,1,"[06:25:00,06:45:00)",3,0,2016-09-28,6,25,False
2016-09-28 06:45:00,54,0,1,"[06:45:00,07:05:00)",3,0,2016-09-28,6,45,False
2016-09-28 07:05:00,95,0,1,"[07:05:00,07:25:00)",3,0,2016-09-28,7,5,False
2016-09-28 07:25:00,80,0,1,"[07:25:00,07:45:00)",3,0,2016-09-28,7,25,False
2016-09-28 07:45:00,112,0,1,"[07:45:00,08:05:00)",3,0,2016-09-28,7,45,False
2016-09-28 08:05:00,129,0,1,"[08:05:00,08:25:00)",3,0,2016-09-28,8,5,False
2016-09-28 08:25:00,133,0,1,"[08:25:00,08:45:00)",3,0,2016-09-28,8,25,False
2016-09-28 08:45:00,99,0,1,"[08:45:00,09:05:00)",3,0,2016-09-28,8,45,False
2016-09-28 09:05:00,121,0,1,"[09:05:00,09:25:00)",3,0,2016-09-28,9,5,False
2016-09-28 09:25:00,117,0,1,"[09:25:00,09:45:00)",3,0,2016-09-28,9,25,False
2016-09-28 09:45:00,133,0,1,"[09:45:00,10:05:00)",3,0,2016-09-28,9,45,False
2016-09-28 10:05:00,100,0,1,"[10:05:00,10:25:00)",3,0,2016-09-28,10,5,False
2016-09-28 10:25:00,105,0,1,"[10:25:00,10:45:00)",3,0,2016-09-28,10,25,False
2016-09-28 10:45:00,96,0,1,"[10:45:00,11:05:00)",3,0,2016-09-28,10,45,False
2016-09-28 11:05:00,92,0,1,"[11:05:00,11:25:00)",3,0,2016-09-28,11,5,False
2016-09-28 11:25:00,82,0,1,"[11:25:00,11:45:00)",3,0,2016-09-28,11,25,False
2016-09-28 11:45:00,80,0,1,"[11:45:00,12:05:00)",3,0,2016-09-28,11,45,False
2016-09-28 12:05:00,97,0,1,"[12:05:00,12:25:00)",3,0,2016-09-28,12,5,False
2016-09-28 12:25:00,81,0,1,"[12:25:00,12:45:00)",3,0,2016-09-28,12,25,False
2016-09-28 12:45:00,106,0,1,"[12:45:00,13:05:00)",3,0,2016-09-28,12,45,False
2016-09-28 13:05:00,105,0,1,"[13:05:00,13:25:00)",3,0,2016-09-28,13,5,False
2016-09-28 13:25:00,107,0,1,"[13:25:00,13:45:00)",3,0,2016-09-28,13,25,False
2016-09-28 13:45:00,90,0,1,"[13:45:00,14:05:00)",3,0,2016-09-28,13,45,False
2016-09-28 14:05:00,97,0,1,"[14:05:00,14:25:00)",3,0,2016-09-28,14,5,False
2016-09-28 14:25:00,114,0,1,"[14:25:00,14:45:00)",3,0,2016-09-28,14,25,False
2016-09-28 14:45:00,86,0,1,"[14:45:00,15:05:00)",3,0,2016-09-28,14,45,False
2016-09-28 15:05:00,86,0,1,"[15:05:00,15:25:00)",3,0,2016-09-28,15,5,False
2016-09-28 15:25:00,110,0,1,"[15:25:00,15:45:00)",3,0,2016-09-28,15,25,False
2016-09-28 15:45:00,84,0,1,"[15:45:00,16:05:00)",3,0,2016-09-28,15,45,False
2016-09-28 16:05:00,104,0,1,"[16:05:00,16:25:00)",3,0,2016-09-28,16,5,False
2016-09-28 16:25:00,84,0,1,"[16:25:00,16:45:00)",3,0,2016-09-28,16,25,False
2016-09-28 16:45:00,37,0,1,"[16:45:00,17:05:00)",3,0,2016-09-28,16,45,False
2016-09-28 17:05:00,42,0,1,"[17:05:00,17:25:00)",3,0,2016-09-28,17,5,False
2016-09-28 17:25:00,30,0,1,"[17:25:00,17:45:00)",3,0,2016-09-28,17,25,False
2016-09-28 17:45:00,28,0,1,"[17:45:00,18:05:00)",3,0,2016-09-28,17,45,False
2016-09-28 18:05:00,29,0,1,"[18:05:00,18:25:00)",3,0,2016-09-28,18,5,False
2016-09-28 18:25:00,21,0,1,"[18:25:00,18:45:00)",3,0,2016-09-28,18,25,False
2016-09-28 18:45:00,17,0,1,"[18:45:00,19:05:00)",3,0,2016-09-28,18,45,False
2016-09-28 19:05:00,35,0,1,"[19:05:00,19:25:00)",3,0,2016-09-28,19,5,False
2016-09-28 19:25:00,23,0,1,"[19:25:00,19:45:00)",3,0,2016-09-28,19,25,False
2016-09-28 19:45:00,15,0,1,"[19:45:00,20:05:00)",3,0,2016-09-28,19,45,False
2016-09-28 20:05:00,19,0,1,"[20:05:00,20:25:00)",3,0,2016-09-28,20,5,False
2016-09-28 20:25:00,21,0,1,"[20:25:00,20:45:00)",3,0,2016-09-28,20,25,False
2016-09-28 20:45:00,26,0,1,"[20:45:00,21:05:00)",3,0,2016-09-28,20,45,False
2016-09-28 21:05:00,14,0,1,"[21:05:00,21:25:00)",3,0,2016-09-28,21,5,False
2016-09-28 21:25:00,13,0,1,"[21:25:00,21:45:00)",3,0,2016-09-28,21,25,False
2016-09-28 21:45:00,16,0,1,"[21:45:00,22:05:00)",3,0,2016-09-28,21,45,False
2016-09-28 22:05:00,6,0,1,"[22:05:00,22:25:00)",3,0,2016-09-28,22,5,False
2016-09-28 22:25:00,8,0,1,"[22:25:00,22:45:00)",3,0,2016-09-28,22,25,False
2016-09-28 22:45:00,6,0,1,"[22:45:00,23:05:00)",3,0,2016-09-28,22,45,False
2016-09-28 23:05:00,13,0,1,"[23:05:00,23:25:00)",3,0,2016-09-28,23,5,False
2016-09-28 23:25:00,21,0,1,"[23:25:00,23:45:00)",3,0,2016-09-28,23,25,False
2016-09-28 23:45:00,7,0,1,"[23:45:00,00:00:00)",3,0,2016-09-28,23,45,False
2016-09-29 00:05:00,5,0,1,"[00:05:00,00:25:00)",4,0,2016-09-29,0,5,False
2016-09-29 00:25:00,9,0,1,"[00:25:00,00:45:00)",4,0,2016-09-29,0,25,False
2016-09-29 00:45:00,6,0,1,"[00:45:00,01:05:00)",4,0,2016-09-29,0,45,False
2016-09-29 01:05:00,5,0,1,"[01:05:00,01:25:00)",4,0,2016-09-29,1,5,False
2016-09-29 01:25:00,9,0,1,"[01:25:00,01:45:00)",4,0,2016-09-29,1,25,False
2016-09-29 01:45:00,9,0,1,"[01:45:00,02:05:00)",4,0,2016-09-29,1,45,False
2016-09-29 02:05:00,6,0,1,"[02:05:00,02:25:00)",4,0,2016-09-29,2,5,False
2016-09-29 02:25:00,3,0,1,"[02:25:00,02:45:00)",4,0,2016-09-29,2,25,False
2016-09-29 02:45:00,4,0,1,"[02:45:00,03:05:00)",4,0,2016-09-29,2,45,False
2016-09-29 03:05:00,3,0,1,"[03:05:00,03:25:00)",4,0,2016-09-29,3,5,False
2016-09-29 03:25:00,7,0,1,"[03:25:00,03:45:00)",4,0,2016-09-29,3,25,False
2016-09-29 03:45:00,9,0,1,"[03:45:00,04:05:00)",4,0,2016-09-29,3,45,False
2016-09-29 04:05:00,9,0,1,"[04:05:00,04:25:00)",4,0,2016-09-29,4,5,False
2016-09-29 04:25:00,15,0,1,"[04:25:00,04:45:00)",4,0,2016-09-29,4,25,False
2016-09-29 04:45:00,13,0,1,"[04:45:00,05:05:00)",4,0,2016-09-29,4,45,False
2016-09-29 05:05:00,5,0,1,"[05:05:00,05:25:00)",4,0,2016-09-29,5,5,False
2016-09-29 05:25:00,5,0,1,"[05:25:00,05:45:00)",4,0,2016-09-29,5,25,False
2016-09-29 05:45:00,3,0,1,"[05:45:00,06:05:00)",4,0,2016-09-29,5,45,False
2016-09-29 06:05:00,5,0,1,"[06:05:00,06:25:00)",4,0,2016-09-29,6,5,False
2016-09-29 06:25:00,11,0,1,"[06:25:00,06:45:00)",4,0,2016-09-29,6,25,False
2016-09-29 06:45:00,20,0,1,"[06:45:00,07:05:00)",4,0,2016-09-29,6,45,False
2016-09-29 07:05:00,26,0,1,"[07:05:00,07:25:00)",4,0,2016-09-29,7,5,False
2016-09-29 07:25:00,35,0,1,"[07:25:00,07:45:00)",4,0,2016-09-29,7,25,False
2016-09-29 07:45:00,31,0,1,"[07:45:00,08:05:00)",4,0,2016-09-29,7,45,False
2016-09-29 08:05:00,42,0,1,"[08:05:00,08:25:00)",4,0,2016-09-29,8,5,False
2016-09-29 08:25:00,41,0,1,"[08:25:00,08:45:00)",4,0,2016-09-29,8,25,False
2016-09-29 08:45:00,56,0,1,"[08:45:00,09:05:00)",4,0,2016-09-29,8,45,False
2016-09-29 09:05:00,47,0,1,"[09:05:00,09:25:00)",4,0,2016-09-29,9,5,False
2016-09-29 09:25:00,38,0,1,"[09:25:00,09:45:00)",4,0,2016-09-29,9,25,False
2016-09-29 09:45:00,48,0,1,"[09:45:00,10:05:00)",4,0,2016-09-29,9,45,False
2016-09-29 10:05:00,56,0,1,"[10:05:00,10:25:00)",4,0,2016-09-29,10,5,False
2016-09-29 10:25:00,55,0,1,"[10:25:00,10:45:00)",4,0,2016-09-29,10,25,False
2016-09-29 10:45:00,33,0,1,"[10:45:00,11:05:00)",4,0,2016-09-29,10,45,False
2016-09-29 11:05:00,44,0,1,"[11:05:00,11:25:00)",4,0,2016-09-29,11,5,False
2016-09-29 11:25:00,42,0,1,"[11:25:00,11:45:00)",4,0,2016-09-29,11,25,False
2016-09-29 11:45:00,30,0,1,"[11:45:00,12:05:00)",4,0,2016-09-29,11,45,False
2016-09-29 12:05:00,38,0,1,"[12:05:00,12:25:00)",4,0,2016-09-29,12,5,False
2016-09-29 12:25:00,37,0,1,"[12:25:00,12:45:00)",4,0,2016-09-29,12,25,False
2016-09-29 12:45:00,41,0,1,"[12:45:00,13:05:00)",4,0,2016-09-29,12,45,False
2016-09-29 13:05:00,46,0,1,"[13:05:00,13:25:00)",4,0,2016-09-29,13,5,False
2016-09-29 13:25:00,29,0,1,"[13:25:00,13:45:00)",4,0,2016-09-29,13,25,False
2016-09-29 13:45:00,39,0,1,"[13:45:00,14:05:00)",4,0,2016-09-29,13,45,False
2016-09-29 14:05:00,56,0,1,"[14:05:00,14:25:00)",4,0,2016-09-29,14,5,False
2016-09-29 14:25:00,47,0,1,"[14:25:00,14:45:00)",4,0,2016-09-29,14,25,False
2016-09-29 14:45:00,48,0,1,"[14:45:00,15:05:00)",4,0,2016-09-29,14,45,False
2016-09-29 15:05:00,59,0,1,"[15:05:00,15:25:00)",4,0,2016-09-29,15,5,False
2016-09-29 15:25:00,60,0,1,"[15:25:00,15:45:00)",4,0,2016-09-29,15,25,False
2016-09-29 15:45:00,53,0,1,"[15:45:00,16:05:00)",4,0,2016-09-29,15,45,False
2016-09-29 16:05:00,59,0,1,"[16:05:00,16:25:00)",4,0,2016-09-29,16,5,False
2016-09-29 16:25:00,52,0,1,"[16:25:00,16:45:00)",4,0,2016-09-29,16,25,False
2016-09-29 16:45:00,41,0,1,"[16:45:00,17:05:00)",4,0,2016-09-29,16,45,False
2016-09-29 17:05:00,28,0,1,"[17:05:00,17:25:00)",4,0,2016-09-29,17,5,False
2016-09-29 17:25:00,31,0,1,"[17:25:00,17:45:00)",4,0,2016-09-29,17,25,False
2016-09-29 17:45:00,30,0,1,"[17:45:00,18:05:00)",4,0,2016-09-29,17,45,False
2016-09-29 18:05:00,20,0,1,"[18:05:00,18:25:00)",4,0,2016-09-29,18,5,False
2016-09-29 18:25:00,28,0,1,"[18:25:00,18:45:00)",4,0,2016-09-29,18,25,False
2016-09-29 18:45:00,22,0,1,"[18:45:00,19:05:00)",4,0,2016-09-29,18,45,False
2016-09-29 19:05:00,20,0,1,"[19:05:00,19:25:00)",4,0,2016-09-29,19,5,False
2016-09-29 19:25:00,30,0,1,"[19:25:00,19:45:00)",4,0,2016-09-29,19,25,False
2016-09-29 19:45:00,14,0,1,"[19:45:00,20:05:00)",4,0,2016-09-29,19,45,False
2016-09-29 20:05:00,32,0,1,"[20:05:00,20:25:00)",4,0,2016-09-29,20,5,False
2016-09-29 20:25:00,18,0,1,"[20:25:00,20:45:00)",4,0,2016-09-29,20,25,False
2016-09-29 20:45:00,24,0,1,"[20:45:00,21:05:00)",4,0,2016-09-29,20,45,False
2016-09-29 21:05:00,18,0,1,"[21:05:00,21:25:00)",4,0,2016-09-29,21,5,False
2016-09-29 21:25:00,19,0,1,"[21:25:00,21:45:00)",4,0,2016-09-29,21,25,False
2016-09-29 21:45:00,17,0,1,"[21:45:00,22:05:00)",4,0,2016-09-29,21,45,False
2016-09-29 22:05:00,13,0,1,"[22:05:00,22:25:00)",4,0,2016-09-29,22,5,False
2016-09-29 22:25:00,11,0,1,"[22:25:00,22:45:00)",4,0,2016-09-29,22,25,False
2016-09-29 22:45:00,5,0,1,"[22:45:00,23:05:00)",4,0,2016-09-29,22,45,False
2016-09-29 23:05:00,2,0,1,"[23:05:00,23:25:00)",4,0,2016-09-29,23,5,False
2016-09-29 23:25:00,7,0,1,"[23:25:00,23:45:00)",4,0,2016-09-29,23,25,False
2016-09-29 23:45:00,9,0,1,"[23:45:00,00:00:00)",4,0,2016-09-29,23,45,False
2016-09-30 00:05:00,19,0,1,"[00:05:00,00:25:00)",5,0,2016-09-30,0,5,False
2016-09-30 00:25:00,13,0,1,"[00:25:00,00:45:00)",5,0,2016-09-30,0,25,False
2016-09-30 00:45:00,10,0,1,"[00:45:00,01:05:00)",5,0,2016-09-30,0,45,False
2016-09-30 01:05:00,11,0,1,"[01:05:00,01:25:00)",5,0,2016-09-30,1,5,False
2016-09-30 01:25:00,7,0,1,"[01:25:00,01:45:00)",5,0,2016-09-30,1,25,False
2016-09-30 01:45:00,13,0,1,"[01:45:00,02:05:00)",5,0,2016-09-30,1,45,False
2016-09-30 02:05:00,2,0,1,"[02:05:00,02:25:00)",5,0,2016-09-30,2,5,False
2016-09-30 02:25:00,6,0,1,"[02:25:00,02:45:00)",5,0,2016-09-30,2,25,False
2016-09-30 02:45:00,8,0,1,"[02:45:00,03:05:00)",5,0,2016-09-30,2,45,False
2016-09-30 03:05:00,9,0,1,"[03:05:00,03:25:00)",5,0,2016-09-30,3,5,False
2016-09-30 03:25:00,7,0,1,"[03:25:00,03:45:00)",5,0,2016-09-30,3,25,False
2016-09-30 03:45:00,21,0,1,"[03:45:00,04:05:00)",5,0,2016-09-30,3,45,False
2016-09-30 04:05:00,13,0,1,"[04:05:00,04:25:00)",5,0,2016-09-30,4,5,False
2016-09-30 04:25:00,16,0,1,"[04:25:00,04:45:00)",5,0,2016-09-30,4,25,False
2016-09-30 04:45:00,18,0,1,"[04:45:00,05:05:00)",5,0,2016-09-30,4,45,False
2016-09-30 05:05:00,4,0,1,"[05:05:00,05:25:00)",5,0,2016-09-30,5,5,False
2016-09-30 05:25:00,4,0,1,"[05:25:00,05:45:00)",5,0,2016-09-30,5,25,False
2016-09-30 05:45:00,8,0,1,"[05:45:00,06:05:00)",5,0,2016-09-30,5,45,False
2016-09-30 06:05:00,11,0,1,"[06:05:00,06:25:00)",5,0,2016-09-30,6,5,False
2016-09-30 06:25:00,19,0,1,"[06:25:00,06:45:00)",5,0,2016-09-30,6,25,False
2016-09-30 06:45:00,28,0,1,"[06:45:00,07:05:00)",5,0,2016-09-30,6,45,False
2016-09-30 07:05:00,24,0,1,"[07:05:00,07:25:00)",5,0,2016-09-30,7,5,False
2016-09-30 07:25:00,39,0,1,"[07:25:00,07:45:00)",5,0,2016-09-30,7,25,False
2016-09-30 07:45:00,47,0,1,"[07:45:00,08:05:00)",5,0,2016-09-30,7,45,False
2016-09-30 08:05:00,42,0,1,"[08:05:00,08:25:00)",5,0,2016-09-30,8,5,False
2016-09-30 08:25:00,53,0,1,"[08:25:00,08:45:00)",5,0,2016-09-30,8,25,False
2016-09-30 08:45:00,47,0,1,"[08:45:00,09:05:00)",5,0,2016-09-30,8,45,False
2016-09-30 09:05:00,62,0,1,"[09:05:00,09:25:00)",5,0,2016-09-30,9,5,False
2016-09-30 09:25:00,65,0,1,"[09:25:00,09:45:00)",5,0,2016-09-30,9,25,False
2016-09-30 09:45:00,57,0,1,"[09:45:00,10:05:00)",5,0,2016-09-30,9,45,False
2016-09-30 10:05:00,82,0,1,"[10:05:00,10:25:00)",5,0,2016-09-30,10,5,False
2016-09-30 10:25:00,79,0,1,"[10:25:00,10:45:00)",5,0,2016-09-30,10,25,False
2016-09-30 10:45:00,73,0,1,"[10:45:00,11:05:00)",5,0,2016-09-30,10,45,False
2016-09-30 11:05:00,50,0,1,"[11:05:00,11:25:00)",5,0,2016-09-30,11,5,False
2016-09-30 11:25:00,47,0,1,"[11:25:00,11:45:00)",5,0,2016-09-30,11,25,False
2016-09-30 11:45:00,72,0,1,"[11:45:00,12:05:00)",5,0,2016-09-30,11,45,False
2016-09-30 12:05:00,70,0,1,"[12:05:00,12:25:00)",5,0,2016-09-30,12,5,False
2016-09-30 12:25:00,86,0,1,"[12:25:00,12:45:00)",5,0,2016-09-30,12,25,False
2016-09-30 12:45:00,93,0,1,"[12:45:00,13:05:00)",5,0,2016-09-30,12,45,False
2016-09-30 13:05:00,119,0,1,"[13:05:00,13:25:00)",5,0,2016-09-30,13,5,False
2016-09-30 13:25:00,91,0,1,"[13:25:00,13:45:00)",5,0,2016-09-30,13,25,False
2016-09-30 13:45:00,93,0,1,"[13:45:00,14:05:00)",5,0,2016-09-30,13,45,False
2016-09-30 14:05:00,82,0,1,"[14:05:00,14:25:00)",5,0,2016-09-30,14,5,False
2016-09-30 14:25:00,76,0,1,"[14:25:00,14:45:00)",5,0,2016-09-30,14,25,False
2016-09-30 14:45:00,88,0,1,"[14:45:00,15:05:00)",5,0,2016-09-30,14,45,False
2016-09-30 15:05:00,74,0,1,"[15:05:00,15:25:00)",5,0,2016-09-30,15,5,False
2016-09-30 15:25:00,96,0,1,"[15:25:00,15:45:00)",5,0,2016-09-30,15,25,False
2016-09-30 15:45:00,125,0,1,"[15:45:00,16:05:00)",5,0,2016-09-30,15,45,False
2016-09-30 16:05:00,119,0,1,"[16:05:00,16:25:00)",5,0,2016-09-30,16,5,False
2016-09-30 16:25:00,140,0,1,"[16:25:00,16:45:00)",5,0,2016-09-30,16,25,False
2016-09-30 16:45:00,112,0,1,"[16:45:00,17:05:00)",5,0,2016-09-30,16,45,False
2016-09-30 17:05:00,77,0,1,"[17:05:00,17:25:00)",5,0,2016-09-30,17,5,False
2016-09-30 17:25:00,87,0,1,"[17:25:00,17:45:00)",5,0,2016-09-30,17,25,False
2016-09-30 17:45:00,158,0,1,"[17:45:00,18:05:00)",5,0,2016-09-30,17,45,False
2016-09-30 18:05:00,151,0,1,"[18:05:00,18:25:00)",5,0,2016-09-30,18,5,False
2016-09-30 18:25:00,157,0,1,"[18:25:00,18:45:00)",5,0,2016-09-30,18,25,False
2016-09-30 18:45:00,161,0,1,"[18:45:00,19:05:00)",5,0,2016-09-30,18,45,False
2016-09-30 19:05:00,154,0,1,"[19:05:00,19:25:00)",5,0,2016-09-30,19,5,False
2016-09-30 19:25:00,161,0,1,"[19:25:00,19:45:00)",5,0,2016-09-30,19,25,False
2016-09-30 19:45:00,160,0,1,"[19:45:00,20:05:00)",5,0,2016-09-30,19,45,False
2016-09-30 20:05:00,172,0,1,"[20:05:00,20:25:00)",5,0,2016-09-30,20,5,False
2016-09-30 20:25:00,140,0,1,"[20:25:00,20:45:00)",5,0,2016-09-30,20,25,False
2016-09-30 20:45:00,182,0,1,"[20:45:00,21:05:00)",5,0,2016-09-30,20,45,False
2016-09-30 21:05:00,168,0,1,"[21:05:00,21:25:00)",5,0,2016-09-30,21,5,False
2016-09-30 21:25:00,142,0,1,"[21:25:00,21:45:00)",5,0,2016-09-30,21,25,False
2016-09-30 21:45:00,132,0,1,"[21:45:00,22:05:00)",5,0,2016-09-30,21,45,False
2016-09-30 22:05:00,115,0,1,"[22:05:00,22:25:00)",5,0,2016-09-30,22,5,False
2016-09-30 22:25:00,121,0,1,"[22:25:00,22:45:00)",5,0,2016-09-30,22,25,False
2016-09-30 22:45:00,102,0,1,"[22:45:00,23:05:00)",5,0,2016-09-30,22,45,False
2016-09-30 23:05:00,95,0,1,"[23:05:00,23:25:00)",5,0,2016-09-30,23,5,False
2016-09-30 23:25:00,62,0,1,"[23:25:00,23:45:00)",5,0,2016-09-30,23,25,False
2016-09-30 23:45:00,67,0,1,"[23:45:00,00:00:00)",5,0,2016-09-30,23,45,False
2016-10-01 00:05:00,74,0,1,"[00:05:00,00:25:00)",6,1,2016-10-01,0,5,True
2016-10-01 00:25:00,58,0,1,"[00:25:00,00:45:00)",6,1,2016-10-01,0,25,True
2016-10-01 00:45:00,61,0,1,"[00:45:00,01:05:00)",6,1,2016-10-01,0,45,True
2016-10-01 01:05:00,58,0,1,"[01:05:00,01:25:00)",6,1,2016-10-01,1,5,True
2016-10-01 01:25:00,50,0,1,"[01:25:00,01:45:00)",6,1,2016-10-01,1,25,True
2016-10-01 01:45:00,49,0,1,"[01:45:00,02:05:00)",6,1,2016-10-01,1,45,True
2016-10-01 02:05:00,24,0,1,"[02:05:00,02:25:00)",6,1,2016-10-01,2,5,True
2016-10-01 02:25:00,48,0,1,"[02:25:00,02:45:00)",6,1,2016-10-01,2,25,True
2016-10-01 02:45:00,50,0,1,"[02:45:00,03:05:00)",6,1,2016-10-01,2,45,True
2016-10-01 03:05:00,38,0,1,"[03:05:00,03:25:00)",6,1,2016-10-01,3,5,True
2016-10-01 03:25:00,57,0,1,"[03:25:00,03:45:00)",6,1,2016-10-01,3,25,True
2016-10-01 03:45:00,42,0,1,"[03:45:00,04:05:00)",6,1,2016-10-01,3,45,True
2016-10-01 04:05:00,63,0,1,"[04:05:00,04:25:00)",6,1,2016-10-01,4,5,True
2016-10-01 04:25:00,83,0,1,"[04:25:00,04:45:00)",6,1,2016-10-01,4,25,True
2016-10-01 04:45:00,113,0,1,"[04:45:00,05:05:00)",6,1,2016-10-01,4,45,True
2016-10-01 05:05:00,148,0,1,"[05:05:00,05:25:00)",6,1,2016-10-01,5,5,True
2016-10-01 05:25:00,166,0,1,"[05:25:00,05:45:00)",6,1,2016-10-01,5,25,True
2016-10-01 05:45:00,202,0,1,"[05:45:00,06:05:00)",6,1,2016-10-01,5,45,True
2016-10-01 06:05:00,213,0,1,"[06:05:00,06:25:00)",6,1,2016-10-01,6,5,True
2016-10-01 06:25:00,262,0,1,"[06:25:00,06:45:00)",6,1,2016-10-01,6,25,True
2016-10-01 06:45:00,262,0,1,"[06:45:00,07:05:00)",6,1,2016-10-01,6,45,True
2016-10-01 07:05:00,286,0,1,"[07:05:00,07:25:00)",6,1,2016-10-01,7,5,True
2016-10-01 07:25:00,240,0,1,"[07:25:00,07:45:00)",6,1,2016-10-01,7,25,True
2016-10-01 07:45:00,224,0,1,"[07:45:00,08:05:00)",6,1,2016-10-01,7,45,True
2016-10-01 08:05:00,207,0,1,"[08:05:00,08:25:00)",6,1,2016-10-01,8,5,True
2016-10-01 08:25:00,209,0,1,"[08:25:00,08:45:00)",6,1,2016-10-01,8,25,True
2016-10-01 08:45:00,214,0,1,"[08:45:00,09:05:00)",6,1,2016-10-01,8,45,True
2016-10-01 09:05:00,245,0,1,"[09:05:00,09:25:00)",6,1,2016-10-01,9,5,True
2016-10-01 09:25:00,265,0,1,"[09:25:00,09:45:00)",6,1,2016-10-01,9,25,True
2016-10-01 09:45:00,235,0,1,"[09:45:00,10:05:00)",6,1,2016-10-01,9,45,True
2016-10-01 10:05:00,266,0,1,"[10:05:00,10:25:00)",6,1,2016-10-01,10,5,True
2016-10-01 10:25:00,199,0,1,"[10:25:00,10:45:00)",6,1,2016-10-01,10,25,True
2016-10-01 10:45:00,218,0,1,"[10:45:00,11:05:00)",6,1,2016-10-01,10,45,True
2016-10-01 11:05:00,190,0,1,"[11:05:00,11:25:00)",6,1,2016-10-01,11,5,True
2016-10-01 11:25:00,197,0,1,"[11:25:00,11:45:00)",6,1,2016-10-01,11,25,True
2016-10-01 11:45:00,209,0,1,"[11:45:00,12:05:00)",6,1,2016-10-01,11,45,True
2016-10-01 12:05:00,183,0,1,"[12:05:00,12:25:00)",6,1,2016-10-01,12,5,True
2016-10-01 12:25:00,230,0,1,"[12:25:00,12:45:00)",6,1,2016-10-01,12,25,True
2016-10-01 12:45:00,246,0,1,"[12:45:00,13:05:00)",6,1,2016-10-01,12,45,True
2016-10-01 13:05:00,212,0,1,"[13:05:00,13:25:00)",6,1,2016-10-01,13,5,True
2016-10-01 13:25:00,223,0,1,"[13:25:00,13:45:00)",6,1,2016-10-01,13,25,True
2016-10-01 13:45:00,215,0,1,"[13:45:00,14:05:00)",6,1,2016-10-01,13,45,True
2016-10-01 14:05:00,247,0,1,"[14:05:00,14:25:00)",6,1,2016-10-01,14,5,True
2016-10-01 14:25:00,243,0,1,"[14:25:00,14:45:00)",6,1,2016-10-01,14,25,True
2016-10-01 14:45:00,227,0,1,"[14:45:00,15:05:00)",6,1,2016-10-01,14,45,True
2016-10-01 15:05:00,193,0,1,"[15:05:00,15:25:00)",6,1,2016-10-01,15,5,True
2016-10-01 15:25:00,173,0,1,"[15:25:00,15:45:00)",6,1,2016-10-01,15,25,True
2016-10-01 15:45:00,183,0,1,"[15:45:00,16:05:00)",6,1,2016-10-01,15,45,True
2016-10-01 16:05:00,200,0,1,"[16:05:00,16:25:00)",6,1,2016-10-01,16,5,True
2016-10-01 16:25:00,182,0,1,"[16:25:00,16:45:00)",6,1,2016-10-01,16,25,True
2016-10-01 16:45:00,173,0,1,"[16:45:00,17:05:00)",6,1,2016-10-01,16,45,True
2016-10-01 17:05:00,145,0,1,"[17:05:00,17:25:00)",6,1,2016-10-01,17,5,True
2016-10-01 17:25:00,129,0,1,"[17:25:00,17:45:00)",6,1,2016-10-01,17,25,True
2016-10-01 17:45:00,93,0,1,"[17:45:00,18:05:00)",6,1,2016-10-01,17,45,True
2016-10-01 18:05:00,99,0,1,"[18:05:00,18:25:00)",6,1,2016-10-01,18,5,True
2016-10-01 18:25:00,83,0,1,"[18:25:00,18:45:00)",6,1,2016-10-01,18,25,True
2016-10-01 18:45:00,91,0,1,"[18:45:00,19:05:00)",6,1,2016-10-01,18,45,True
2016-10-01 19:05:00,67,0,1,"[19:05:00,19:25:00)",6,1,2016-10-01,19,5,True
2016-10-01 19:25:00,87,0,1,"[19:25:00,19:45:00)",6,1,2016-10-01,19,25,True
2016-10-01 19:45:00,94,0,1,"[19:45:00,20:05:00)",6,1,2016-10-01,19,45,True
2016-10-01 20:05:00,87,0,1,"[20:05:00,20:25:00)",6,1,2016-10-01,20,5,True
2016-10-01 20:25:00,64,0,1,"[20:25:00,20:45:00)",6,1,2016-10-01,20,25,True
2016-10-01 20:45:00,76,0,1,"[20:45:00,21:05:00)",6,1,2016-10-01,20,45,True
2016-10-01 21:05:00,56,0,1,"[21:05:00,21:25:00)",6,1,2016-10-01,21,5,True
2016-10-01 21:25:00,44,0,1,"[21:25:00,21:45:00)",6,1,2016-10-01,21,25,True
2016-10-01 21:45:00,53,0,1,"[21:45:00,22:05:00)",6,1,2016-10-01,21,45,True
2016-10-01 22:05:00,42,0,1,"[22:05:00,22:25:00)",6,1,2016-10-01,22,5,True
2016-10-01 22:25:00,32,0,1,"[22:25:00,22:45:00)",6,1,2016-10-01,22,25,True
2016-10-01 22:45:00,27,0,1,"[22:45:00,23:05:00)",6,1,2016-10-01,22,45,True
2016-10-01 23:05:00,37,0,1,"[23:05:00,23:25:00)",6,1,2016-10-01,23,5,True
2016-10-01 23:25:00,9,0,1,"[23:25:00,23:45:00)",6,1,2016-10-01,23,25,True
2016-10-01 23:45:00,1,0,1,"[23:45:00,00:00:00)",6,1,2016-10-01,23,45,True
2016-10-02 00:05:00,12,0,1,"[00:05:00,00:25:00)",7,1,2016-10-02,0,5,True
2016-10-02 00:25:00,9,0,1,"[00:25:00,00:45:00)",7,1,2016-10-02,0,25,True
2016-10-02 00:45:00,2,0,1,"[00:45:00,01:05:00)",7,1,2016-10-02,0,45,True
2016-10-02 01:05:00,4,0,1,"[01:05:00,01:25:00)",7,1,2016-10-02,1,5,True
2016-10-02 01:25:00,8,0,1,"[01:25:00,01:45:00)",7,1,2016-10-02,1,25,True
2016-10-02 01:45:00,4,0,1,"[01:45:00,02:05:00)",7,1,2016-10-02,1,45,True
2016-10-02 02:05:00,19,0,1,"[02:05:00,02:25:00)",7,1,2016-10-02,2,5,True
2016-10-02 02:25:00,5,0,1,"[02:25:00,02:45:00)",7,1,2016-10-02,2,25,True
2016-10-02 02:45:00,7,0,1,"[02:45:00,03:05:00)",7,1,2016-10-02,2,45,True
2016-10-02 03:05:00,6,0,1,"[03:05:00,03:25:00)",7,1,2016-10-02,3,5,True
2016-10-02 03:25:00,11,0,1,"[03:25:00,03:45:00)",7,1,2016-10-02,3,25,True
2016-10-02 03:45:00,7,0,1,"[03:45:00,04:05:00)",7,1,2016-10-02,3,45,True
2016-10-02 04:05:00,7,0,1,"[04:05:00,04:25:00)",7,1,2016-10-02,4,5,True
2016-10-02 04:25:00,16,0,1,"[04:25:00,04:45:00)",7,1,2016-10-02,4,25,True
2016-10-02 04:45:00,24,0,1,"[04:45:00,05:05:00)",7,1,2016-10-02,4,45,True
2016-10-02 05:05:00,25,0,1,"[05:05:00,05:25:00)",7,1,2016-10-02,5,5,True
2016-10-02 05:25:00,34,0,1,"[05:25:00,05:45:00)",7,1,2016-10-02,5,25,True
2016-10-02 05:45:00,50,0,1,"[05:45:00,06:05:00)",7,1,2016-10-02,5,45,True
2016-10-02 06:05:00,68,0,1,"[06:05:00,06:25:00)",7,1,2016-10-02,6,5,True
2016-10-02 06:25:00,88,0,1,"[06:25:00,06:45:00)",7,1,2016-10-02,6,25,True
2016-10-02 06:45:00,108,0,1,"[06:45:00,07:05:00)",7,1,2016-10-02,6,45,True
2016-10-02 07:05:00,153,0,1,"[07:05:00,07:25:00)",7,1,2016-10-02,7,5,True
2016-10-02 07:25:00,158,0,1,"[07:25:00,07:45:00)",7,1,2016-10-02,7,25,True
2016-10-02 07:45:00,164,0,1,"[07:45:00,08:05:00)",7,1,2016-10-02,7,45,True
2016-10-02 08:05:00,217,0,1,"[08:05:00,08:25:00)",7,1,2016-10-02,8,5,True
2016-10-02 08:25:00,238,0,1,"[08:25:00,08:45:00)",7,1,2016-10-02,8,25,True
2016-10-02 08:45:00,286,0,1,"[08:45:00,09:05:00)",7,1,2016-10-02,8,45,True
2016-10-02 09:05:00,275,0,1,"[09:05:00,09:25:00)",7,1,2016-10-02,9,5,True
2016-10-02 09:25:00,277,0,1,"[09:25:00,09:45:00)",7,1,2016-10-02,9,25,True
2016-10-02 09:45:00,169,0,1,"[09:45:00,10:05:00)",7,1,2016-10-02,9,45,True
2016-10-02 10:05:00,146,0,1,"[10:05:00,10:25:00)",7,1,2016-10-02,10,5,True
2016-10-02 10:25:00,133,0,1,"[10:25:00,10:45:00)",7,1,2016-10-02,10,25,True
2016-10-02 10:45:00,202,0,1,"[10:45:00,11:05:00)",7,1,2016-10-02,10,45,True
2016-10-02 11:05:00,158,0,1,"[11:05:00,11:25:00)",7,1,2016-10-02,11,5,True
2016-10-02 11:25:00,154,0,1,"[11:25:00,11:45:00)",7,1,2016-10-02,11,25,True
2016-10-02 11:45:00,156,0,1,"[11:45:00,12:05:00)",7,1,2016-10-02,11,45,True
2016-10-02 12:05:00,140,0,1,"[12:05:00,12:25:00)",7,1,2016-10-02,12,5,True
2016-10-02 12:25:00,151,0,1,"[12:25:00,12:45:00)",7,1,2016-10-02,12,25,True
2016-10-02 12:45:00,172,0,1,"[12:45:00,13:05:00)",7,1,2016-10-02,12,45,True
2016-10-02 13:05:00,180,0,1,"[13:05:00,13:25:00)",7,1,2016-10-02,13,5,True
2016-10-02 13:25:00,193,0,1,"[13:25:00,13:45:00)",7,1,2016-10-02,13,25,True
2016-10-02 13:45:00,190,0,1,"[13:45:00,14:05:00)",7,1,2016-10-02,13,45,True
2016-10-02 14:05:00,168,0,1,"[14:05:00,14:25:00)",7,1,2016-10-02,14,5,True
2016-10-02 14:25:00,177,0,1,"[14:25:00,14:45:00)",7,1,2016-10-02,14,25,True
2016-10-02 14:45:00,183,0,1,"[14:45:00,15:05:00)",7,1,2016-10-02,14,45,True
2016-10-02 15:05:00,190,0,1,"[15:05:00,15:25:00)",7,1,2016-10-02,15,5,True
2016-10-02 15:25:00,172,0,1,"[15:25:00,15:45:00)",7,1,2016-10-02,15,25,True
2016-10-02 15:45:00,151,0,1,"[15:45:00,16:05:00)",7,1,2016-10-02,15,45,True
2016-10-02 16:05:00,168,0,1,"[16:05:00,16:25:00)",7,1,2016-10-02,16,5,True
2016-10-02 16:25:00,165,0,1,"[16:25:00,16:45:00)",7,1,2016-10-02,16,25,True
2016-10-02 16:45:00,137,0,1,"[16:45:00,17:05:00)",7,1,2016-10-02,16,45,True
2016-10-02 17:05:00,162,0,1,"[17:05:00,17:25:00)",7,1,2016-10-02,17,5,True
2016-10-02 17:25:00,120,0,1,"[17:25:00,17:45:00)",7,1,2016-10-02,17,25,True
2016-10-02 17:45:00,106,0,1,"[17:45:00,18:05:00)",7,1,2016-10-02,17,45,True
2016-10-02 18:05:00,91,0,1,"[18:05:00,18:25:00)",7,1,2016-10-02,18,5,True
2016-10-02 18:25:00,114,0,1,"[18:25:00,18:45:00)",7,1,2016-10-02,18,25,True
2016-10-02 18:45:00,73,0,1,"[18:45:00,19:05:00)",7,1,2016-10-02,18,45,True
2016-10-02 19:05:00,94,0,1,"[19:05:00,19:25:00)",7,1,2016-10-02,19,5,True
2016-10-02 19:25:00,93,0,1,"[19:25:00,19:45:00)",7,1,2016-10-02,19,25,True
2016-10-02 19:45:00,71,0,1,"[19:45:00,20:05:00)",7,1,2016-10-02,19,45,True
2016-10-02 20:05:00,93,0,1,"[20:05:00,20:25:00)",7,1,2016-10-02,20,5,True
2016-10-02 20:25:00,102,0,1,"[20:25:00,20:45:00)",7,1,2016-10-02,20,25,True
2016-10-02 20:45:00,71,0,1,"[20:45:00,21:05:00)",7,1,2016-10-02,20,45,True
2016-10-02 21:05:00,52,0,1,"[21:05:00,21:25:00)",7,1,2016-10-02,21,5,True
2016-10-02 21:25:00,49,0,1,"[21:25:00,21:45:00)",7,1,2016-10-02,21,25,True
2016-10-02 21:45:00,63,0,1,"[21:45:00,22:05:00)",7,1,2016-10-02,21,45,True
2016-10-02 22:05:00,41,0,1,"[22:05:00,22:25:00)",7,1,2016-10-02,22,5,True
2016-10-02 22:25:00,30,0,1,"[22:25:00,22:45:00)",7,1,2016-10-02,22,25,True
2016-10-02 22:45:00,25,0,1,"[22:45:00,23:05:00)",7,1,2016-10-02,22,45,True
2016-10-02 23:05:00,1,0,1,"[23:05:00,23:25:00)",7,1,2016-10-02,23,5,True
2016-10-02 23:25:00,14,0,1,"[23:25:00,23:45:00)",7,1,2016-10-02,23,25,True
2016-10-02 23:45:00,17,0,1,"[23:45:00,00:00:00)",7,1,2016-10-02,23,45,True
2016-10-03 00:05:00,20,0,1,"[00:05:00,00:25:00)",1,0,2016-10-03,0,5,True
2016-10-03 00:25:00,12,0,1,"[00:25:00,00:45:00)",1,0,2016-10-03,0,25,True
2016-10-03 00:45:00,9,0,1,"[00:45:00,01:05:00)",1,0,2016-10-03,0,45,True
2016-10-03 01:05:00,5,0,1,"[01:05:00,01:25:00)",1,0,2016-10-03,1,5,True
2016-10-03 01:25:00,10,0,1,"[01:25:00,01:45:00)",1,0,2016-10-03,1,25,True
2016-10-03 01:45:00,10,0,1,"[01:45:00,02:05:00)",1,0,2016-10-03,1,45,True
2016-10-03 02:05:00,8,0,1,"[02:05:00,02:25:00)",1,0,2016-10-03,2,5,True
2016-10-03 02:25:00,4,0,1,"[02:25:00,02:45:00)",1,0,2016-10-03,2,25,True
2016-10-03 02:45:00,5,0,1,"[02:45:00,03:05:00)",1,0,2016-10-03,2,45,True
2016-10-03 03:05:00,4,0,1,"[03:05:00,03:25:00)",1,0,2016-10-03,3,5,True
2016-10-03 03:25:00,14,0,1,"[03:25:00,03:45:00)",1,0,2016-10-03,3,25,True
2016-10-03 03:45:00,13,0,1,"[03:45:00,04:05:00)",1,0,2016-10-03,3,45,True
2016-10-03 04:05:00,14,0,1,"[04:05:00,04:25:00)",1,0,2016-10-03,4,5,True
2016-10-03 04:25:00,12,0,1,"[04:25:00,04:45:00)",1,0,2016-10-03,4,25,True
2016-10-03 04:45:00,19,0,1,"[04:45:00,05:05:00)",1,0,2016-10-03,4,45,True
2016-10-03 05:05:00,20,0,1,"[05:05:00,05:25:00)",1,0,2016-10-03,5,5,True
2016-10-03 05:25:00,28,0,1,"[05:25:00,05:45:00)",1,0,2016-10-03,5,25,True
2016-10-03 05:45:00,32,0,1,"[05:45:00,06:05:00)",1,0,2016-10-03,5,45,True
2016-10-03 06:05:00,38,0,1,"[06:05:00,06:25:00)",1,0,2016-10-03,6,5,True
2016-10-03 06:25:00,73,0,1,"[06:25:00,06:45:00)",1,0,2016-10-03,6,25,True
2016-10-03 06:45:00,85,0,1,"[06:45:00,07:05:00)",1,0,2016-10-03,6,45,True
2016-10-03 07:05:00,95,0,1,"[07:05:00,07:25:00)",1,0,2016-10-03,7,5,True
2016-10-03 07:25:00,104,0,1,"[07:25:00,07:45:00)",1,0,2016-10-03,7,25,True
2016-10-03 07:45:00,153,0,1,"[07:45:00,08:05:00)",1,0,2016-10-03,7,45,True
2016-10-03 08:05:00,207,0,1,"[08:05:00,08:25:00)",1,0,2016-10-03,8,5,True
2016-10-03 08:25:00,207,0,1,"[08:25:00,08:45:00)",1,0,2016-10-03,8,25,True
2016-10-03 08:45:00,155,0,1,"[08:45:00,09:05:00)",1,0,2016-10-03,8,45,True
2016-10-03 09:05:00,99,0,1,"[09:05:00,09:25:00)",1,0,2016-10-03,9,5,True
2016-10-03 09:25:00,202,0,1,"[09:25:00,09:45:00)",1,0,2016-10-03,9,25,True
2016-10-03 09:45:00,196,0,1,"[09:45:00,10:05:00)",1,0,2016-10-03,9,45,True
2016-10-03 10:05:00,146,0,1,"[10:05:00,10:25:00)",1,0,2016-10-03,10,5,True
2016-10-03 10:25:00,143,0,1,"[10:25:00,10:45:00)",1,0,2016-10-03,10,25,True
2016-10-03 10:45:00,109,0,1,"[10:45:00,11:05:00)",1,0,2016-10-03,10,45,True
2016-10-03 11:05:00,129,0,1,"[11:05:00,11:25:00)",1,0,2016-10-03,11,5,True
2016-10-03 11:25:00,168,0,1,"[11:25:00,11:45:00)",1,0,2016-10-03,11,25,True
2016-10-03 11:45:00,120,0,1,"[11:45:00,12:05:00)",1,0,2016-10-03,11,45,True
2016-10-03 12:05:00,132,0,1,"[12:05:00,12:25:00)",1,0,2016-10-03,12,5,True
2016-10-03 12:25:00,160,0,1,"[12:25:00,12:45:00)",1,0,2016-10-03,12,25,True
2016-10-03 12:45:00,155,0,1,"[12:45:00,13:05:00)",1,0,2016-10-03,12,45,True
2016-10-03 13:05:00,172,0,1,"[13:05:00,13:25:00)",1,0,2016-10-03,13,5,True
2016-10-03 13:25:00,183,0,1,"[13:25:00,13:45:00)",1,0,2016-10-03,13,25,True
2016-10-03 13:45:00,166,0,1,"[13:45:00,14:05:00)",1,0,2016-10-03,13,45,True
2016-10-03 14:05:00,203,0,1,"[14:05:00,14:25:00)",1,0,2016-10-03,14,5,True
2016-10-03 14:25:00,201,0,1,"[14:25:00,14:45:00)",1,0,2016-10-03,14,25,True
2016-10-03 14:45:00,172,0,1,"[14:45:00,15:05:00)",1,0,2016-10-03,14,45,True
2016-10-03 15:05:00,183,0,1,"[15:05:00,15:25:00)",1,0,2016-10-03,15,5,True
2016-10-03 15:25:00,183,0,1,"[15:25:00,15:45:00)",1,0,2016-10-03,15,25,True
2016-10-03 15:45:00,155,0,1,"[15:45:00,16:05:00)",1,0,2016-10-03,15,45,True
2016-10-03 16:05:00,144,0,1,"[16:05:00,16:25:00)",1,0,2016-10-03,16,5,True
2016-10-03 16:25:00,129,0,1,"[16:25:00,16:45:00)",1,0,2016-10-03,16,25,True
2016-10-03 16:45:00,108,0,1,"[16:45:00,17:05:00)",1,0,2016-10-03,16,45,True
2016-10-03 17:05:00,162,0,1,"[17:05:00,17:25:00)",1,0,2016-10-03,17,5,True
2016-10-03 17:25:00,114,0,1,"[17:25:00,17:45:00)",1,0,2016-10-03,17,25,True
2016-10-03 17:45:00,106,0,1,"[17:45:00,18:05:00)",1,0,2016-10-03,17,45,True
2016-10-03 18:05:00,113,0,1,"[18:05:00,18:25:00)",1,0,2016-10-03,18,5,True
2016-10-03 18:25:00,92,0,1,"[18:25:00,18:45:00)",1,0,2016-10-03,18,25,True
2016-10-03 18:45:00,86,0,1,"[18:45:00,19:05:00)",1,0,2016-10-03,18,45,True
2016-10-03 19:05:00,81,0,1,"[19:05:00,19:25:00)",1,0,2016-10-03,19,5,True
2016-10-03 19:25:00,95,0,1,"[19:25:00,19:45:00)",1,0,2016-10-03,19,25,True
2016-10-03 19:45:00,90,0,1,"[19:45:00,20:05:00)",1,0,2016-10-03,19,45,True
2016-10-03 20:05:00,72,0,1,"[20:05:00,20:25:00)",1,0,2016-10-03,20,5,True
2016-10-03 20:25:00,72,0,1,"[20:25:00,20:45:00)",1,0,2016-10-03,20,25,True
2016-10-03 20:45:00,69,0,1,"[20:45:00,21:05:00)",1,0,2016-10-03,20,45,True
2016-10-03 21:05:00,72,0,1,"[21:05:00,21:25:00)",1,0,2016-10-03,21,5,True
2016-10-03 21:25:00,64,0,1,"[21:25:00,21:45:00)",1,0,2016-10-03,21,25,True
2016-10-03 21:45:00,51,0,1,"[21:45:00,22:05:00)",1,0,2016-10-03,21,45,True
2016-10-03 22:05:00,36,0,1,"[22:05:00,22:25:00)",1,0,2016-10-03,22,5,True
2016-10-03 22:25:00,47,0,1,"[22:25:00,22:45:00)",1,0,2016-10-03,22,25,True
2016-10-03 22:45:00,28,0,1,"[22:45:00,23:05:00)",1,0,2016-10-03,22,45,True
2016-10-03 23:05:00,41,0,1,"[23:05:00,23:25:00)",1,0,2016-10-03,23,5,True
2016-10-03 23:25:00,17,0,1,"[23:25:00,23:45:00)",1,0,2016-10-03,23,25,True
2016-10-03 23:45:00,19,0,1,"[23:45:00,00:00:00)",1,0,2016-10-03,23,45,True
2016-10-04 00:05:00,15,0,1,"[00:05:00,00:25:00)",2,0,2016-10-04,0,5,True
2016-10-04 00:25:00,15,0,1,"[00:25:00,00:45:00)",2,0,2016-10-04,0,25,True
2016-10-04 00:45:00,12,0,1,"[00:45:00,01:05:00)",2,0,2016-10-04,0,45,True
2016-10-04 01:05:00,14,0,1,"[01:05:00,01:25:00)",2,0,2016-10-04,1,5,True
2016-10-04 01:25:00,11,0,1,"[01:25:00,01:45:00)",2,0,2016-10-04,1,25,True
2016-10-04 01:45:00,7,0,1,"[01:45:00,02:05:00)",2,0,2016-10-04,1,45,True
2016-10-04 02:05:00,8,0,1,"[02:05:00,02:25:00)",2,0,2016-10-04,2,5,True
2016-10-04 02:25:00,8,0,1,"[02:25:00,02:45:00)",2,0,2016-10-04,2,25,True
2016-10-04 02:45:00,4,0,1,"[02:45:00,03:05:00)",2,0,2016-10-04,2,45,True
2016-10-04 03:05:00,11,0,1,"[03:05:00,03:25:00)",2,0,2016-10-04,3,5,True
2016-10-04 03:25:00,9,0,1,"[03:25:00,03:45:00)",2,0,2016-10-04,3,25,True
2016-10-04 03:45:00,12,0,1,"[03:45:00,04:05:00)",2,0,2016-10-04,3,45,True
2016-10-04 04:05:00,8,0,1,"[04:05:00,04:25:00)",2,0,2016-10-04,4,5,True
2016-10-04 04:25:00,11,0,1,"[04:25:00,04:45:00)",2,0,2016-10-04,4,25,True
2016-10-04 04:45:00,13,0,1,"[04:45:00,05:05:00)",2,0,2016-10-04,4,45,True
2016-10-04 05:05:00,19,0,1,"[05:05:00,05:25:00)",2,0,2016-10-04,5,5,True
2016-10-04 05:25:00,26,0,1,"[05:25:00,05:45:00)",2,0,2016-10-04,5,25,True
2016-10-04 05:45:00,37,0,1,"[05:45:00,06:05:00)",2,0,2016-10-04,5,45,True
2016-10-04 06:05:00,42,0,1,"[06:05:00,06:25:00)",2,0,2016-10-04,6,5,True
2016-10-04 06:25:00,67,0,1,"[06:25:00,06:45:00)",2,0,2016-10-04,6,25,True
2016-10-04 06:45:00,84,0,1,"[06:45:00,07:05:00)",2,0,2016-10-04,6,45,True
2016-10-04 07:05:00,117,0,1,"[07:05:00,07:25:00)",2,0,2016-10-04,7,5,True
2016-10-04 07:25:00,119,0,1,"[07:25:00,07:45:00)",2,0,2016-10-04,7,25,True
2016-10-04 07:45:00,127,0,1,"[07:45:00,08:05:00)",2,0,2016-10-04,7,45,True
2016-10-04 08:05:00,190,0,1,"[08:05:00,08:25:00)",2,0,2016-10-04,8,5,True
2016-10-04 08:25:00,193,0,1,"[08:25:00,08:45:00)",2,0,2016-10-04,8,25,True
2016-10-04 08:45:00,229,0,1,"[08:45:00,09:05:00)",2,0,2016-10-04,8,45,True
2016-10-04 09:05:00,218,0,1,"[09:05:00,09:25:00)",2,0,2016-10-04,9,5,True
2016-10-04 09:25:00,224,0,1,"[09:25:00,09:45:00)",2,0,2016-10-04,9,25,True
2016-10-04 09:45:00,221,0,1,"[09:45:00,10:05:00)",2,0,2016-10-04,9,45,True
2016-10-04 10:05:00,230,0,1,"[10:05:00,10:25:00)",2,0,2016-10-04,10,5,True
2016-10-04 10:25:00,232,0,1,"[10:25:00,10:45:00)",2,0,2016-10-04,10,25,True
2016-10-04 10:45:00,201,0,1,"[10:45:00,11:05:00)",2,0,2016-10-04,10,45,True
2016-10-04 11:05:00,175,0,1,"[11:05:00,11:25:00)",2,0,2016-10-04,11,5,True
2016-10-04 11:25:00,175,0,1,"[11:25:00,11:45:00)",2,0,2016-10-04,11,25,True
2016-10-04 11:45:00,149,0,1,"[11:45:00,12:05:00)",2,0,2016-10-04,11,45,True
2016-10-04 12:05:00,126,0,1,"[12:05:00,12:25:00)",2,0,2016-10-04,12,5,True
2016-10-04 12:25:00,139,0,1,"[12:25:00,12:45:00)",2,0,2016-10-04,12,25,True
2016-10-04 12:45:00,177,0,1,"[12:45:00,13:05:00)",2,0,2016-10-04,12,45,True
2016-10-04 13:05:00,171,0,1,"[13:05:00,13:25:00)",2,0,2016-10-04,13,5,True
2016-10-04 13:25:00,170,0,1,"[13:25:00,13:45:00)",2,0,2016-10-04,13,25,True
2016-10-04 13:45:00,151,0,1,"[13:45:00,14:05:00)",2,0,2016-10-04,13,45,True
2016-10-04 14:05:00,165,0,1,"[14:05:00,14:25:00)",2,0,2016-10-04,14,5,True
2016-10-04 14:25:00,194,0,1,"[14:25:00,14:45:00)",2,0,2016-10-04,14,25,True
2016-10-04 14:45:00,186,0,1,"[14:45:00,15:05:00)",2,0,2016-10-04,14,45,True
2016-10-04 15:05:00,207,0,1,"[15:05:00,15:25:00)",2,0,2016-10-04,15,5,True
2016-10-04 15:25:00,210,0,1,"[15:25:00,15:45:00)",2,0,2016-10-04,15,25,True
2016-10-04 15:45:00,190,0,1,"[15:45:00,16:05:00)",2,0,2016-10-04,15,45,True
2016-10-04 16:05:00,211,0,1,"[16:05:00,16:25:00)",2,0,2016-10-04,16,5,True
2016-10-04 16:25:00,217,0,1,"[16:25:00,16:45:00)",2,0,2016-10-04,16,25,True
2016-10-04 16:45:00,221,0,1,"[16:45:00,17:05:00)",2,0,2016-10-04,16,45,True
2016-10-04 17:05:00,203,0,1,"[17:05:00,17:25:00)",2,0,2016-10-04,17,5,True
2016-10-04 17:25:00,192,0,1,"[17:25:00,17:45:00)",2,0,2016-10-04,17,25,True
2016-10-04 17:45:00,148,0,1,"[17:45:00,18:05:00)",2,0,2016-10-04,17,45,True
2016-10-04 18:05:00,136,0,1,"[18:05:00,18:25:00)",2,0,2016-10-04,18,5,True
2016-10-04 18:25:00,94,0,1,"[18:25:00,18:45:00)",2,0,2016-10-04,18,25,True
2016-10-04 18:45:00,122,0,1,"[18:45:00,19:05:00)",2,0,2016-10-04,18,45,True
2016-10-04 19:05:00,116,0,1,"[19:05:00,19:25:00)",2,0,2016-10-04,19,5,True
2016-10-04 19:25:00,127,0,1,"[19:25:00,19:45:00)",2,0,2016-10-04,19,25,True
2016-10-04 19:45:00,114,0,1,"[19:45:00,20:05:00)",2,0,2016-10-04,19,45,True
2016-10-04 20:05:00,132,0,1,"[20:05:00,20:25:00)",2,0,2016-10-04,20,5,True
2016-10-04 20:25:00,108,0,1,"[20:25:00,20:45:00)",2,0,2016-10-04,20,25,True
2016-10-04 20:45:00,80,0,1,"[20:45:00,21:05:00)",2,0,2016-10-04,20,45,True
2016-10-04 21:05:00,79,0,1,"[21:05:00,21:25:00)",2,0,2016-10-04,21,5,True
2016-10-04 21:25:00,48,0,1,"[21:25:00,21:45:00)",2,0,2016-10-04,21,25,True
2016-10-04 21:45:00,52,0,1,"[21:45:00,22:05:00)",2,0,2016-10-04,21,45,True
2016-10-04 22:05:00,35,0,1,"[22:05:00,22:25:00)",2,0,2016-10-04,22,5,True
2016-10-04 22:25:00,39,0,1,"[22:25:00,22:45:00)",2,0,2016-10-04,22,25,True
2016-10-04 22:45:00,30,0,1,"[22:45:00,23:05:00)",2,0,2016-10-04,22,45,True
2016-10-04 23:05:00,25,0,1,"[23:05:00,23:25:00)",2,0,2016-10-04,23,5,True
2016-10-04 23:25:00,13,0,1,"[23:25:00,23:45:00)",2,0,2016-10-04,23,25,True
2016-10-04 23:45:00,26,0,1,"[23:45:00,00:00:00)",2,0,2016-10-04,23,45,True
2016-10-05 00:05:00,27,0,1,"[00:05:00,00:25:00)",3,0,2016-10-05,0,5,True
2016-10-05 00:25:00,16,0,1,"[00:25:00,00:45:00)",3,0,2016-10-05,0,25,True
2016-10-05 00:45:00,13,0,1,"[00:45:00,01:05:00)",3,0,2016-10-05,0,45,True
2016-10-05 01:05:00,7,0,1,"[01:05:00,01:25:00)",3,0,2016-10-05,1,5,True
2016-10-05 01:25:00,12,0,1,"[01:25:00,01:45:00)",3,0,2016-10-05,1,25,True
2016-10-05 01:45:00,5,0,1,"[01:45:00,02:05:00)",3,0,2016-10-05,1,45,True
2016-10-05 02:05:00,12,0,1,"[02:05:00,02:25:00)",3,0,2016-10-05,2,5,True
2016-10-05 02:25:00,10,0,1,"[02:25:00,02:45:00)",3,0,2016-10-05,2,25,True
2016-10-05 02:45:00,5,0,1,"[02:45:00,03:05:00)",3,0,2016-10-05,2,45,True
2016-10-05 03:05:00,9,0,1,"[03:05:00,03:25:00)",3,0,2016-10-05,3,5,True
2016-10-05 03:25:00,6,0,1,"[03:25:00,03:45:00)",3,0,2016-10-05,3,25,True
2016-10-05 03:45:00,8,0,1,"[03:45:00,04:05:00)",3,0,2016-10-05,3,45,True
2016-10-05 04:05:00,11,0,1,"[04:05:00,04:25:00)",3,0,2016-10-05,4,5,True
2016-10-05 04:25:00,8,0,1,"[04:25:00,04:45:00)",3,0,2016-10-05,4,25,True
2016-10-05 04:45:00,27,0,1,"[04:45:00,05:05:00)",3,0,2016-10-05,4,45,True
2016-10-05 05:05:00,22,0,1,"[05:05:00,05:25:00)",3,0,2016-10-05,5,5,True
2016-10-05 05:25:00,30,0,1,"[05:25:00,05:45:00)",3,0,2016-10-05,5,25,True
2016-10-05 05:45:00,38,0,1,"[05:45:00,06:05:00)",3,0,2016-10-05,5,45,True
2016-10-05 06:05:00,55,0,1,"[06:05:00,06:25:00)",3,0,2016-10-05,6,5,True
2016-10-05 06:25:00,63,0,1,"[06:25:00,06:45:00)",3,0,2016-10-05,6,25,True
2016-10-05 06:45:00,91,0,1,"[06:45:00,07:05:00)",3,0,2016-10-05,6,45,True
2016-10-05 07:05:00,92,0,1,"[07:05:00,07:25:00)",3,0,2016-10-05,7,5,True
2016-10-05 07:25:00,103,0,1,"[07:25:00,07:45:00)",3,0,2016-10-05,7,25,True
2016-10-05 07:45:00,141,0,1,"[07:45:00,08:05:00)",3,0,2016-10-05,7,45,True
2016-10-05 08:05:00,144,0,1,"[08:05:00,08:25:00)",3,0,2016-10-05,8,5,True
2016-10-05 08:25:00,181,0,1,"[08:25:00,08:45:00)",3,0,2016-10-05,8,25,True
2016-10-05 08:45:00,172,0,1,"[08:45:00,09:05:00)",3,0,2016-10-05,8,45,True
2016-10-05 09:05:00,187,0,1,"[09:05:00,09:25:00)",3,0,2016-10-05,9,5,True
2016-10-05 09:25:00,187,0,1,"[09:25:00,09:45:00)",3,0,2016-10-05,9,25,True
2016-10-05 09:45:00,164,0,1,"[09:45:00,10:05:00)",3,0,2016-10-05,9,45,True
2016-10-05 10:05:00,180,0,1,"[10:05:00,10:25:00)",3,0,2016-10-05,10,5,True
2016-10-05 10:25:00,208,0,1,"[10:25:00,10:45:00)",3,0,2016-10-05,10,25,True
2016-10-05 10:45:00,228,0,1,"[10:45:00,11:05:00)",3,0,2016-10-05,10,45,True
2016-10-05 11:05:00,168,0,1,"[11:05:00,11:25:00)",3,0,2016-10-05,11,5,True
2016-10-05 11:25:00,181,0,1,"[11:25:00,11:45:00)",3,0,2016-10-05,11,25,True
2016-10-05 11:45:00,133,0,1,"[11:45:00,12:05:00)",3,0,2016-10-05,11,45,True
2016-10-05 12:05:00,171,0,1,"[12:05:00,12:25:00)",3,0,2016-10-05,12,5,True
2016-10-05 12:25:00,158,0,1,"[12:25:00,12:45:00)",3,0,2016-10-05,12,25,True
2016-10-05 12:45:00,160,0,1,"[12:45:00,13:05:00)",3,0,2016-10-05,12,45,True
2016-10-05 13:05:00,155,0,1,"[13:05:00,13:25:00)",3,0,2016-10-05,13,5,True
2016-10-05 13:25:00,174,0,1,"[13:25:00,13:45:00)",3,0,2016-10-05,13,25,True
2016-10-05 13:45:00,217,0,1,"[13:45:00,14:05:00)",3,0,2016-10-05,13,45,True
2016-10-05 14:05:00,187,0,1,"[14:05:00,14:25:00)",3,0,2016-10-05,14,5,True
2016-10-05 14:25:00,190,0,1,"[14:25:00,14:45:00)",3,0,2016-10-05,14,25,True
2016-10-05 14:45:00,209,0,1,"[14:45:00,15:05:00)",3,0,2016-10-05,14,45,True
2016-10-05 15:05:00,233,0,1,"[15:05:00,15:25:00)",3,0,2016-10-05,15,5,True
2016-10-05 15:25:00,200,0,1,"[15:25:00,15:45:00)",3,0,2016-10-05,15,25,True
2016-10-05 15:45:00,202,0,1,"[15:45:00,16:05:00)",3,0,2016-10-05,15,45,True
2016-10-05 16:05:00,267,0,1,"[16:05:00,16:25:00)",3,0,2016-10-05,16,5,True
2016-10-05 16:25:00,235,0,1,"[16:25:00,16:45:00)",3,0,2016-10-05,16,25,True
2016-10-05 16:45:00,186,0,1,"[16:45:00,17:05:00)",3,0,2016-10-05,16,45,True
2016-10-05 17:05:00,176,0,1,"[17:05:00,17:25:00)",3,0,2016-10-05,17,5,True
2016-10-05 17:25:00,197,0,1,"[17:25:00,17:45:00)",3,0,2016-10-05,17,25,True
2016-10-05 17:45:00,202,0,1,"[17:45:00,18:05:00)",3,0,2016-10-05,17,45,True
2016-10-05 18:05:00,184,0,1,"[18:05:00,18:25:00)",3,0,2016-10-05,18,5,True
2016-10-05 18:25:00,172,0,1,"[18:25:00,18:45:00)",3,0,2016-10-05,18,25,True
2016-10-05 18:45:00,108,0,1,"[18:45:00,19:05:00)",3,0,2016-10-05,18,45,True
2016-10-05 19:05:00,142,0,1,"[19:05:00,19:25:00)",3,0,2016-10-05,19,5,True
2016-10-05 19:25:00,141,0,1,"[19:25:00,19:45:00)",3,0,2016-10-05,19,25,True
2016-10-05 19:45:00,132,0,1,"[19:45:00,20:05:00)",3,0,2016-10-05,19,45,True
2016-10-05 20:05:00,164,0,1,"[20:05:00,20:25:00)",3,0,2016-10-05,20,5,True
2016-10-05 20:25:00,144,0,1,"[20:25:00,20:45:00)",3,0,2016-10-05,20,25,True
2016-10-05 20:45:00,127,0,1,"[20:45:00,21:05:00)",3,0,2016-10-05,20,45,True
2016-10-05 21:05:00,133,0,1,"[21:05:00,21:25:00)",3,0,2016-10-05,21,5,True
2016-10-05 21:25:00,82,0,1,"[21:25:00,21:45:00)",3,0,2016-10-05,21,25,True
2016-10-05 21:45:00,55,0,1,"[21:45:00,22:05:00)",3,0,2016-10-05,21,45,True
2016-10-05 22:05:00,37,0,1,"[22:05:00,22:25:00)",3,0,2016-10-05,22,5,True
2016-10-05 22:25:00,46,0,1,"[22:25:00,22:45:00)",3,0,2016-10-05,22,25,True
2016-10-05 22:45:00,35,0,1,"[22:45:00,23:05:00)",3,0,2016-10-05,22,45,True
2016-10-05 23:05:00,22,0,1,"[23:05:00,23:25:00)",3,0,2016-10-05,23,5,True
2016-10-05 23:25:00,31,0,1,"[23:25:00,23:45:00)",3,0,2016-10-05,23,25,True
2016-10-05 23:45:00,23,0,1,"[23:45:00,00:00:00)",3,0,2016-10-05,23,45,True
2016-10-06 00:05:00,18,0,1,"[00:05:00,00:25:00)",4,0,2016-10-06,0,5,True
2016-10-06 00:25:00,24,0,1,"[00:25:00,00:45:00)",4,0,2016-10-06,0,25,True
2016-10-06 00:45:00,18,0,1,"[00:45:00,01:05:00)",4,0,2016-10-06,0,45,True
2016-10-06 01:05:00,9,0,1,"[01:05:00,01:25:00)",4,0,2016-10-06,1,5,True
2016-10-06 01:25:00,11,0,1,"[01:25:00,01:45:00)",4,0,2016-10-06,1,25,True
2016-10-06 01:45:00,10,0,1,"[01:45:00,02:05:00)",4,0,2016-10-06,1,45,True
2016-10-06 02:05:00,11,0,1,"[02:05:00,02:25:00)",4,0,2016-10-06,2,5,True
2016-10-06 02:25:00,5,0,1,"[02:25:00,02:45:00)",4,0,2016-10-06,2,25,True
2016-10-06 02:45:00,9,0,1,"[02:45:00,03:05:00)",4,0,2016-10-06,2,45,True
2016-10-06 03:05:00,18,0,1,"[03:05:00,03:25:00)",4,0,2016-10-06,3,5,True
2016-10-06 03:25:00,10,0,1,"[03:25:00,03:45:00)",4,0,2016-10-06,3,25,True
2016-10-06 03:45:00,14,0,1,"[03:45:00,04:05:00)",4,0,2016-10-06,3,45,True
2016-10-06 04:05:00,5,0,1,"[04:05:00,04:25:00)",4,0,2016-10-06,4,5,True
2016-10-06 04:25:00,19,0,1,"[04:25:00,04:45:00)",4,0,2016-10-06,4,25,True
2016-10-06 04:45:00,13,0,1,"[04:45:00,05:05:00)",4,0,2016-10-06,4,45,True
2016-10-06 05:05:00,26,0,1,"[05:05:00,05:25:00)",4,0,2016-10-06,5,5,True
2016-10-06 05:25:00,26,0,1,"[05:25:00,05:45:00)",4,0,2016-10-06,5,25,True
2016-10-06 05:45:00,36,0,1,"[05:45:00,06:05:00)",4,0,2016-10-06,5,45,True
2016-10-06 06:05:00,49,0,1,"[06:05:00,06:25:00)",4,0,2016-10-06,6,5,True
2016-10-06 06:25:00,58,0,1,"[06:25:00,06:45:00)",4,0,2016-10-06,6,25,True
2016-10-06 06:45:00,74,0,1,"[06:45:00,07:05:00)",4,0,2016-10-06,6,45,True
2016-10-06 07:05:00,84,0,1,"[07:05:00,07:25:00)",4,0,2016-10-06,7,5,True
2016-10-06 07:25:00,125,0,1,"[07:25:00,07:45:00)",4,0,2016-10-06,7,25,True
2016-10-06 07:45:00,130,0,1,"[07:45:00,08:05:00)",4,0,2016-10-06,7,45,True
2016-10-06 08:05:00,131,0,1,"[08:05:00,08:25:00)",4,0,2016-10-06,8,5,True
2016-10-06 08:25:00,164,0,1,"[08:25:00,08:45:00)",4,0,2016-10-06,8,25,True
2016-10-06 08:45:00,161,0,1,"[08:45:00,09:05:00)",4,0,2016-10-06,8,45,True
2016-10-06 09:05:00,169,0,1,"[09:05:00,09:25:00)",4,0,2016-10-06,9,5,True
2016-10-06 09:25:00,182,0,1,"[09:25:00,09:45:00)",4,0,2016-10-06,9,25,True
2016-10-06 09:45:00,173,0,1,"[09:45:00,10:05:00)",4,0,2016-10-06,9,45,True
2016-10-06 10:05:00,173,0,1,"[10:05:00,10:25:00)",4,0,2016-10-06,10,5,True
2016-10-06 10:25:00,116,0,1,"[10:25:00,10:45:00)",4,0,2016-10-06,10,25,True
2016-10-06 10:45:00,148,0,1,"[10:45:00,11:05:00)",4,0,2016-10-06,10,45,True
2016-10-06 11:05:00,140,0,1,"[11:05:00,11:25:00)",4,0,2016-10-06,11,5,True
2016-10-06 11:25:00,119,0,1,"[11:25:00,11:45:00)",4,0,2016-10-06,11,25,True
2016-10-06 11:45:00,163,0,1,"[11:45:00,12:05:00)",4,0,2016-10-06,11,45,True
2016-10-06 12:05:00,102,0,1,"[12:05:00,12:25:00)",4,0,2016-10-06,12,5,True
2016-10-06 12:25:00,155,0,1,"[12:25:00,12:45:00)",4,0,2016-10-06,12,25,True
2016-10-06 12:45:00,129,0,1,"[12:45:00,13:05:00)",4,0,2016-10-06,12,45,True
2016-10-06 13:05:00,193,0,1,"[13:05:00,13:25:00)",4,0,2016-10-06,13,5,True
2016-10-06 13:25:00,191,0,1,"[13:25:00,13:45:00)",4,0,2016-10-06,13,25,True
2016-10-06 13:45:00,195,0,1,"[13:45:00,14:05:00)",4,0,2016-10-06,13,45,True
2016-10-06 14:05:00,196,0,1,"[14:05:00,14:25:00)",4,0,2016-10-06,14,5,True
2016-10-06 14:25:00,213,0,1,"[14:25:00,14:45:00)",4,0,2016-10-06,14,25,True
2016-10-06 14:45:00,196,0,1,"[14:45:00,15:05:00)",4,0,2016-10-06,14,45,True
2016-10-06 15:05:00,230,0,1,"[15:05:00,15:25:00)",4,0,2016-10-06,15,5,True
2016-10-06 15:25:00,196,0,1,"[15:25:00,15:45:00)",4,0,2016-10-06,15,25,True
2016-10-06 15:45:00,207,0,1,"[15:45:00,16:05:00)",4,0,2016-10-06,15,45,True
2016-10-06 16:05:00,194,0,1,"[16:05:00,16:25:00)",4,0,2016-10-06,16,5,True
2016-10-06 16:25:00,204,0,1,"[16:25:00,16:45:00)",4,0,2016-10-06,16,25,True
2016-10-06 16:45:00,184,0,1,"[16:45:00,17:05:00)",4,0,2016-10-06,16,45,True
2016-10-06 17:05:00,198,0,1,"[17:05:00,17:25:00)",4,0,2016-10-06,17,5,True
2016-10-06 17:25:00,146,0,1,"[17:25:00,17:45:00)",4,0,2016-10-06,17,25,True
2016-10-06 17:45:00,154,0,1,"[17:45:00,18:05:00)",4,0,2016-10-06,17,45,True
2016-10-06 18:05:00,147,0,1,"[18:05:00,18:25:00)",4,0,2016-10-06,18,5,True
2016-10-06 18:25:00,145,0,1,"[18:25:00,18:45:00)",4,0,2016-10-06,18,25,True
2016-10-06 18:45:00,134,0,1,"[18:45:00,19:05:00)",4,0,2016-10-06,18,45,True
2016-10-06 19:05:00,153,0,1,"[19:05:00,19:25:00)",4,0,2016-10-06,19,5,True
2016-10-06 19:25:00,131,0,1,"[19:25:00,19:45:00)",4,0,2016-10-06,19,25,True
2016-10-06 19:45:00,133,0,1,"[19:45:00,20:05:00)",4,0,2016-10-06,19,45,True
2016-10-06 20:05:00,152,0,1,"[20:05:00,20:25:00)",4,0,2016-10-06,20,5,True
2016-10-06 20:25:00,109,0,1,"[20:25:00,20:45:00)",4,0,2016-10-06,20,25,True
2016-10-06 20:45:00,81,0,1,"[20:45:00,21:05:00)",4,0,2016-10-06,20,45,True
2016-10-06 21:05:00,61,0,1,"[21:05:00,21:25:00)",4,0,2016-10-06,21,5,True
2016-10-06 21:25:00,61,0,1,"[21:25:00,21:45:00)",4,0,2016-10-06,21,25,True
2016-10-06 21:45:00,57,0,1,"[21:45:00,22:05:00)",4,0,2016-10-06,21,45,True
2016-10-06 22:05:00,35,0,1,"[22:05:00,22:25:00)",4,0,2016-10-06,22,5,True
2016-10-06 22:25:00,28,0,1,"[22:25:00,22:45:00)",4,0,2016-10-06,22,25,True
2016-10-06 22:45:00,22,0,1,"[22:45:00,23:05:00)",4,0,2016-10-06,22,45,True
2016-10-06 23:05:00,14,0,1,"[23:05:00,23:25:00)",4,0,2016-10-06,23,5,True
2016-10-06 23:25:00,21,0,1,"[23:25:00,23:45:00)",4,0,2016-10-06,23,25,True
2016-10-06 23:45:00,22,0,1,"[23:45:00,00:00:00)",4,0,2016-10-06,23,45,True
2016-10-07 00:05:00,20,0,1,"[00:05:00,00:25:00)",5,0,2016-10-07,0,5,True
2016-10-07 00:25:00,11,0,1,"[00:25:00,00:45:00)",5,0,2016-10-07,0,25,True
2016-10-07 00:45:00,16,0,1,"[00:45:00,01:05:00)",5,0,2016-10-07,0,45,True
2016-10-07 01:05:00,8,0,1,"[01:05:00,01:25:00)",5,0,2016-10-07,1,5,True
2016-10-07 01:25:00,12,0,1,"[01:25:00,01:45:00)",5,0,2016-10-07,1,25,True
2016-10-07 01:45:00,10,0,1,"[01:45:00,02:05:00)",5,0,2016-10-07,1,45,True
2016-10-07 02:05:00,11,0,1,"[02:05:00,02:25:00)",5,0,2016-10-07,2,5,True
2016-10-07 02:25:00,9,0,1,"[02:25:00,02:45:00)",5,0,2016-10-07,2,25,True
2016-10-07 02:45:00,9,0,1,"[02:45:00,03:05:00)",5,0,2016-10-07,2,45,True
2016-10-07 03:05:00,10,0,1,"[03:05:00,03:25:00)",5,0,2016-10-07,3,5,True
2016-10-07 03:25:00,11,0,1,"[03:25:00,03:45:00)",5,0,2016-10-07,3,25,True
2016-10-07 03:45:00,9,0,1,"[03:45:00,04:05:00)",5,0,2016-10-07,3,45,True
2016-10-07 04:05:00,14,0,1,"[04:05:00,04:25:00)",5,0,2016-10-07,4,5,True
2016-10-07 04:25:00,12,0,1,"[04:25:00,04:45:00)",5,0,2016-10-07,4,25,True
2016-10-07 04:45:00,17,0,1,"[04:45:00,05:05:00)",5,0,2016-10-07,4,45,True
2016-10-07 05:05:00,14,0,1,"[05:05:00,05:25:00)",5,0,2016-10-07,5,5,True
2016-10-07 05:25:00,21,0,1,"[05:25:00,05:45:00)",5,0,2016-10-07,5,25,True
2016-10-07 05:45:00,30,0,1,"[05:45:00,06:05:00)",5,0,2016-10-07,5,45,True
2016-10-07 06:05:00,37,0,1,"[06:05:00,06:25:00)",5,0,2016-10-07,6,5,True
2016-10-07 06:25:00,71,0,1,"[06:25:00,06:45:00)",5,0,2016-10-07,6,25,True
2016-10-07 06:45:00,75,0,1,"[06:45:00,07:05:00)",5,0,2016-10-07,6,45,True
2016-10-07 07:05:00,104,0,1,"[07:05:00,07:25:00)",5,0,2016-10-07,7,5,True
2016-10-07 07:25:00,106,0,1,"[07:25:00,07:45:00)",5,0,2016-10-07,7,25,True
2016-10-07 07:45:00,96,0,1,"[07:45:00,08:05:00)",5,0,2016-10-07,7,45,True
2016-10-07 08:05:00,109,0,1,"[08:05:00,08:25:00)",5,0,2016-10-07,8,5,True
2016-10-07 08:25:00,127,0,1,"[08:25:00,08:45:00)",5,0,2016-10-07,8,25,True
2016-10-07 08:45:00,118,0,1,"[08:45:00,09:05:00)",5,0,2016-10-07,8,45,True
2016-10-07 09:05:00,144,0,1,"[09:05:00,09:25:00)",5,0,2016-10-07,9,5,True
2016-10-07 09:25:00,157,0,1,"[09:25:00,09:45:00)",5,0,2016-10-07,9,25,True
2016-10-07 09:45:00,153,0,1,"[09:45:00,10:05:00)",5,0,2016-10-07,9,45,True
2016-10-07 10:05:00,135,0,1,"[10:05:00,10:25:00)",5,0,2016-10-07,10,5,True
2016-10-07 10:25:00,134,0,1,"[10:25:00,10:45:00)",5,0,2016-10-07,10,25,True
2016-10-07 10:45:00,150,0,1,"[10:45:00,11:05:00)",5,0,2016-10-07,10,45,True
2016-10-07 11:05:00,120,0,1,"[11:05:00,11:25:00)",5,0,2016-10-07,11,5,True
2016-10-07 11:25:00,120,0,1,"[11:25:00,11:45:00)",5,0,2016-10-07,11,25,True
2016-10-07 11:45:00,129,0,1,"[11:45:00,12:05:00)",5,0,2016-10-07,11,45,True
2016-10-07 12:05:00,138,0,1,"[12:05:00,12:25:00)",5,0,2016-10-07,12,5,True
2016-10-07 12:25:00,117,0,1,"[12:25:00,12:45:00)",5,0,2016-10-07,12,25,True
2016-10-07 12:45:00,155,0,1,"[12:45:00,13:05:00)",5,0,2016-10-07,12,45,True
2016-10-07 13:05:00,150,0,1,"[13:05:00,13:25:00)",5,0,2016-10-07,13,5,True
2016-10-07 13:25:00,158,0,1,"[13:25:00,13:45:00)",5,0,2016-10-07,13,25,True
2016-10-07 13:45:00,188,0,1,"[13:45:00,14:05:00)",5,0,2016-10-07,13,45,True
2016-10-07 14:05:00,192,0,1,"[14:05:00,14:25:00)",5,0,2016-10-07,14,5,True
2016-10-07 14:25:00,188,0,1,"[14:25:00,14:45:00)",5,0,2016-10-07,14,25,True
2016-10-07 14:45:00,218,0,1,"[14:45:00,15:05:00)",5,0,2016-10-07,14,45,True
2016-10-07 15:05:00,197,0,1,"[15:05:00,15:25:00)",5,0,2016-10-07,15,5,True
2016-10-07 15:25:00,194,0,1,"[15:25:00,15:45:00)",5,0,2016-10-07,15,25,True
2016-10-07 15:45:00,184,0,1,"[15:45:00,16:05:00)",5,0,2016-10-07,15,45,True
2016-10-07 16:05:00,197,0,1,"[16:05:00,16:25:00)",5,0,2016-10-07,16,5,True
2016-10-07 16:25:00,152,0,1,"[16:25:00,16:45:00)",5,0,2016-10-07,16,25,True
2016-10-07 16:45:00,185,0,1,"[16:45:00,17:05:00)",5,0,2016-10-07,16,45,True
2016-10-07 17:05:00,153,0,1,"[17:05:00,17:25:00)",5,0,2016-10-07,17,5,True
2016-10-07 17:25:00,119,0,1,"[17:25:00,17:45:00)",5,0,2016-10-07,17,25,True
2016-10-07 17:45:00,111,0,1,"[17:45:00,18:05:00)",5,0,2016-10-07,17,45,True
2016-10-07 18:05:00,116,0,1,"[18:05:00,18:25:00)",5,0,2016-10-07,18,5,True
2016-10-07 18:25:00,78,0,1,"[18:25:00,18:45:00)",5,0,2016-10-07,18,25,True
2016-10-07 18:45:00,62,0,1,"[18:45:00,19:05:00)",5,0,2016-10-07,18,45,True
2016-10-07 19:05:00,97,0,1,"[19:05:00,19:25:00)",5,0,2016-10-07,19,5,True
2016-10-07 19:25:00,100,0,1,"[19:25:00,19:45:00)",5,0,2016-10-07,19,25,True
2016-10-07 19:45:00,88,0,1,"[19:45:00,20:05:00)",5,0,2016-10-07,19,45,True
2016-10-07 20:05:00,93,0,1,"[20:05:00,20:25:00)",5,0,2016-10-07,20,5,True
2016-10-07 20:25:00,66,0,1,"[20:25:00,20:45:00)",5,0,2016-10-07,20,25,True
2016-10-07 20:45:00,61,0,1,"[20:45:00,21:05:00)",5,0,2016-10-07,20,45,True
2016-10-07 21:05:00,43,0,1,"[21:05:00,21:25:00)",5,0,2016-10-07,21,5,True
2016-10-07 21:25:00,32,0,1,"[21:25:00,21:45:00)",5,0,2016-10-07,21,25,True
2016-10-07 21:45:00,38,0,1,"[21:45:00,22:05:00)",5,0,2016-10-07,21,45,True
2016-10-07 22:05:00,36,0,1,"[22:05:00,22:25:00)",5,0,2016-10-07,22,5,True
2016-10-07 22:25:00,25,0,1,"[22:25:00,22:45:00)",5,0,2016-10-07,22,25,True
2016-10-07 22:45:00,29,0,1,"[22:45:00,23:05:00)",5,0,2016-10-07,22,45,True
2016-10-07 23:05:00,53,0,1,"[23:05:00,23:25:00)",5,0,2016-10-07,23,5,True
2016-10-07 23:25:00,54,0,1,"[23:25:00,23:45:00)",5,0,2016-10-07,23,25,True
2016-10-07 23:45:00,45,0,1,"[23:45:00,00:00:00)",5,0,2016-10-07,23,45,True
2016-10-08 00:05:00,11,0,1,"[00:05:00,00:25:00)",6,1,2016-10-08,0,5,False
2016-10-08 00:25:00,9,0,1,"[00:25:00,00:45:00)",6,1,2016-10-08,0,25,False
2016-10-08 00:45:00,5,0,1,"[00:45:00,01:05:00)",6,1,2016-10-08,0,45,False
2016-10-08 01:05:00,6,0,1,"[01:05:00,01:25:00)",6,1,2016-10-08,1,5,False
2016-10-08 01:25:00,8,0,1,"[01:25:00,01:45:00)",6,1,2016-10-08,1,25,False
2016-10-08 01:45:00,3,0,1,"[01:45:00,02:05:00)",6,1,2016-10-08,1,45,False
2016-10-08 02:05:00,7,0,1,"[02:05:00,02:25:00)",6,1,2016-10-08,2,5,False
2016-10-08 02:25:00,8,0,1,"[02:25:00,02:45:00)",6,1,2016-10-08,2,25,False
2016-10-08 02:45:00,4,0,1,"[02:45:00,03:05:00)",6,1,2016-10-08,2,45,False
2016-10-08 03:05:00,6,0,1,"[03:05:00,03:25:00)",6,1,2016-10-08,3,5,False
2016-10-08 03:25:00,3,0,1,"[03:25:00,03:45:00)",6,1,2016-10-08,3,25,False
2016-10-08 03:45:00,5,0,1,"[03:45:00,04:05:00)",6,1,2016-10-08,3,45,False
2016-10-08 04:05:00,6,0,1,"[04:05:00,04:25:00)",6,1,2016-10-08,4,5,False
2016-10-08 04:25:00,12,0,1,"[04:25:00,04:45:00)",6,1,2016-10-08,4,25,False
2016-10-08 04:45:00,8,0,1,"[04:45:00,05:05:00)",6,1,2016-10-08,4,45,False
2016-10-08 05:05:00,2,0,1,"[05:05:00,05:25:00)",6,1,2016-10-08,5,5,False
2016-10-08 05:25:00,4,0,1,"[05:25:00,05:45:00)",6,1,2016-10-08,5,25,False
2016-10-08 05:45:00,7,0,1,"[05:45:00,06:05:00)",6,1,2016-10-08,5,45,False
2016-10-08 06:05:00,8,0,1,"[06:05:00,06:25:00)",6,1,2016-10-08,6,5,False
2016-10-08 06:25:00,13,0,1,"[06:25:00,06:45:00)",6,1,2016-10-08,6,25,False
2016-10-08 06:45:00,22,0,1,"[06:45:00,07:05:00)",6,1,2016-10-08,6,45,False
2016-10-08 07:05:00,22,0,1,"[07:05:00,07:25:00)",6,1,2016-10-08,7,5,False
2016-10-08 07:25:00,33,0,1,"[07:25:00,07:45:00)",6,1,2016-10-08,7,25,False
2016-10-08 07:45:00,30,0,1,"[07:45:00,08:05:00)",6,1,2016-10-08,7,45,False
2016-10-08 08:05:00,32,0,1,"[08:05:00,08:25:00)",6,1,2016-10-08,8,5,False
2016-10-08 08:25:00,45,0,1,"[08:25:00,08:45:00)",6,1,2016-10-08,8,25,False
2016-10-08 08:45:00,33,0,1,"[08:45:00,09:05:00)",6,1,2016-10-08,8,45,False
2016-10-08 09:05:00,36,0,1,"[09:05:00,09:25:00)",6,1,2016-10-08,9,5,False
2016-10-08 09:25:00,29,0,1,"[09:25:00,09:45:00)",6,1,2016-10-08,9,25,False
2016-10-08 09:45:00,45,0,1,"[09:45:00,10:05:00)",6,1,2016-10-08,9,45,False
2016-10-08 10:05:00,32,0,1,"[10:05:00,10:25:00)",6,1,2016-10-08,10,5,False
2016-10-08 10:25:00,44,0,1,"[10:25:00,10:45:00)",6,1,2016-10-08,10,25,False
2016-10-08 10:45:00,30,0,1,"[10:45:00,11:05:00)",6,1,2016-10-08,10,45,False
2016-10-08 11:05:00,24,0,1,"[11:05:00,11:25:00)",6,1,2016-10-08,11,5,False
2016-10-08 11:25:00,26,0,1,"[11:25:00,11:45:00)",6,1,2016-10-08,11,25,False
2016-10-08 11:45:00,38,0,1,"[11:45:00,12:05:00)",6,1,2016-10-08,11,45,False
2016-10-08 12:05:00,30,0,1,"[12:05:00,12:25:00)",6,1,2016-10-08,12,5,False
2016-10-08 12:25:00,39,0,1,"[12:25:00,12:45:00)",6,1,2016-10-08,12,25,False
2016-10-08 12:45:00,42,0,1,"[12:45:00,13:05:00)",6,1,2016-10-08,12,45,False
2016-10-08 13:05:00,46,0,1,"[13:05:00,13:25:00)",6,1,2016-10-08,13,5,False
2016-10-08 13:25:00,39,0,1,"[13:25:00,13:45:00)",6,1,2016-10-08,13,25,False
2016-10-08 13:45:00,38,0,1,"[13:45:00,14:05:00)",6,1,2016-10-08,13,45,False
2016-10-08 14:05:00,45,0,1,"[14:05:00,14:25:00)",6,1,2016-10-08,14,5,False
2016-10-08 14:25:00,34,0,1,"[14:25:00,14:45:00)",6,1,2016-10-08,14,25,False
2016-10-08 14:45:00,38,0,1,"[14:45:00,15:05:00)",6,1,2016-10-08,14,45,False
2016-10-08 15:05:00,46,0,1,"[15:05:00,15:25:00)",6,1,2016-10-08,15,5,False
2016-10-08 15:25:00,39,0,1,"[15:25:00,15:45:00)",6,1,2016-10-08,15,25,False
2016-10-08 15:45:00,39,0,1,"[15:45:00,16:05:00)",6,1,2016-10-08,15,45,False
2016-10-08 16:05:00,48,0,1,"[16:05:00,16:25:00)",6,1,2016-10-08,16,5,False
2016-10-08 16:25:00,47,0,1,"[16:25:00,16:45:00)",6,1,2016-10-08,16,25,False
2016-10-08 16:45:00,36,0,1,"[16:45:00,17:05:00)",6,1,2016-10-08,16,45,False
2016-10-08 17:05:00,30,0,1,"[17:05:00,17:25:00)",6,1,2016-10-08,17,5,False
2016-10-08 17:25:00,23,0,1,"[17:25:00,17:45:00)",6,1,2016-10-08,17,25,False
2016-10-08 17:45:00,28,0,1,"[17:45:00,18:05:00)",6,1,2016-10-08,17,45,False
2016-10-08 18:05:00,19,0,1,"[18:05:00,18:25:00)",6,1,2016-10-08,18,5,False
2016-10-08 18:25:00,29,0,1,"[18:25:00,18:45:00)",6,1,2016-10-08,18,25,False
2016-10-08 18:45:00,18,0,1,"[18:45:00,19:05:00)",6,1,2016-10-08,18,45,False
2016-10-08 19:05:00,25,0,1,"[19:05:00,19:25:00)",6,1,2016-10-08,19,5,False
2016-10-08 19:25:00,25,0,1,"[19:25:00,19:45:00)",6,1,2016-10-08,19,25,False
2016-10-08 19:45:00,12,0,1,"[19:45:00,20:05:00)",6,1,2016-10-08,19,45,False
2016-10-08 20:05:00,16,0,1,"[20:05:00,20:25:00)",6,1,2016-10-08,20,5,False
2016-10-08 20:25:00,10,0,1,"[20:25:00,20:45:00)",6,1,2016-10-08,20,25,False
2016-10-08 20:45:00,18,0,1,"[20:45:00,21:05:00)",6,1,2016-10-08,20,45,False
2016-10-08 21:05:00,10,0,1,"[21:05:00,21:25:00)",6,1,2016-10-08,21,5,False
2016-10-08 21:25:00,11,0,1,"[21:25:00,21:45:00)",6,1,2016-10-08,21,25,False
2016-10-08 21:45:00,18,0,1,"[21:45:00,22:05:00)",6,1,2016-10-08,21,45,False
2016-10-08 22:05:00,7,0,1,"[22:05:00,22:25:00)",6,1,2016-10-08,22,5,False
2016-10-08 22:25:00,10,0,1,"[22:25:00,22:45:00)",6,1,2016-10-08,22,25,False
2016-10-08 22:45:00,7,0,1,"[22:45:00,23:05:00)",6,1,2016-10-08,22,45,False
2016-10-08 23:05:00,9,0,1,"[23:05:00,23:25:00)",6,1,2016-10-08,23,5,False
2016-10-08 23:25:00,0,0,1,"[23:25:00,23:45:00)",6,1,2016-10-08,23,25,False
2016-10-08 23:45:00,0,0,1,"[23:45:00,00:00:00)",6,1,2016-10-08,23,45,False
2016-10-09 00:05:00,9,0,1,"[00:05:00,00:25:00)",7,1,2016-10-09,0,5,False
2016-10-09 00:25:00,8,0,1,"[00:25:00,00:45:00)",7,1,2016-10-09,0,25,False
2016-10-09 00:45:00,9,0,1,"[00:45:00,01:05:00)",7,1,2016-10-09,0,45,False
2016-10-09 01:05:00,6,0,1,"[01:05:00,01:25:00)",7,1,2016-10-09,1,5,False
2016-10-09 01:25:00,7,0,1,"[01:25:00,01:45:00)",7,1,2016-10-09,1,25,False
2016-10-09 01:45:00,2,0,1,"[01:45:00,02:05:00)",7,1,2016-10-09,1,45,False
2016-10-09 02:05:00,2,0,1,"[02:05:00,02:25:00)",7,1,2016-10-09,2,5,False
2016-10-09 02:25:00,8,0,1,"[02:25:00,02:45:00)",7,1,2016-10-09,2,25,False
2016-10-09 02:45:00,7,0,1,"[02:45:00,03:05:00)",7,1,2016-10-09,2,45,False
2016-10-09 03:05:00,3,0,1,"[03:05:00,03:25:00)",7,1,2016-10-09,3,5,False
2016-10-09 03:25:00,6,0,1,"[03:25:00,03:45:00)",7,1,2016-10-09,3,25,False
2016-10-09 03:45:00,10,0,1,"[03:45:00,04:05:00)",7,1,2016-10-09,3,45,False
2016-10-09 04:05:00,8,0,1,"[04:05:00,04:25:00)",7,1,2016-10-09,4,5,False
2016-10-09 04:25:00,10,0,1,"[04:25:00,04:45:00)",7,1,2016-10-09,4,25,False
2016-10-09 04:45:00,11,0,1,"[04:45:00,05:05:00)",7,1,2016-10-09,4,45,False
2016-10-09 05:05:00,1,0,1,"[05:05:00,05:25:00)",7,1,2016-10-09,5,5,False
2016-10-09 05:25:00,9,0,1,"[05:25:00,05:45:00)",7,1,2016-10-09,5,25,False
2016-10-09 05:45:00,10,0,1,"[05:45:00,06:05:00)",7,1,2016-10-09,5,45,False
2016-10-09 06:05:00,6,0,1,"[06:05:00,06:25:00)",7,1,2016-10-09,6,5,False
2016-10-09 06:25:00,15,0,1,"[06:25:00,06:45:00)",7,1,2016-10-09,6,25,False
2016-10-09 06:45:00,21,0,1,"[06:45:00,07:05:00)",7,1,2016-10-09,6,45,False
2016-10-09 07:05:00,20,0,1,"[07:05:00,07:25:00)",7,1,2016-10-09,7,5,False
2016-10-09 07:25:00,28,0,1,"[07:25:00,07:45:00)",7,1,2016-10-09,7,25,False
2016-10-09 07:45:00,32,0,1,"[07:45:00,08:05:00)",7,1,2016-10-09,7,45,False
2016-10-09 08:05:00,52,0,1,"[08:05:00,08:25:00)",7,1,2016-10-09,8,5,False
2016-10-09 08:25:00,35,0,1,"[08:25:00,08:45:00)",7,1,2016-10-09,8,25,False
2016-10-09 08:45:00,34,0,1,"[08:45:00,09:05:00)",7,1,2016-10-09,8,45,False
2016-10-09 09:05:00,47,0,1,"[09:05:00,09:25:00)",7,1,2016-10-09,9,5,False
2016-10-09 09:25:00,44,0,1,"[09:25:00,09:45:00)",7,1,2016-10-09,9,25,False
2016-10-09 09:45:00,41,0,1,"[09:45:00,10:05:00)",7,1,2016-10-09,9,45,False
2016-10-09 10:05:00,29,0,1,"[10:05:00,10:25:00)",7,1,2016-10-09,10,5,False
2016-10-09 10:25:00,37,0,1,"[10:25:00,10:45:00)",7,1,2016-10-09,10,25,False
2016-10-09 10:45:00,41,0,1,"[10:45:00,11:05:00)",7,1,2016-10-09,10,45,False
2016-10-09 11:05:00,36,0,1,"[11:05:00,11:25:00)",7,1,2016-10-09,11,5,False
2016-10-09 11:25:00,23,0,1,"[11:25:00,11:45:00)",7,1,2016-10-09,11,25,False
2016-10-09 11:45:00,30,0,1,"[11:45:00,12:05:00)",7,1,2016-10-09,11,45,False
2016-10-09 12:05:00,38,0,1,"[12:05:00,12:25:00)",7,1,2016-10-09,12,5,False
2016-10-09 12:25:00,35,0,1,"[12:25:00,12:45:00)",7,1,2016-10-09,12,25,False
2016-10-09 12:45:00,44,0,1,"[12:45:00,13:05:00)",7,1,2016-10-09,12,45,False
2016-10-09 13:05:00,37,0,1,"[13:05:00,13:25:00)",7,1,2016-10-09,13,5,False
2016-10-09 13:25:00,47,0,1,"[13:25:00,13:45:00)",7,1,2016-10-09,13,25,False
2016-10-09 13:45:00,35,0,1,"[13:45:00,14:05:00)",7,1,2016-10-09,13,45,False
2016-10-09 14:05:00,44,0,1,"[14:05:00,14:25:00)",7,1,2016-10-09,14,5,False
2016-10-09 14:25:00,46,0,1,"[14:25:00,14:45:00)",7,1,2016-10-09,14,25,False
2016-10-09 14:45:00,46,0,1,"[14:45:00,15:05:00)",7,1,2016-10-09,14,45,False
2016-10-09 15:05:00,46,0,1,"[15:05:00,15:25:00)",7,1,2016-10-09,15,5,False
2016-10-09 15:25:00,40,0,1,"[15:25:00,15:45:00)",7,1,2016-10-09,15,25,False
2016-10-09 15:45:00,50,0,1,"[15:45:00,16:05:00)",7,1,2016-10-09,15,45,False
2016-10-09 16:05:00,34,0,1,"[16:05:00,16:25:00)",7,1,2016-10-09,16,5,False
2016-10-09 16:25:00,44,0,1,"[16:25:00,16:45:00)",7,1,2016-10-09,16,25,False
2016-10-09 16:45:00,32,0,1,"[16:45:00,17:05:00)",7,1,2016-10-09,16,45,False
2016-10-09 17:05:00,38,0,1,"[17:05:00,17:25:00)",7,1,2016-10-09,17,5,False
2016-10-09 17:25:00,28,0,1,"[17:25:00,17:45:00)",7,1,2016-10-09,17,25,False
2016-10-09 17:45:00,26,0,1,"[17:45:00,18:05:00)",7,1,2016-10-09,17,45,False
2016-10-09 18:05:00,23,0,1,"[18:05:00,18:25:00)",7,1,2016-10-09,18,5,False
2016-10-09 18:25:00,29,0,1,"[18:25:00,18:45:00)",7,1,2016-10-09,18,25,False
2016-10-09 18:45:00,27,0,1,"[18:45:00,19:05:00)",7,1,2016-10-09,18,45,False
2016-10-09 19:05:00,29,0,1,"[19:05:00,19:25:00)",7,1,2016-10-09,19,5,False
2016-10-09 19:25:00,19,0,1,"[19:25:00,19:45:00)",7,1,2016-10-09,19,25,False
2016-10-09 19:45:00,21,0,1,"[19:45:00,20:05:00)",7,1,2016-10-09,19,45,False
2016-10-09 20:05:00,13,0,1,"[20:05:00,20:25:00)",7,1,2016-10-09,20,5,False
2016-10-09 20:25:00,30,0,1,"[20:25:00,20:45:00)",7,1,2016-10-09,20,25,False
2016-10-09 20:45:00,15,0,1,"[20:45:00,21:05:00)",7,1,2016-10-09,20,45,False
2016-10-09 21:05:00,21,0,1,"[21:05:00,21:25:00)",7,1,2016-10-09,21,5,False
2016-10-09 21:25:00,14,0,1,"[21:25:00,21:45:00)",7,1,2016-10-09,21,25,False
2016-10-09 21:45:00,17,0,1,"[21:45:00,22:05:00)",7,1,2016-10-09,21,45,False
2016-10-09 22:05:00,4,0,1,"[22:05:00,22:25:00)",7,1,2016-10-09,22,5,False
2016-10-09 22:25:00,9,0,1,"[22:25:00,22:45:00)",7,1,2016-10-09,22,25,False
2016-10-09 22:45:00,6,0,1,"[22:45:00,23:05:00)",7,1,2016-10-09,22,45,False
2016-10-09 23:05:00,1,0,1,"[23:05:00,23:25:00)",7,1,2016-10-09,23,5,False
2016-10-09 23:25:00,2,0,1,"[23:25:00,23:45:00)",7,1,2016-10-09,23,25,False
2016-10-09 23:45:00,11,0,1,"[23:45:00,00:00:00)",7,1,2016-10-09,23,45,False
2016-10-10 00:05:00,12,0,1,"[00:05:00,00:25:00)",1,0,2016-10-10,0,5,False
2016-10-10 00:25:00,13,0,1,"[00:25:00,00:45:00)",1,0,2016-10-10,0,25,False
2016-10-10 00:45:00,12,0,1,"[00:45:00,01:05:00)",1,0,2016-10-10,0,45,False
2016-10-10 01:05:00,5,0,1,"[01:05:00,01:25:00)",1,0,2016-10-10,1,5,False
2016-10-10 01:25:00,6,0,1,"[01:25:00,01:45:00)",1,0,2016-10-10,1,25,False
2016-10-10 01:45:00,5,0,1,"[01:45:00,02:05:00)",1,0,2016-10-10,1,45,False
2016-10-10 02:05:00,8,0,1,"[02:05:00,02:25:00)",1,0,2016-10-10,2,5,False
2016-10-10 02:25:00,10,0,1,"[02:25:00,02:45:00)",1,0,2016-10-10,2,25,False
2016-10-10 02:45:00,11,0,1,"[02:45:00,03:05:00)",1,0,2016-10-10,2,45,False
2016-10-10 03:05:00,7,0,1,"[03:05:00,03:25:00)",1,0,2016-10-10,3,5,False
2016-10-10 03:25:00,8,0,1,"[03:25:00,03:45:00)",1,0,2016-10-10,3,25,False
2016-10-10 03:45:00,5,0,1,"[03:45:00,04:05:00)",1,0,2016-10-10,3,45,False
2016-10-10 04:05:00,7,0,1,"[04:05:00,04:25:00)",1,0,2016-10-10,4,5,False
2016-10-10 04:25:00,11,0,1,"[04:25:00,04:45:00)",1,0,2016-10-10,4,25,False
2016-10-10 04:45:00,6,0,1,"[04:45:00,05:05:00)",1,0,2016-10-10,4,45,False
2016-10-10 05:05:00,2,0,1,"[05:05:00,05:25:00)",1,0,2016-10-10,5,5,False
2016-10-10 05:25:00,5,0,1,"[05:25:00,05:45:00)",1,0,2016-10-10,5,25,False
2016-10-10 05:45:00,11,0,1,"[05:45:00,06:05:00)",1,0,2016-10-10,5,45,False
2016-10-10 06:05:00,14,0,1,"[06:05:00,06:25:00)",1,0,2016-10-10,6,5,False
2016-10-10 06:25:00,11,0,1,"[06:25:00,06:45:00)",1,0,2016-10-10,6,25,False
2016-10-10 06:45:00,24,0,1,"[06:45:00,07:05:00)",1,0,2016-10-10,6,45,False
2016-10-10 07:05:00,36,0,1,"[07:05:00,07:25:00)",1,0,2016-10-10,7,5,False
2016-10-10 07:25:00,38,0,1,"[07:25:00,07:45:00)",1,0,2016-10-10,7,25,False
2016-10-10 07:45:00,40,0,1,"[07:45:00,08:05:00)",1,0,2016-10-10,7,45,False
2016-10-10 08:05:00,44,0,1,"[08:05:00,08:25:00)",1,0,2016-10-10,8,5,False
2016-10-10 08:25:00,55,0,1,"[08:25:00,08:45:00)",1,0,2016-10-10,8,25,False
2016-10-10 08:45:00,52,0,1,"[08:45:00,09:05:00)",1,0,2016-10-10,8,45,False
2016-10-10 09:05:00,47,0,1,"[09:05:00,09:25:00)",1,0,2016-10-10,9,5,False
2016-10-10 09:25:00,42,0,1,"[09:25:00,09:45:00)",1,0,2016-10-10,9,25,False
2016-10-10 09:45:00,53,0,1,"[09:45:00,10:05:00)",1,0,2016-10-10,9,45,False
2016-10-10 10:05:00,33,0,1,"[10:05:00,10:25:00)",1,0,2016-10-10,10,5,False
2016-10-10 10:25:00,48,0,1,"[10:25:00,10:45:00)",1,0,2016-10-10,10,25,False
2016-10-10 10:45:00,34,0,1,"[10:45:00,11:05:00)",1,0,2016-10-10,10,45,False
2016-10-10 11:05:00,39,0,1,"[11:05:00,11:25:00)",1,0,2016-10-10,11,5,False
2016-10-10 11:25:00,24,0,1,"[11:25:00,11:45:00)",1,0,2016-10-10,11,25,False
2016-10-10 11:45:00,23,0,1,"[11:45:00,12:05:00)",1,0,2016-10-10,11,45,False
2016-10-10 12:05:00,36,0,1,"[12:05:00,12:25:00)",1,0,2016-10-10,12,5,False
2016-10-10 12:25:00,30,0,1,"[12:25:00,12:45:00)",1,0,2016-10-10,12,25,False
2016-10-10 12:45:00,37,0,1,"[12:45:00,13:05:00)",1,0,2016-10-10,12,45,False
2016-10-10 13:05:00,52,0,1,"[13:05:00,13:25:00)",1,0,2016-10-10,13,5,False
2016-10-10 13:25:00,47,0,1,"[13:25:00,13:45:00)",1,0,2016-10-10,13,25,False
2016-10-10 13:45:00,34,0,1,"[13:45:00,14:05:00)",1,0,2016-10-10,13,45,False
2016-10-10 14:05:00,42,0,1,"[14:05:00,14:25:00)",1,0,2016-10-10,14,5,False
2016-10-10 14:25:00,37,0,1,"[14:25:00,14:45:00)",1,0,2016-10-10,14,25,False
2016-10-10 14:45:00,56,0,1,"[14:45:00,15:05:00)",1,0,2016-10-10,14,45,False
2016-10-10 15:05:00,44,0,1,"[15:05:00,15:25:00)",1,0,2016-10-10,15,5,False
2016-10-10 15:25:00,41,0,1,"[15:25:00,15:45:00)",1,0,2016-10-10,15,25,False
2016-10-10 15:45:00,52,0,1,"[15:45:00,16:05:00)",1,0,2016-10-10,15,45,False
2016-10-10 16:05:00,42,0,1,"[16:05:00,16:25:00)",1,0,2016-10-10,16,5,False
2016-10-10 16:25:00,45,0,1,"[16:25:00,16:45:00)",1,0,2016-10-10,16,25,False
2016-10-10 16:45:00,32,0,1,"[16:45:00,17:05:00)",1,0,2016-10-10,16,45,False
2016-10-10 17:05:00,32,0,1,"[17:05:00,17:25:00)",1,0,2016-10-10,17,5,False
2016-10-10 17:25:00,19,0,1,"[17:25:00,17:45:00)",1,0,2016-10-10,17,25,False
2016-10-10 17:45:00,17,0,1,"[17:45:00,18:05:00)",1,0,2016-10-10,17,45,False
2016-10-10 18:05:00,25,0,1,"[18:05:00,18:25:00)",1,0,2016-10-10,18,5,False
2016-10-10 18:25:00,29,0,1,"[18:25:00,18:45:00)",1,0,2016-10-10,18,25,False
2016-10-10 18:45:00,19,0,1,"[18:45:00,19:05:00)",1,0,2016-10-10,18,45,False
2016-10-10 19:05:00,16,0,1,"[19:05:00,19:25:00)",1,0,2016-10-10,19,5,False
2016-10-10 19:25:00,20,0,1,"[19:25:00,19:45:00)",1,0,2016-10-10,19,25,False
2016-10-10 19:45:00,23,0,1,"[19:45:00,20:05:00)",1,0,2016-10-10,19,45,False
2016-10-10 20:05:00,11,0,1,"[20:05:00,20:25:00)",1,0,2016-10-10,20,5,False
2016-10-10 20:25:00,20,0,1,"[20:25:00,20:45:00)",1,0,2016-10-10,20,25,False
2016-10-10 20:45:00,14,0,1,"[20:45:00,21:05:00)",1,0,2016-10-10,20,45,False
2016-10-10 21:05:00,20,0,1,"[21:05:00,21:25:00)",1,0,2016-10-10,21,5,False
2016-10-10 21:25:00,13,0,1,"[21:25:00,21:45:00)",1,0,2016-10-10,21,25,False
2016-10-10 21:45:00,13,0,1,"[21:45:00,22:05:00)",1,0,2016-10-10,21,45,False
2016-10-10 22:05:00,6,0,1,"[22:05:00,22:25:00)",1,0,2016-10-10,22,5,False
2016-10-10 22:25:00,8,0,1,"[22:25:00,22:45:00)",1,0,2016-10-10,22,25,False
2016-10-10 22:45:00,7,0,1,"[22:45:00,23:05:00)",1,0,2016-10-10,22,45,False
2016-10-10 23:05:00,7,0,1,"[23:05:00,23:25:00)",1,0,2016-10-10,23,5,False
2016-10-10 23:25:00,5,0,1,"[23:25:00,23:45:00)",1,0,2016-10-10,23,25,False
2016-10-10 23:45:00,6,0,1,"[23:45:00,00:00:00)",1,0,2016-10-10,23,45,False
2016-10-11 00:05:00,14,0,1,"[00:05:00,00:25:00)",2,0,2016-10-11,0,5,False
2016-10-11 00:25:00,15,0,1,"[00:25:00,00:45:00)",2,0,2016-10-11,0,25,False
2016-10-11 00:45:00,4,0,1,"[00:45:00,01:05:00)",2,0,2016-10-11,0,45,False
2016-10-11 01:05:00,8,0,1,"[01:05:00,01:25:00)",2,0,2016-10-11,1,5,False
2016-10-11 01:25:00,11,0,1,"[01:25:00,01:45:00)",2,0,2016-10-11,1,25,False
2016-10-11 01:45:00,2,0,1,"[01:45:00,02:05:00)",2,0,2016-10-11,1,45,False
2016-10-11 02:05:00,5,0,1,"[02:05:00,02:25:00)",2,0,2016-10-11,2,5,False
2016-10-11 02:25:00,11,0,1,"[02:25:00,02:45:00)",2,0,2016-10-11,2,25,False
2016-10-11 02:45:00,7,0,1,"[02:45:00,03:05:00)",2,0,2016-10-11,2,45,False
2016-10-11 03:05:00,6,0,1,"[03:05:00,03:25:00)",2,0,2016-10-11,3,5,False
2016-10-11 03:25:00,3,0,1,"[03:25:00,03:45:00)",2,0,2016-10-11,3,25,False
2016-10-11 03:45:00,7,0,1,"[03:45:00,04:05:00)",2,0,2016-10-11,3,45,False
2016-10-11 04:05:00,9,0,1,"[04:05:00,04:25:00)",2,0,2016-10-11,4,5,False
2016-10-11 04:25:00,16,0,1,"[04:25:00,04:45:00)",2,0,2016-10-11,4,25,False
2016-10-11 04:45:00,11,0,1,"[04:45:00,05:05:00)",2,0,2016-10-11,4,45,False
2016-10-11 05:05:00,6,0,1,"[05:05:00,05:25:00)",2,0,2016-10-11,5,5,False
2016-10-11 05:25:00,11,0,1,"[05:25:00,05:45:00)",2,0,2016-10-11,5,25,False
2016-10-11 05:45:00,8,0,1,"[05:45:00,06:05:00)",2,0,2016-10-11,5,45,False
2016-10-11 06:05:00,9,0,1,"[06:05:00,06:25:00)",2,0,2016-10-11,6,5,False
2016-10-11 06:25:00,27,0,1,"[06:25:00,06:45:00)",2,0,2016-10-11,6,25,False
2016-10-11 06:45:00,21,0,1,"[06:45:00,07:05:00)",2,0,2016-10-11,6,45,False
2016-10-11 07:05:00,32,0,1,"[07:05:00,07:25:00)",2,0,2016-10-11,7,5,False
2016-10-11 07:25:00,44,0,1,"[07:25:00,07:45:00)",2,0,2016-10-11,7,25,False
2016-10-11 07:45:00,52,0,1,"[07:45:00,08:05:00)",2,0,2016-10-11,7,45,False
2016-10-11 08:05:00,42,0,1,"[08:05:00,08:25:00)",2,0,2016-10-11,8,5,False
2016-10-11 08:25:00,54,0,1,"[08:25:00,08:45:00)",2,0,2016-10-11,8,25,False
2016-10-11 08:45:00,41,0,1,"[08:45:00,09:05:00)",2,0,2016-10-11,8,45,False
2016-10-11 09:05:00,44,0,1,"[09:05:00,09:25:00)",2,0,2016-10-11,9,5,False
2016-10-11 09:25:00,48,0,1,"[09:25:00,09:45:00)",2,0,2016-10-11,9,25,False
2016-10-11 09:45:00,40,0,1,"[09:45:00,10:05:00)",2,0,2016-10-11,9,45,False
2016-10-11 10:05:00,45,0,1,"[10:05:00,10:25:00)",2,0,2016-10-11,10,5,False
2016-10-11 10:25:00,38,0,1,"[10:25:00,10:45:00)",2,0,2016-10-11,10,25,False
2016-10-11 10:45:00,39,0,1,"[10:45:00,11:05:00)",2,0,2016-10-11,10,45,False
2016-10-11 11:05:00,37,0,1,"[11:05:00,11:25:00)",2,0,2016-10-11,11,5,False
2016-10-11 11:25:00,42,0,1,"[11:25:00,11:45:00)",2,0,2016-10-11,11,25,False
2016-10-11 11:45:00,40,0,1,"[11:45:00,12:05:00)",2,0,2016-10-11,11,45,False
2016-10-11 12:05:00,44,0,1,"[12:05:00,12:25:00)",2,0,2016-10-11,12,5,False
2016-10-11 12:25:00,41,0,1,"[12:25:00,12:45:00)",2,0,2016-10-11,12,25,False
2016-10-11 12:45:00,51,0,1,"[12:45:00,13:05:00)",2,0,2016-10-11,12,45,False
2016-10-11 13:05:00,39,0,1,"[13:05:00,13:25:00)",2,0,2016-10-11,13,5,False
2016-10-11 13:25:00,38,0,1,"[13:25:00,13:45:00)",2,0,2016-10-11,13,25,False
2016-10-11 13:45:00,31,0,1,"[13:45:00,14:05:00)",2,0,2016-10-11,13,45,False
2016-10-11 14:05:00,46,0,1,"[14:05:00,14:25:00)",2,0,2016-10-11,14,5,False
2016-10-11 14:25:00,41,0,1,"[14:25:00,14:45:00)",2,0,2016-10-11,14,25,False
2016-10-11 14:45:00,52,0,1,"[14:45:00,15:05:00)",2,0,2016-10-11,14,45,False
2016-10-11 15:05:00,38,0,1,"[15:05:00,15:25:00)",2,0,2016-10-11,15,5,False
2016-10-11 15:25:00,62,0,1,"[15:25:00,15:45:00)",2,0,2016-10-11,15,25,False
2016-10-11 15:45:00,42,0,1,"[15:45:00,16:05:00)",2,0,2016-10-11,15,45,False
2016-10-11 16:05:00,44,0,1,"[16:05:00,16:25:00)",2,0,2016-10-11,16,5,False
2016-10-11 16:25:00,52,0,1,"[16:25:00,16:45:00)",2,0,2016-10-11,16,25,False
2016-10-11 16:45:00,36,0,1,"[16:45:00,17:05:00)",2,0,2016-10-11,16,45,False
2016-10-11 17:05:00,41,0,1,"[17:05:00,17:25:00)",2,0,2016-10-11,17,5,False
2016-10-11 17:25:00,24,0,1,"[17:25:00,17:45:00)",2,0,2016-10-11,17,25,False
2016-10-11 17:45:00,30,0,1,"[17:45:00,18:05:00)",2,0,2016-10-11,17,45,False
2016-10-11 18:05:00,25,0,1,"[18:05:00,18:25:00)",2,0,2016-10-11,18,5,False
2016-10-11 18:25:00,30,0,1,"[18:25:00,18:45:00)",2,0,2016-10-11,18,25,False
2016-10-11 18:45:00,28,0,1,"[18:45:00,19:05:00)",2,0,2016-10-11,18,45,False
2016-10-11 19:05:00,22,0,1,"[19:05:00,19:25:00)",2,0,2016-10-11,19,5,False
2016-10-11 19:25:00,27,0,1,"[19:25:00,19:45:00)",2,0,2016-10-11,19,25,False
2016-10-11 19:45:00,15,0,1,"[19:45:00,20:05:00)",2,0,2016-10-11,19,45,False
2016-10-11 20:05:00,12,0,1,"[20:05:00,20:25:00)",2,0,2016-10-11,20,5,False
2016-10-11 20:25:00,17,0,1,"[20:25:00,20:45:00)",2,0,2016-10-11,20,25,False
2016-10-11 20:45:00,13,0,1,"[20:45:00,21:05:00)",2,0,2016-10-11,20,45,False
2016-10-11 21:05:00,21,0,1,"[21:05:00,21:25:00)",2,0,2016-10-11,21,5,False
2016-10-11 21:25:00,8,0,1,"[21:25:00,21:45:00)",2,0,2016-10-11,21,25,False
2016-10-11 21:45:00,10,0,1,"[21:45:00,22:05:00)",2,0,2016-10-11,21,45,False
2016-10-11 22:05:00,9,0,1,"[22:05:00,22:25:00)",2,0,2016-10-11,22,5,False
2016-10-11 22:25:00,3,0,1,"[22:25:00,22:45:00)",2,0,2016-10-11,22,25,False
2016-10-11 22:45:00,11,0,1,"[22:45:00,23:05:00)",2,0,2016-10-11,22,45,False
2016-10-11 23:05:00,11,0,1,"[23:05:00,23:25:00)",2,0,2016-10-11,23,5,False
2016-10-11 23:25:00,5,0,1,"[23:25:00,23:45:00)",2,0,2016-10-11,23,25,False
2016-10-11 23:45:00,8,0,1,"[23:45:00,00:00:00)",2,0,2016-10-11,23,45,False
2016-10-12 00:05:00,9,0,1,"[00:05:00,00:25:00)",3,0,2016-10-12,0,5,False
2016-10-12 00:25:00,9,0,1,"[00:25:00,00:45:00)",3,0,2016-10-12,0,25,False
2016-10-12 00:45:00,10,0,1,"[00:45:00,01:05:00)",3,0,2016-10-12,0,45,False
2016-10-12 01:05:00,7,0,1,"[01:05:00,01:25:00)",3,0,2016-10-12,1,5,False
2016-10-12 01:25:00,5,0,1,"[01:25:00,01:45:00)",3,0,2016-10-12,1,25,False
2016-10-12 01:45:00,5,0,1,"[01:45:00,02:05:00)",3,0,2016-10-12,1,45,False
2016-10-12 02:05:00,9,0,1,"[02:05:00,02:25:00)",3,0,2016-10-12,2,5,False
2016-10-12 02:25:00,5,0,1,"[02:25:00,02:45:00)",3,0,2016-10-12,2,25,False
2016-10-12 02:45:00,13,0,1,"[02:45:00,03:05:00)",3,0,2016-10-12,2,45,False
2016-10-12 03:05:00,9,0,1,"[03:05:00,03:25:00)",3,0,2016-10-12,3,5,False
2016-10-12 03:25:00,10,0,1,"[03:25:00,03:45:00)",3,0,2016-10-12,3,25,False
2016-10-12 03:45:00,6,0,1,"[03:45:00,04:05:00)",3,0,2016-10-12,3,45,False
2016-10-12 04:05:00,11,0,1,"[04:05:00,04:25:00)",3,0,2016-10-12,4,5,False
2016-10-12 04:25:00,7,0,1,"[04:25:00,04:45:00)",3,0,2016-10-12,4,25,False
2016-10-12 04:45:00,9,0,1,"[04:45:00,05:05:00)",3,0,2016-10-12,4,45,False
2016-10-12 05:05:00,4,0,1,"[05:05:00,05:25:00)",3,0,2016-10-12,5,5,False
2016-10-12 05:25:00,6,0,1,"[05:25:00,05:45:00)",3,0,2016-10-12,5,25,False
2016-10-12 05:45:00,8,0,1,"[05:45:00,06:05:00)",3,0,2016-10-12,5,45,False
2016-10-12 06:05:00,10,0,1,"[06:05:00,06:25:00)",3,0,2016-10-12,6,5,False
2016-10-12 06:25:00,17,0,1,"[06:25:00,06:45:00)",3,0,2016-10-12,6,25,False
2016-10-12 06:45:00,20,0,1,"[06:45:00,07:05:00)",3,0,2016-10-12,6,45,False
2016-10-12 07:05:00,26,0,1,"[07:05:00,07:25:00)",3,0,2016-10-12,7,5,False
2016-10-12 07:25:00,35,0,1,"[07:25:00,07:45:00)",3,0,2016-10-12,7,25,False
2016-10-12 07:45:00,38,0,1,"[07:45:00,08:05:00)",3,0,2016-10-12,7,45,False
2016-10-12 08:05:00,46,0,1,"[08:05:00,08:25:00)",3,0,2016-10-12,8,5,False
2016-10-12 08:25:00,57,0,1,"[08:25:00,08:45:00)",3,0,2016-10-12,8,25,False
2016-10-12 08:45:00,54,0,1,"[08:45:00,09:05:00)",3,0,2016-10-12,8,45,False
2016-10-12 09:05:00,45,0,1,"[09:05:00,09:25:00)",3,0,2016-10-12,9,5,False
2016-10-12 09:25:00,49,0,1,"[09:25:00,09:45:00)",3,0,2016-10-12,9,25,False
2016-10-12 09:45:00,30,0,1,"[09:45:00,10:05:00)",3,0,2016-10-12,9,45,False
2016-10-12 10:05:00,52,0,1,"[10:05:00,10:25:00)",3,0,2016-10-12,10,5,False
2016-10-12 10:25:00,39,0,1,"[10:25:00,10:45:00)",3,0,2016-10-12,10,25,False
2016-10-12 10:45:00,37,0,1,"[10:45:00,11:05:00)",3,0,2016-10-12,10,45,False
2016-10-12 11:05:00,39,0,1,"[11:05:00,11:25:00)",3,0,2016-10-12,11,5,False
2016-10-12 11:25:00,36,0,1,"[11:25:00,11:45:00)",3,0,2016-10-12,11,25,False
2016-10-12 11:45:00,35,0,1,"[11:45:00,12:05:00)",3,0,2016-10-12,11,45,False
2016-10-12 12:05:00,44,0,1,"[12:05:00,12:25:00)",3,0,2016-10-12,12,5,False
2016-10-12 12:25:00,35,0,1,"[12:25:00,12:45:00)",3,0,2016-10-12,12,25,False
2016-10-12 12:45:00,50,0,1,"[12:45:00,13:05:00)",3,0,2016-10-12,12,45,False
2016-10-12 13:05:00,44,0,1,"[13:05:00,13:25:00)",3,0,2016-10-12,13,5,False
2016-10-12 13:25:00,40,0,1,"[13:25:00,13:45:00)",3,0,2016-10-12,13,25,False
2016-10-12 13:45:00,57,0,1,"[13:45:00,14:05:00)",3,0,2016-10-12,13,45,False
2016-10-12 14:05:00,44,0,1,"[14:05:00,14:25:00)",3,0,2016-10-12,14,5,False
2016-10-12 14:25:00,50,0,1,"[14:25:00,14:45:00)",3,0,2016-10-12,14,25,False
2016-10-12 14:45:00,50,0,1,"[14:45:00,15:05:00)",3,0,2016-10-12,14,45,False
2016-10-12 15:05:00,34,0,1,"[15:05:00,15:25:00)",3,0,2016-10-12,15,5,False
2016-10-12 15:25:00,51,0,1,"[15:25:00,15:45:00)",3,0,2016-10-12,15,25,False
2016-10-12 15:45:00,52,0,1,"[15:45:00,16:05:00)",3,0,2016-10-12,15,45,False
2016-10-12 16:05:00,40,0,1,"[16:05:00,16:25:00)",3,0,2016-10-12,16,5,False
2016-10-12 16:25:00,37,0,1,"[16:25:00,16:45:00)",3,0,2016-10-12,16,25,False
2016-10-12 16:45:00,50,0,1,"[16:45:00,17:05:00)",3,0,2016-10-12,16,45,False
2016-10-12 17:05:00,40,0,1,"[17:05:00,17:25:00)",3,0,2016-10-12,17,5,False
2016-10-12 17:25:00,27,0,1,"[17:25:00,17:45:00)",3,0,2016-10-12,17,25,False
2016-10-12 17:45:00,28,0,1,"[17:45:00,18:05:00)",3,0,2016-10-12,17,45,False
2016-10-12 18:05:00,23,0,1,"[18:05:00,18:25:00)",3,0,2016-10-12,18,5,False
2016-10-12 18:25:00,23,0,1,"[18:25:00,18:45:00)",3,0,2016-10-12,18,25,False
2016-10-12 18:45:00,19,0,1,"[18:45:00,19:05:00)",3,0,2016-10-12,18,45,False
2016-10-12 19:05:00,19,0,1,"[19:05:00,19:25:00)",3,0,2016-10-12,19,5,False
2016-10-12 19:25:00,21,0,1,"[19:25:00,19:45:00)",3,0,2016-10-12,19,25,False
2016-10-12 19:45:00,20,0,1,"[19:45:00,20:05:00)",3,0,2016-10-12,19,45,False
2016-10-12 20:05:00,18,0,1,"[20:05:00,20:25:00)",3,0,2016-10-12,20,5,False
2016-10-12 20:25:00,16,0,1,"[20:25:00,20:45:00)",3,0,2016-10-12,20,25,False
2016-10-12 20:45:00,19,0,1,"[20:45:00,21:05:00)",3,0,2016-10-12,20,45,False
2016-10-12 21:05:00,19,0,1,"[21:05:00,21:25:00)",3,0,2016-10-12,21,5,False
2016-10-12 21:25:00,17,0,1,"[21:25:00,21:45:00)",3,0,2016-10-12,21,25,False
2016-10-12 21:45:00,8,0,1,"[21:45:00,22:05:00)",3,0,2016-10-12,21,45,False
2016-10-12 22:05:00,6,0,1,"[22:05:00,22:25:00)",3,0,2016-10-12,22,5,False
2016-10-12 22:25:00,10,0,1,"[22:25:00,22:45:00)",3,0,2016-10-12,22,25,False
2016-10-12 22:45:00,8,0,1,"[22:45:00,23:05:00)",3,0,2016-10-12,22,45,False
2016-10-12 23:05:00,8,0,1,"[23:05:00,23:25:00)",3,0,2016-10-12,23,5,False
2016-10-12 23:25:00,3,0,1,"[23:25:00,23:45:00)",3,0,2016-10-12,23,25,False
2016-10-12 23:45:00,3,0,1,"[23:45:00,00:00:00)",3,0,2016-10-12,23,45,False
2016-10-13 00:05:00,4,0,1,"[00:05:00,00:25:00)",4,0,2016-10-13,0,5,False
2016-10-13 00:25:00,13,0,1,"[00:25:00,00:45:00)",4,0,2016-10-13,0,25,False
2016-10-13 00:45:00,6,0,1,"[00:45:00,01:05:00)",4,0,2016-10-13,0,45,False
2016-10-13 01:05:00,14,0,1,"[01:05:00,01:25:00)",4,0,2016-10-13,1,5,False
2016-10-13 01:25:00,9,0,1,"[01:25:00,01:45:00)",4,0,2016-10-13,1,25,False
2016-10-13 01:45:00,6,0,1,"[01:45:00,02:05:00)",4,0,2016-10-13,1,45,False
2016-10-13 02:05:00,9,0,1,"[02:05:00,02:25:00)",4,0,2016-10-13,2,5,False
2016-10-13 02:25:00,7,0,1,"[02:25:00,02:45:00)",4,0,2016-10-13,2,25,False
2016-10-13 02:45:00,6,0,1,"[02:45:00,03:05:00)",4,0,2016-10-13,2,45,False
2016-10-13 03:05:00,12,0,1,"[03:05:00,03:25:00)",4,0,2016-10-13,3,5,False
2016-10-13 03:25:00,5,0,1,"[03:25:00,03:45:00)",4,0,2016-10-13,3,25,False
2016-10-13 03:45:00,11,0,1,"[03:45:00,04:05:00)",4,0,2016-10-13,3,45,False
2016-10-13 04:05:00,12,0,1,"[04:05:00,04:25:00)",4,0,2016-10-13,4,5,False
2016-10-13 04:25:00,11,0,1,"[04:25:00,04:45:00)",4,0,2016-10-13,4,25,False
2016-10-13 04:45:00,11,0,1,"[04:45:00,05:05:00)",4,0,2016-10-13,4,45,False
2016-10-13 05:05:00,4,0,1,"[05:05:00,05:25:00)",4,0,2016-10-13,5,5,False
2016-10-13 05:25:00,4,0,1,"[05:25:00,05:45:00)",4,0,2016-10-13,5,25,False
2016-10-13 05:45:00,6,0,1,"[05:45:00,06:05:00)",4,0,2016-10-13,5,45,False
2016-10-13 06:05:00,20,0,1,"[06:05:00,06:25:00)",4,0,2016-10-13,6,5,False
2016-10-13 06:25:00,16,0,1,"[06:25:00,06:45:00)",4,0,2016-10-13,6,25,False
2016-10-13 06:45:00,32,0,1,"[06:45:00,07:05:00)",4,0,2016-10-13,6,45,False
2016-10-13 07:05:00,40,0,1,"[07:05:00,07:25:00)",4,0,2016-10-13,7,5,False
2016-10-13 07:25:00,42,0,1,"[07:25:00,07:45:00)",4,0,2016-10-13,7,25,False
2016-10-13 07:45:00,53,0,1,"[07:45:00,08:05:00)",4,0,2016-10-13,7,45,False
2016-10-13 08:05:00,46,0,1,"[08:05:00,08:25:00)",4,0,2016-10-13,8,5,False
2016-10-13 08:25:00,61,0,1,"[08:25:00,08:45:00)",4,0,2016-10-13,8,25,False
2016-10-13 08:45:00,52,0,1,"[08:45:00,09:05:00)",4,0,2016-10-13,8,45,False
2016-10-13 09:05:00,51,0,1,"[09:05:00,09:25:00)",4,0,2016-10-13,9,5,False
2016-10-13 09:25:00,47,0,1,"[09:25:00,09:45:00)",4,0,2016-10-13,9,25,False
2016-10-13 09:45:00,66,0,1,"[09:45:00,10:05:00)",4,0,2016-10-13,9,45,False
2016-10-13 10:05:00,50,0,1,"[10:05:00,10:25:00)",4,0,2016-10-13,10,5,False
2016-10-13 10:25:00,46,0,1,"[10:25:00,10:45:00)",4,0,2016-10-13,10,25,False
2016-10-13 10:45:00,25,0,1,"[10:45:00,11:05:00)",4,0,2016-10-13,10,45,False
2016-10-13 11:05:00,34,0,1,"[11:05:00,11:25:00)",4,0,2016-10-13,11,5,False
2016-10-13 11:25:00,29,0,1,"[11:25:00,11:45:00)",4,0,2016-10-13,11,25,False
2016-10-13 11:45:00,43,0,1,"[11:45:00,12:05:00)",4,0,2016-10-13,11,45,False
2016-10-13 12:05:00,46,0,1,"[12:05:00,12:25:00)",4,0,2016-10-13,12,5,False
2016-10-13 12:25:00,46,0,1,"[12:25:00,12:45:00)",4,0,2016-10-13,12,25,False
2016-10-13 12:45:00,50,0,1,"[12:45:00,13:05:00)",4,0,2016-10-13,12,45,False
2016-10-13 13:05:00,51,0,1,"[13:05:00,13:25:00)",4,0,2016-10-13,13,5,False
2016-10-13 13:25:00,48,0,1,"[13:25:00,13:45:00)",4,0,2016-10-13,13,25,False
2016-10-13 13:45:00,38,0,1,"[13:45:00,14:05:00)",4,0,2016-10-13,13,45,False
2016-10-13 14:05:00,50,0,1,"[14:05:00,14:25:00)",4,0,2016-10-13,14,5,False
2016-10-13 14:25:00,47,0,1,"[14:25:00,14:45:00)",4,0,2016-10-13,14,25,False
2016-10-13 14:45:00,49,0,1,"[14:45:00,15:05:00)",4,0,2016-10-13,14,45,False
2016-10-13 15:05:00,43,0,1,"[15:05:00,15:25:00)",4,0,2016-10-13,15,5,False
2016-10-13 15:25:00,38,0,1,"[15:25:00,15:45:00)",4,0,2016-10-13,15,25,False
2016-10-13 15:45:00,41,0,1,"[15:45:00,16:05:00)",4,0,2016-10-13,15,45,False
2016-10-13 16:05:00,46,0,1,"[16:05:00,16:25:00)",4,0,2016-10-13,16,5,False
2016-10-13 16:25:00,44,0,1,"[16:25:00,16:45:00)",4,0,2016-10-13,16,25,False
2016-10-13 16:45:00,52,0,1,"[16:45:00,17:05:00)",4,0,2016-10-13,16,45,False
2016-10-13 17:05:00,51,0,1,"[17:05:00,17:25:00)",4,0,2016-10-13,17,5,False
2016-10-13 17:25:00,41,0,1,"[17:25:00,17:45:00)",4,0,2016-10-13,17,25,False
2016-10-13 17:45:00,37,0,1,"[17:45:00,18:05:00)",4,0,2016-10-13,17,45,False
2016-10-13 18:05:00,33,0,1,"[18:05:00,18:25:00)",4,0,2016-10-13,18,5,False
2016-10-13 18:25:00,35,0,1,"[18:25:00,18:45:00)",4,0,2016-10-13,18,25,False
2016-10-13 18:45:00,22,0,1,"[18:45:00,19:05:00)",4,0,2016-10-13,18,45,False
2016-10-13 19:05:00,14,0,1,"[19:05:00,19:25:00)",4,0,2016-10-13,19,5,False
2016-10-13 19:25:00,22,0,1,"[19:25:00,19:45:00)",4,0,2016-10-13,19,25,False
2016-10-13 19:45:00,18,0,1,"[19:45:00,20:05:00)",4,0,2016-10-13,19,45,False
2016-10-13 20:05:00,18,0,1,"[20:05:00,20:25:00)",4,0,2016-10-13,20,5,False
2016-10-13 20:25:00,16,0,1,"[20:25:00,20:45:00)",4,0,2016-10-13,20,25,False
2016-10-13 20:45:00,22,0,1,"[20:45:00,21:05:00)",4,0,2016-10-13,20,45,False
2016-10-13 21:05:00,13,0,1,"[21:05:00,21:25:00)",4,0,2016-10-13,21,5,False
2016-10-13 21:25:00,21,0,1,"[21:25:00,21:45:00)",4,0,2016-10-13,21,25,False
2016-10-13 21:45:00,13,0,1,"[21:45:00,22:05:00)",4,0,2016-10-13,21,45,False
2016-10-13 22:05:00,12,0,1,"[22:05:00,22:25:00)",4,0,2016-10-13,22,5,False
2016-10-13 22:25:00,10,0,1,"[22:25:00,22:45:00)",4,0,2016-10-13,22,25,False
2016-10-13 22:45:00,5,0,1,"[22:45:00,23:05:00)",4,0,2016-10-13,22,45,False
2016-10-13 23:05:00,3,0,1,"[23:05:00,23:25:00)",4,0,2016-10-13,23,5,False
2016-10-13 23:25:00,11,0,1,"[23:25:00,23:45:00)",4,0,2016-10-13,23,25,False
2016-10-13 23:45:00,12,0,1,"[23:45:00,00:00:00)",4,0,2016-10-13,23,45,False
2016-10-14 00:05:00,16,0,1,"[00:05:00,00:25:00)",5,0,2016-10-14,0,5,False
2016-10-14 00:25:00,11,0,1,"[00:25:00,00:45:00)",5,0,2016-10-14,0,25,False
2016-10-14 00:45:00,9,0,1,"[00:45:00,01:05:00)",5,0,2016-10-14,0,45,False
2016-10-14 01:05:00,5,0,1,"[01:05:00,01:25:00)",5,0,2016-10-14,1,5,False
2016-10-14 01:25:00,11,0,1,"[01:25:00,01:45:00)",5,0,2016-10-14,1,25,False
2016-10-14 01:45:00,10,0,1,"[01:45:00,02:05:00)",5,0,2016-10-14,1,45,False
2016-10-14 02:05:00,8,0,1,"[02:05:00,02:25:00)",5,0,2016-10-14,2,5,False
2016-10-14 02:25:00,5,0,1,"[02:25:00,02:45:00)",5,0,2016-10-14,2,25,False
2016-10-14 02:45:00,11,0,1,"[02:45:00,03:05:00)",5,0,2016-10-14,2,45,False
2016-10-14 03:05:00,5,0,1,"[03:05:00,03:25:00)",5,0,2016-10-14,3,5,False
2016-10-14 03:25:00,2,0,1,"[03:25:00,03:45:00)",5,0,2016-10-14,3,25,False
2016-10-14 03:45:00,12,0,1,"[03:45:00,04:05:00)",5,0,2016-10-14,3,45,False
2016-10-14 04:05:00,10,0,1,"[04:05:00,04:25:00)",5,0,2016-10-14,4,5,False
2016-10-14 04:25:00,11,0,1,"[04:25:00,04:45:00)",5,0,2016-10-14,4,25,False
2016-10-14 04:45:00,8,0,1,"[04:45:00,05:05:00)",5,0,2016-10-14,4,45,False
2016-10-14 05:05:00,3,0,1,"[05:05:00,05:25:00)",5,0,2016-10-14,5,5,False
2016-10-14 05:25:00,7,0,1,"[05:25:00,05:45:00)",5,0,2016-10-14,5,25,False
2016-10-14 05:45:00,7,0,1,"[05:45:00,06:05:00)",5,0,2016-10-14,5,45,False
2016-10-14 06:05:00,15,0,1,"[06:05:00,06:25:00)",5,0,2016-10-14,6,5,False
2016-10-14 06:25:00,21,0,1,"[06:25:00,06:45:00)",5,0,2016-10-14,6,25,False
2016-10-14 06:45:00,24,0,1,"[06:45:00,07:05:00)",5,0,2016-10-14,6,45,False
2016-10-14 07:05:00,21,0,1,"[07:05:00,07:25:00)",5,0,2016-10-14,7,5,False
2016-10-14 07:25:00,28,0,1,"[07:25:00,07:45:00)",5,0,2016-10-14,7,25,False
2016-10-14 07:45:00,34,0,1,"[07:45:00,08:05:00)",5,0,2016-10-14,7,45,False
2016-10-14 08:05:00,36,0,1,"[08:05:00,08:25:00)",5,0,2016-10-14,8,5,False
2016-10-14 08:25:00,62,0,1,"[08:25:00,08:45:00)",5,0,2016-10-14,8,25,False
2016-10-14 08:45:00,44,0,1,"[08:45:00,09:05:00)",5,0,2016-10-14,8,45,False
2016-10-14 09:05:00,51,0,1,"[09:05:00,09:25:00)",5,0,2016-10-14,9,5,False
2016-10-14 09:25:00,39,0,1,"[09:25:00,09:45:00)",5,0,2016-10-14,9,25,False
2016-10-14 09:45:00,46,0,1,"[09:45:00,10:05:00)",5,0,2016-10-14,9,45,False
2016-10-14 10:05:00,54,0,1,"[10:05:00,10:25:00)",5,0,2016-10-14,10,5,False
2016-10-14 10:25:00,46,0,1,"[10:25:00,10:45:00)",5,0,2016-10-14,10,25,False
2016-10-14 10:45:00,41,0,1,"[10:45:00,11:05:00)",5,0,2016-10-14,10,45,False
2016-10-14 11:05:00,46,0,1,"[11:05:00,11:25:00)",5,0,2016-10-14,11,5,False
2016-10-14 11:25:00,36,0,1,"[11:25:00,11:45:00)",5,0,2016-10-14,11,25,False
2016-10-14 11:45:00,38,0,1,"[11:45:00,12:05:00)",5,0,2016-10-14,11,45,False
2016-10-14 12:05:00,34,0,1,"[12:05:00,12:25:00)",5,0,2016-10-14,12,5,False
2016-10-14 12:25:00,39,0,1,"[12:25:00,12:45:00)",5,0,2016-10-14,12,25,False
2016-10-14 12:45:00,57,0,1,"[12:45:00,13:05:00)",5,0,2016-10-14,12,45,False
2016-10-14 13:05:00,59,0,1,"[13:05:00,13:25:00)",5,0,2016-10-14,13,5,False
2016-10-14 13:25:00,49,0,1,"[13:25:00,13:45:00)",5,0,2016-10-14,13,25,False
2016-10-14 13:45:00,50,0,1,"[13:45:00,14:05:00)",5,0,2016-10-14,13,45,False
2016-10-14 14:05:00,67,0,1,"[14:05:00,14:25:00)",5,0,2016-10-14,14,5,False
2016-10-14 14:25:00,57,0,1,"[14:25:00,14:45:00)",5,0,2016-10-14,14,25,False
2016-10-14 14:45:00,58,0,1,"[14:45:00,15:05:00)",5,0,2016-10-14,14,45,False
2016-10-14 15:05:00,78,0,1,"[15:05:00,15:25:00)",5,0,2016-10-14,15,5,False
2016-10-14 15:25:00,70,0,1,"[15:25:00,15:45:00)",5,0,2016-10-14,15,25,False
2016-10-14 15:45:00,58,0,1,"[15:45:00,16:05:00)",5,0,2016-10-14,15,45,False
2016-10-14 16:05:00,71,0,1,"[16:05:00,16:25:00)",5,0,2016-10-14,16,5,False
2016-10-14 16:25:00,65,0,1,"[16:25:00,16:45:00)",5,0,2016-10-14,16,25,False
2016-10-14 16:45:00,60,0,1,"[16:45:00,17:05:00)",5,0,2016-10-14,16,45,False
2016-10-14 17:05:00,44,0,1,"[17:05:00,17:25:00)",5,0,2016-10-14,17,5,False
2016-10-14 17:25:00,44,0,1,"[17:25:00,17:45:00)",5,0,2016-10-14,17,25,False
2016-10-14 17:45:00,43,0,1,"[17:45:00,18:05:00)",5,0,2016-10-14,17,45,False
2016-10-14 18:05:00,33,0,1,"[18:05:00,18:25:00)",5,0,2016-10-14,18,5,False
2016-10-14 18:25:00,35,0,1,"[18:25:00,18:45:00)",5,0,2016-10-14,18,25,False
2016-10-14 18:45:00,41,0,1,"[18:45:00,19:05:00)",5,0,2016-10-14,18,45,False
2016-10-14 19:05:00,38,0,1,"[19:05:00,19:25:00)",5,0,2016-10-14,19,5,False
2016-10-14 19:25:00,36,0,1,"[19:25:00,19:45:00)",5,0,2016-10-14,19,25,False
2016-10-14 19:45:00,28,0,1,"[19:45:00,20:05:00)",5,0,2016-10-14,19,45,False
2016-10-14 20:05:00,34,0,1,"[20:05:00,20:25:00)",5,0,2016-10-14,20,5,False
2016-10-14 20:25:00,22,0,1,"[20:25:00,20:45:00)",5,0,2016-10-14,20,25,False
2016-10-14 20:45:00,24,0,1,"[20:45:00,21:05:00)",5,0,2016-10-14,20,45,False
2016-10-14 21:05:00,14,0,1,"[21:05:00,21:25:00)",5,0,2016-10-14,21,5,False
2016-10-14 21:25:00,18,0,1,"[21:25:00,21:45:00)",5,0,2016-10-14,21,25,False
2016-10-14 21:45:00,14,0,1,"[21:45:00,22:05:00)",5,0,2016-10-14,21,45,False
2016-10-14 22:05:00,14,0,1,"[22:05:00,22:25:00)",5,0,2016-10-14,22,5,False
2016-10-14 22:25:00,13,0,1,"[22:25:00,22:45:00)",5,0,2016-10-14,22,25,False
2016-10-14 22:45:00,9,0,1,"[22:45:00,23:05:00)",5,0,2016-10-14,22,45,False
2016-10-14 23:05:00,10,0,1,"[23:05:00,23:25:00)",5,0,2016-10-14,23,5,False
2016-10-14 23:25:00,13,0,1,"[23:25:00,23:45:00)",5,0,2016-10-14,23,25,False
2016-10-14 23:45:00,5,0,1,"[23:45:00,00:00:00)",5,0,2016-10-14,23,45,False
2016-10-15 00:05:00,8,0,1,"[00:05:00,00:25:00)",6,1,2016-10-15,0,5,False
2016-10-15 00:25:00,9,0,1,"[00:25:00,00:45:00)",6,1,2016-10-15,0,25,False
2016-10-15 00:45:00,10,0,1,"[00:45:00,01:05:00)",6,1,2016-10-15,0,45,False
2016-10-15 01:05:00,9,0,1,"[01:05:00,01:25:00)",6,1,2016-10-15,1,5,False
2016-10-15 01:25:00,7,0,1,"[01:25:00,01:45:00)",6,1,2016-10-15,1,25,False
2016-10-15 01:45:00,11,0,1,"[01:45:00,02:05:00)",6,1,2016-10-15,1,45,False
2016-10-15 02:05:00,9,0,1,"[02:05:00,02:25:00)",6,1,2016-10-15,2,5,False
2016-10-15 02:25:00,8,0,1,"[02:25:00,02:45:00)",6,1,2016-10-15,2,25,False
2016-10-15 02:45:00,4,0,1,"[02:45:00,03:05:00)",6,1,2016-10-15,2,45,False
2016-10-15 03:05:00,8,0,1,"[03:05:00,03:25:00)",6,1,2016-10-15,3,5,False
2016-10-15 03:25:00,7,0,1,"[03:25:00,03:45:00)",6,1,2016-10-15,3,25,False
2016-10-15 03:45:00,9,0,1,"[03:45:00,04:05:00)",6,1,2016-10-15,3,45,False
2016-10-15 04:05:00,11,0,1,"[04:05:00,04:25:00)",6,1,2016-10-15,4,5,False
2016-10-15 04:25:00,8,0,1,"[04:25:00,04:45:00)",6,1,2016-10-15,4,25,False
2016-10-15 04:45:00,14,0,1,"[04:45:00,05:05:00)",6,1,2016-10-15,4,45,False
2016-10-15 05:05:00,7,0,1,"[05:05:00,05:25:00)",6,1,2016-10-15,5,5,False
2016-10-15 05:25:00,9,0,1,"[05:25:00,05:45:00)",6,1,2016-10-15,5,25,False
2016-10-15 05:45:00,7,0,1,"[05:45:00,06:05:00)",6,1,2016-10-15,5,45,False
2016-10-15 06:05:00,14,0,1,"[06:05:00,06:25:00)",6,1,2016-10-15,6,5,False
2016-10-15 06:25:00,23,0,1,"[06:25:00,06:45:00)",6,1,2016-10-15,6,25,False
2016-10-15 06:45:00,28,0,1,"[06:45:00,07:05:00)",6,1,2016-10-15,6,45,False
2016-10-15 07:05:00,48,0,1,"[07:05:00,07:25:00)",6,1,2016-10-15,7,5,False
2016-10-15 07:25:00,51,0,1,"[07:25:00,07:45:00)",6,1,2016-10-15,7,25,False
2016-10-15 07:45:00,44,0,1,"[07:45:00,08:05:00)",6,1,2016-10-15,7,45,False
2016-10-15 08:05:00,43,0,1,"[08:05:00,08:25:00)",6,1,2016-10-15,8,5,False
2016-10-15 08:25:00,53,0,1,"[08:25:00,08:45:00)",6,1,2016-10-15,8,25,False
2016-10-15 08:45:00,56,0,1,"[08:45:00,09:05:00)",6,1,2016-10-15,8,45,False
2016-10-15 09:05:00,71,0,1,"[09:05:00,09:25:00)",6,1,2016-10-15,9,5,False
2016-10-15 09:25:00,65,0,1,"[09:25:00,09:45:00)",6,1,2016-10-15,9,25,False
2016-10-15 09:45:00,62,0,1,"[09:45:00,10:05:00)",6,1,2016-10-15,9,45,False
2016-10-15 10:05:00,58,0,1,"[10:05:00,10:25:00)",6,1,2016-10-15,10,5,False
2016-10-15 10:25:00,62,0,1,"[10:25:00,10:45:00)",6,1,2016-10-15,10,25,False
2016-10-15 10:45:00,54,0,1,"[10:45:00,11:05:00)",6,1,2016-10-15,10,45,False
2016-10-15 11:05:00,57,0,1,"[11:05:00,11:25:00)",6,1,2016-10-15,11,5,False
2016-10-15 11:25:00,44,0,1,"[11:25:00,11:45:00)",6,1,2016-10-15,11,25,False
2016-10-15 11:45:00,47,0,1,"[11:45:00,12:05:00)",6,1,2016-10-15,11,45,False
2016-10-15 12:05:00,43,0,1,"[12:05:00,12:25:00)",6,1,2016-10-15,12,5,False
2016-10-15 12:25:00,47,0,1,"[12:25:00,12:45:00)",6,1,2016-10-15,12,25,False
2016-10-15 12:45:00,41,0,1,"[12:45:00,13:05:00)",6,1,2016-10-15,12,45,False
2016-10-15 13:05:00,64,0,1,"[13:05:00,13:25:00)",6,1,2016-10-15,13,5,False
2016-10-15 13:25:00,38,0,1,"[13:25:00,13:45:00)",6,1,2016-10-15,13,25,False
2016-10-15 13:45:00,37,0,1,"[13:45:00,14:05:00)",6,1,2016-10-15,13,45,False
2016-10-15 14:05:00,62,0,1,"[14:05:00,14:25:00)",6,1,2016-10-15,14,5,False
2016-10-15 14:25:00,67,0,1,"[14:25:00,14:45:00)",6,1,2016-10-15,14,25,False
2016-10-15 14:45:00,58,0,1,"[14:45:00,15:05:00)",6,1,2016-10-15,14,45,False
2016-10-15 15:05:00,39,0,1,"[15:05:00,15:25:00)",6,1,2016-10-15,15,5,False
2016-10-15 15:25:00,59,0,1,"[15:25:00,15:45:00)",6,1,2016-10-15,15,25,False
2016-10-15 15:45:00,58,0,1,"[15:45:00,16:05:00)",6,1,2016-10-15,15,45,False
2016-10-15 16:05:00,55,0,1,"[16:05:00,16:25:00)",6,1,2016-10-15,16,5,False
2016-10-15 16:25:00,61,0,1,"[16:25:00,16:45:00)",6,1,2016-10-15,16,25,False
2016-10-15 16:45:00,84,0,1,"[16:45:00,17:05:00)",6,1,2016-10-15,16,45,False
2016-10-15 17:05:00,55,0,1,"[17:05:00,17:25:00)",6,1,2016-10-15,17,5,False
2016-10-15 17:25:00,52,0,1,"[17:25:00,17:45:00)",6,1,2016-10-15,17,25,False
2016-10-15 17:45:00,24,0,1,"[17:45:00,18:05:00)",6,1,2016-10-15,17,45,False
2016-10-15 18:05:00,39,0,1,"[18:05:00,18:25:00)",6,1,2016-10-15,18,5,False
2016-10-15 18:25:00,26,0,1,"[18:25:00,18:45:00)",6,1,2016-10-15,18,25,False
2016-10-15 18:45:00,27,0,1,"[18:45:00,19:05:00)",6,1,2016-10-15,18,45,False
2016-10-15 19:05:00,21,0,1,"[19:05:00,19:25:00)",6,1,2016-10-15,19,5,False
2016-10-15 19:25:00,20,0,1,"[19:25:00,19:45:00)",6,1,2016-10-15,19,25,False
2016-10-15 19:45:00,26,0,1,"[19:45:00,20:05:00)",6,1,2016-10-15,19,45,False
2016-10-15 20:05:00,22,0,1,"[20:05:00,20:25:00)",6,1,2016-10-15,20,5,False
2016-10-15 20:25:00,14,0,1,"[20:25:00,20:45:00)",6,1,2016-10-15,20,25,False
2016-10-15 20:45:00,24,0,1,"[20:45:00,21:05:00)",6,1,2016-10-15,20,45,False
2016-10-15 21:05:00,24,0,1,"[21:05:00,21:25:00)",6,1,2016-10-15,21,5,False
2016-10-15 21:25:00,15,0,1,"[21:25:00,21:45:00)",6,1,2016-10-15,21,25,False
2016-10-15 21:45:00,18,0,1,"[21:45:00,22:05:00)",6,1,2016-10-15,21,45,False
2016-10-15 22:05:00,19,0,1,"[22:05:00,22:25:00)",6,1,2016-10-15,22,5,False
2016-10-15 22:25:00,14,0,1,"[22:25:00,22:45:00)",6,1,2016-10-15,22,25,False
2016-10-15 22:45:00,8,0,1,"[22:45:00,23:05:00)",6,1,2016-10-15,22,45,False
2016-10-15 23:05:00,13,0,1,"[23:05:00,23:25:00)",6,1,2016-10-15,23,5,False
2016-10-15 23:25:00,7,0,1,"[23:25:00,23:45:00)",6,1,2016-10-15,23,25,False
2016-10-15 23:45:00,7,0,1,"[23:45:00,00:00:00)",6,1,2016-10-15,23,45,False
2016-10-16 00:05:00,9,0,1,"[00:05:00,00:25:00)",7,1,2016-10-16,0,5,False
2016-10-16 00:25:00,9,0,1,"[00:25:00,00:45:00)",7,1,2016-10-16,0,25,False
2016-10-16 00:45:00,7,0,1,"[00:45:00,01:05:00)",7,1,2016-10-16,0,45,False
2016-10-16 01:05:00,10,0,1,"[01:05:00,01:25:00)",7,1,2016-10-16,1,5,False
2016-10-16 01:25:00,6,0,1,"[01:25:00,01:45:00)",7,1,2016-10-16,1,25,False
2016-10-16 01:45:00,4,0,1,"[01:45:00,02:05:00)",7,1,2016-10-16,1,45,False
2016-10-16 02:05:00,7,0,1,"[02:05:00,02:25:00)",7,1,2016-10-16,2,5,False
2016-10-16 02:25:00,5,0,1,"[02:25:00,02:45:00)",7,1,2016-10-16,2,25,False
2016-10-16 02:45:00,5,0,1,"[02:45:00,03:05:00)",7,1,2016-10-16,2,45,False
2016-10-16 03:05:00,4,0,1,"[03:05:00,03:25:00)",7,1,2016-10-16,3,5,False
2016-10-16 03:25:00,6,0,1,"[03:25:00,03:45:00)",7,1,2016-10-16,3,25,False
2016-10-16 03:45:00,9,0,1,"[03:45:00,04:05:00)",7,1,2016-10-16,3,45,False
2016-10-16 04:05:00,7,0,1,"[04:05:00,04:25:00)",7,1,2016-10-16,4,5,False
2016-10-16 04:25:00,14,0,1,"[04:25:00,04:45:00)",7,1,2016-10-16,4,25,False
2016-10-16 04:45:00,13,0,1,"[04:45:00,05:05:00)",7,1,2016-10-16,4,45,False
2016-10-16 05:05:00,5,0,1,"[05:05:00,05:25:00)",7,1,2016-10-16,5,5,False
2016-10-16 05:25:00,3,0,1,"[05:25:00,05:45:00)",7,1,2016-10-16,5,25,False
2016-10-16 05:45:00,9,0,1,"[05:45:00,06:05:00)",7,1,2016-10-16,5,45,False
2016-10-16 06:05:00,3,0,1,"[06:05:00,06:25:00)",7,1,2016-10-16,6,5,False
2016-10-16 06:25:00,7,0,1,"[06:25:00,06:45:00)",7,1,2016-10-16,6,25,False
2016-10-16 06:45:00,13,0,1,"[06:45:00,07:05:00)",7,1,2016-10-16,6,45,False
2016-10-16 07:05:00,18,0,1,"[07:05:00,07:25:00)",7,1,2016-10-16,7,5,False
2016-10-16 07:25:00,44,0,1,"[07:25:00,07:45:00)",7,1,2016-10-16,7,25,False
2016-10-16 07:45:00,43,0,1,"[07:45:00,08:05:00)",7,1,2016-10-16,7,45,False
2016-10-16 08:05:00,36,0,1,"[08:05:00,08:25:00)",7,1,2016-10-16,8,5,False
2016-10-16 08:25:00,39,0,1,"[08:25:00,08:45:00)",7,1,2016-10-16,8,25,False
2016-10-16 08:45:00,39,0,1,"[08:45:00,09:05:00)",7,1,2016-10-16,8,45,False
2016-10-16 09:05:00,49,0,1,"[09:05:00,09:25:00)",7,1,2016-10-16,9,5,False
2016-10-16 09:25:00,49,0,1,"[09:25:00,09:45:00)",7,1,2016-10-16,9,25,False
2016-10-16 09:45:00,46,0,1,"[09:45:00,10:05:00)",7,1,2016-10-16,9,45,False
2016-10-16 10:05:00,46,0,1,"[10:05:00,10:25:00)",7,1,2016-10-16,10,5,False
2016-10-16 10:25:00,56,0,1,"[10:25:00,10:45:00)",7,1,2016-10-16,10,25,False
2016-10-16 10:45:00,50,0,1,"[10:45:00,11:05:00)",7,1,2016-10-16,10,45,False
2016-10-16 11:05:00,48,0,1,"[11:05:00,11:25:00)",7,1,2016-10-16,11,5,False
2016-10-16 11:25:00,35,0,1,"[11:25:00,11:45:00)",7,1,2016-10-16,11,25,False
2016-10-16 11:45:00,39,0,1,"[11:45:00,12:05:00)",7,1,2016-10-16,11,45,False
2016-10-16 12:05:00,46,0,1,"[12:05:00,12:25:00)",7,1,2016-10-16,12,5,False
2016-10-16 12:25:00,54,0,1,"[12:25:00,12:45:00)",7,1,2016-10-16,12,25,False
2016-10-16 12:45:00,51,0,1,"[12:45:00,13:05:00)",7,1,2016-10-16,12,45,False
2016-10-16 13:05:00,61,0,1,"[13:05:00,13:25:00)",7,1,2016-10-16,13,5,False
2016-10-16 13:25:00,42,0,1,"[13:25:00,13:45:00)",7,1,2016-10-16,13,25,False
2016-10-16 13:45:00,51,0,1,"[13:45:00,14:05:00)",7,1,2016-10-16,13,45,False
2016-10-16 14:05:00,48,0,1,"[14:05:00,14:25:00)",7,1,2016-10-16,14,5,False
2016-10-16 14:25:00,71,0,1,"[14:25:00,14:45:00)",7,1,2016-10-16,14,25,False
2016-10-16 14:45:00,58,0,1,"[14:45:00,15:05:00)",7,1,2016-10-16,14,45,False
2016-10-16 15:05:00,55,0,1,"[15:05:00,15:25:00)",7,1,2016-10-16,15,5,False
2016-10-16 15:25:00,76,0,1,"[15:25:00,15:45:00)",7,1,2016-10-16,15,25,False
2016-10-16 15:45:00,72,0,1,"[15:45:00,16:05:00)",7,1,2016-10-16,15,45,False
2016-10-16 16:05:00,69,0,1,"[16:05:00,16:25:00)",7,1,2016-10-16,16,5,False
2016-10-16 16:25:00,60,0,1,"[16:25:00,16:45:00)",7,1,2016-10-16,16,25,False
2016-10-16 16:45:00,66,0,1,"[16:45:00,17:05:00)",7,1,2016-10-16,16,45,False
2016-10-16 17:05:00,74,0,1,"[17:05:00,17:25:00)",7,1,2016-10-16,17,5,False
2016-10-16 17:25:00,45,0,1,"[17:25:00,17:45:00)",7,1,2016-10-16,17,25,False
2016-10-16 17:45:00,47,0,1,"[17:45:00,18:05:00)",7,1,2016-10-16,17,45,False
2016-10-16 18:05:00,37,0,1,"[18:05:00,18:25:00)",7,1,2016-10-16,18,5,False
2016-10-16 18:25:00,39,0,1,"[18:25:00,18:45:00)",7,1,2016-10-16,18,25,False
2016-10-16 18:45:00,35,0,1,"[18:45:00,19:05:00)",7,1,2016-10-16,18,45,False
2016-10-16 19:05:00,37,0,1,"[19:05:00,19:25:00)",7,1,2016-10-16,19,5,False
2016-10-16 19:25:00,35,0,1,"[19:25:00,19:45:00)",7,1,2016-10-16,19,25,False
2016-10-16 19:45:00,26,0,1,"[19:45:00,20:05:00)",7,1,2016-10-16,19,45,False
2016-10-16 20:05:00,35,0,1,"[20:05:00,20:25:00)",7,1,2016-10-16,20,5,False
2016-10-16 20:25:00,30,0,1,"[20:25:00,20:45:00)",7,1,2016-10-16,20,25,False
2016-10-16 20:45:00,21,0,1,"[20:45:00,21:05:00)",7,1,2016-10-16,20,45,False
2016-10-16 21:05:00,23,0,1,"[21:05:00,21:25:00)",7,1,2016-10-16,21,5,False
2016-10-16 21:25:00,31,0,1,"[21:25:00,21:45:00)",7,1,2016-10-16,21,25,False
2016-10-16 21:45:00,14,0,1,"[21:45:00,22:05:00)",7,1,2016-10-16,21,45,False
2016-10-16 22:05:00,15,0,1,"[22:05:00,22:25:00)",7,1,2016-10-16,22,5,False
2016-10-16 22:25:00,5,0,1,"[22:25:00,22:45:00)",7,1,2016-10-16,22,25,False
2016-10-16 22:45:00,5,0,1,"[22:45:00,23:05:00)",7,1,2016-10-16,22,45,False
2016-10-16 23:05:00,7,0,1,"[23:05:00,23:25:00)",7,1,2016-10-16,23,5,False
2016-10-16 23:25:00,8,0,1,"[23:25:00,23:45:00)",7,1,2016-10-16,23,25,False
2016-10-16 23:45:00,2,0,1,"[23:45:00,00:00:00)",7,1,2016-10-16,23,45,False
2016-10-17 00:05:00,17,0,1,"[00:05:00,00:25:00)",1,0,2016-10-17,0,5,False
2016-10-17 00:25:00,10,0,1,"[00:25:00,00:45:00)",1,0,2016-10-17,0,25,False
2016-10-17 00:45:00,6,0,1,"[00:45:00,01:05:00)",1,0,2016-10-17,0,45,False
2016-10-17 01:05:00,10,0,1,"[01:05:00,01:25:00)",1,0,2016-10-17,1,5,False
2016-10-17 01:25:00,6,0,1,"[01:25:00,01:45:00)",1,0,2016-10-17,1,25,False
2016-10-17 01:45:00,5,0,1,"[01:45:00,02:05:00)",1,0,2016-10-17,1,45,False
2016-10-17 02:05:00,5,0,1,"[02:05:00,02:25:00)",1,0,2016-10-17,2,5,False
2016-10-17 02:25:00,6,0,1,"[02:25:00,02:45:00)",1,0,2016-10-17,2,25,False
2016-10-17 02:45:00,6,0,1,"[02:45:00,03:05:00)",1,0,2016-10-17,2,45,False
2016-10-17 03:05:00,9,0,1,"[03:05:00,03:25:00)",1,0,2016-10-17,3,5,False
2016-10-17 03:25:00,10,0,1,"[03:25:00,03:45:00)",1,0,2016-10-17,3,25,False
2016-10-17 03:45:00,9,0,1,"[03:45:00,04:05:00)",1,0,2016-10-17,3,45,False
2016-10-17 04:05:00,11,0,1,"[04:05:00,04:25:00)",1,0,2016-10-17,4,5,False
2016-10-17 04:25:00,16,0,1,"[04:25:00,04:45:00)",1,0,2016-10-17,4,25,False
2016-10-17 04:45:00,12,0,1,"[04:45:00,05:05:00)",1,0,2016-10-17,4,45,False
2016-10-17 05:05:00,2,0,1,"[05:05:00,05:25:00)",1,0,2016-10-17,5,5,False
2016-10-17 05:25:00,5,0,1,"[05:25:00,05:45:00)",1,0,2016-10-17,5,25,False
2016-10-17 05:45:00,11,0,1,"[05:45:00,06:05:00)",1,0,2016-10-17,5,45,False
2016-10-17 06:05:00,14,0,1,"[06:05:00,06:25:00)",1,0,2016-10-17,6,5,False
2016-10-17 06:25:00,17,0,1,"[06:25:00,06:45:00)",1,0,2016-10-17,6,25,False
2016-10-17 06:45:00,32,0,1,"[06:45:00,07:05:00)",1,0,2016-10-17,6,45,False
2016-10-17 07:05:00,36,0,1,"[07:05:00,07:25:00)",1,0,2016-10-17,7,5,False
2016-10-17 07:25:00,52,0,1,"[07:25:00,07:45:00)",1,0,2016-10-17,7,25,False
2016-10-17 07:45:00,47,0,1,"[07:45:00,08:05:00)",1,0,2016-10-17,7,45,False
2016-10-17 08:05:00,55,0,1,"[08:05:00,08:25:00)",1,0,2016-10-17,8,5,False
2016-10-17 08:25:00,45,0,1,"[08:25:00,08:45:00)",1,0,2016-10-17,8,25,False
2016-10-17 08:45:00,58,0,1,"[08:45:00,09:05:00)",1,0,2016-10-17,8,45,False
2016-10-17 09:05:00,43,0,1,"[09:05:00,09:25:00)",1,0,2016-10-17,9,5,False
2016-10-17 09:25:00,51,0,1,"[09:25:00,09:45:00)",1,0,2016-10-17,9,25,False
2016-10-17 09:45:00,49,0,1,"[09:45:00,10:05:00)",1,0,2016-10-17,9,45,False
2016-10-17 10:05:00,39,0,1,"[10:05:00,10:25:00)",1,0,2016-10-17,10,5,False
2016-10-17 10:25:00,58,0,1,"[10:25:00,10:45:00)",1,0,2016-10-17,10,25,False
2016-10-17 10:45:00,33,0,1,"[10:45:00,11:05:00)",1,0,2016-10-17,10,45,False
2016-10-17 11:05:00,31,0,1,"[11:05:00,11:25:00)",1,0,2016-10-17,11,5,False
2016-10-17 11:25:00,39,0,1,"[11:25:00,11:45:00)",1,0,2016-10-17,11,25,False
2016-10-17 11:45:00,32,0,1,"[11:45:00,12:05:00)",1,0,2016-10-17,11,45,False
2016-10-17 12:05:00,35,0,1,"[12:05:00,12:25:00)",1,0,2016-10-17,12,5,False
2016-10-17 12:25:00,48,0,1,"[12:25:00,12:45:00)",1,0,2016-10-17,12,25,False
2016-10-17 12:45:00,35,0,1,"[12:45:00,13:05:00)",1,0,2016-10-17,12,45,False
2016-10-17 13:05:00,51,0,1,"[13:05:00,13:25:00)",1,0,2016-10-17,13,5,False
2016-10-17 13:25:00,43,0,1,"[13:25:00,13:45:00)",1,0,2016-10-17,13,25,False
2016-10-17 13:45:00,57,0,1,"[13:45:00,14:05:00)",1,0,2016-10-17,13,45,False
2016-10-17 14:05:00,42,0,1,"[14:05:00,14:25:00)",1,0,2016-10-17,14,5,False
2016-10-17 14:25:00,54,0,1,"[14:25:00,14:45:00)",1,0,2016-10-17,14,25,False
2016-10-17 14:45:00,46,0,1,"[14:45:00,15:05:00)",1,0,2016-10-17,14,45,False
2016-10-17 15:05:00,45,0,1,"[15:05:00,15:25:00)",1,0,2016-10-17,15,5,False
2016-10-17 15:25:00,44,0,1,"[15:25:00,15:45:00)",1,0,2016-10-17,15,25,False
2016-10-17 15:45:00,45,0,1,"[15:45:00,16:05:00)",1,0,2016-10-17,15,45,False
2016-10-17 16:05:00,64,0,1,"[16:05:00,16:25:00)",1,0,2016-10-17,16,5,False
2016-10-17 16:25:00,50,0,1,"[16:25:00,16:45:00)",1,0,2016-10-17,16,25,False
2016-10-17 16:45:00,41,0,1,"[16:45:00,17:05:00)",1,0,2016-10-17,16,45,False
2016-10-17 17:05:00,42,0,1,"[17:05:00,17:25:00)",1,0,2016-10-17,17,5,False
2016-10-17 17:25:00,30,0,1,"[17:25:00,17:45:00)",1,0,2016-10-17,17,25,False
2016-10-17 17:45:00,22,0,1,"[17:45:00,18:05:00)",1,0,2016-10-17,17,45,False
2016-10-17 18:05:00,25,0,1,"[18:05:00,18:25:00)",1,0,2016-10-17,18,5,False
2016-10-17 18:25:00,19,0,1,"[18:25:00,18:45:00)",1,0,2016-10-17,18,25,False
2016-10-17 18:45:00,17,0,1,"[18:45:00,19:05:00)",1,0,2016-10-17,18,45,False
2016-10-17 19:05:00,27,0,1,"[19:05:00,19:25:00)",1,0,2016-10-17,19,5,False
2016-10-17 19:25:00,15,0,1,"[19:25:00,19:45:00)",1,0,2016-10-17,19,25,False
2016-10-17 19:45:00,15,0,1,"[19:45:00,20:05:00)",1,0,2016-10-17,19,45,False
2016-10-17 20:05:00,9,0,1,"[20:05:00,20:25:00)",1,0,2016-10-17,20,5,False
2016-10-17 20:25:00,21,0,1,"[20:25:00,20:45:00)",1,0,2016-10-17,20,25,False
2016-10-17 20:45:00,16,0,1,"[20:45:00,21:05:00)",1,0,2016-10-17,20,45,False
2016-10-17 21:05:00,16,0,1,"[21:05:00,21:25:00)",1,0,2016-10-17,21,5,False
2016-10-17 21:25:00,11,0,1,"[21:25:00,21:45:00)",1,0,2016-10-17,21,25,False
2016-10-17 21:45:00,20,0,1,"[21:45:00,22:05:00)",1,0,2016-10-17,21,45,False
2016-10-17 22:05:00,9,0,1,"[22:05:00,22:25:00)",1,0,2016-10-17,22,5,False
2016-10-17 22:25:00,11,0,1,"[22:25:00,22:45:00)",1,0,2016-10-17,22,25,False
2016-10-17 22:45:00,3,0,1,"[22:45:00,23:05:00)",1,0,2016-10-17,22,45,False
2016-10-17 23:05:00,0,0,1,"[23:05:00,23:25:00)",1,0,2016-10-17,23,5,False
2016-10-17 23:25:00,6,0,1,"[23:25:00,23:45:00)",1,0,2016-10-17,23,25,False
2016-10-17 23:45:00,5,0,1,"[23:45:00,00:00:00)",1,0,2016-10-17,23,45,False
2016-10-18 00:05:00,10,0,1,"[00:05:00,00:25:00)",2,0,2016-10-18,0,5,False
2016-10-18 00:25:00,7,0,1,"[00:25:00,00:45:00)",2,0,2016-10-18,0,25,False
2016-10-18 00:45:00,8,0,1,"[00:45:00,01:05:00)",2,0,2016-10-18,0,45,False
2016-10-18 01:05:00,11,0,1,"[01:05:00,01:25:00)",2,0,2016-10-18,1,5,False
2016-10-18 01:25:00,8,0,1,"[01:25:00,01:45:00)",2,0,2016-10-18,1,25,False
2016-10-18 01:45:00,8,0,1,"[01:45:00,02:05:00)",2,0,2016-10-18,1,45,False
2016-10-18 02:05:00,7,0,1,"[02:05:00,02:25:00)",2,0,2016-10-18,2,5,False
2016-10-18 02:25:00,6,0,1,"[02:25:00,02:45:00)",2,0,2016-10-18,2,25,False
2016-10-18 02:45:00,7,0,1,"[02:45:00,03:05:00)",2,0,2016-10-18,2,45,False
2016-10-18 03:05:00,6,0,1,"[03:05:00,03:25:00)",2,0,2016-10-18,3,5,False
2016-10-18 03:25:00,8,0,1,"[03:25:00,03:45:00)",2,0,2016-10-18,3,25,False
2016-10-18 03:45:00,6,0,1,"[03:45:00,04:05:00)",2,0,2016-10-18,3,45,False
2016-10-18 04:05:00,8,0,1,"[04:05:00,04:25:00)",2,0,2016-10-18,4,5,False
2016-10-18 04:25:00,14,0,1,"[04:25:00,04:45:00)",2,0,2016-10-18,4,25,False
2016-10-18 04:45:00,3,0,1,"[04:45:00,05:05:00)",2,0,2016-10-18,4,45,False
2016-10-18 05:05:00,8,0,1,"[05:05:00,05:25:00)",2,0,2016-10-18,5,5,False
2016-10-18 05:25:00,2,0,1,"[05:25:00,05:45:00)",2,0,2016-10-18,5,25,False
2016-10-18 05:45:00,5,0,1,"[05:45:00,06:05:00)",2,0,2016-10-18,5,45,False
2016-10-18 06:05:00,15,0,1,"[06:05:00,06:25:00)",2,0,2016-10-18,6,5,False
2016-10-18 06:25:00,16,0,1,"[06:25:00,06:45:00)",2,0,2016-10-18,6,25,False
2016-10-18 06:45:00,25,0,1,"[06:45:00,07:05:00)",2,0,2016-10-18,6,45,False
2016-10-18 07:05:00,30,0,1,"[07:05:00,07:25:00)",2,0,2016-10-18,7,5,False
2016-10-18 07:25:00,32,0,1,"[07:25:00,07:45:00)",2,0,2016-10-18,7,25,False
2016-10-18 07:45:00,46,0,1,"[07:45:00,08:05:00)",2,0,2016-10-18,7,45,False
2016-10-18 08:05:00,53,0,1,"[08:05:00,08:25:00)",2,0,2016-10-18,8,5,False
2016-10-18 08:25:00,51,0,1,"[08:25:00,08:45:00)",2,0,2016-10-18,8,25,False
2016-10-18 08:45:00,42,0,1,"[08:45:00,09:05:00)",2,0,2016-10-18,8,45,False
2016-10-18 09:05:00,57,0,1,"[09:05:00,09:25:00)",2,0,2016-10-18,9,5,False
2016-10-18 09:25:00,42,0,1,"[09:25:00,09:45:00)",2,0,2016-10-18,9,25,False
2016-10-18 09:45:00,41,0,1,"[09:45:00,10:05:00)",2,0,2016-10-18,9,45,False
2016-10-18 10:05:00,37,0,1,"[10:05:00,10:25:00)",2,0,2016-10-18,10,5,False
2016-10-18 10:25:00,49,0,1,"[10:25:00,10:45:00)",2,0,2016-10-18,10,25,False
2016-10-18 10:45:00,42,0,1,"[10:45:00,11:05:00)",2,0,2016-10-18,10,45,False
2016-10-18 11:05:00,40,0,1,"[11:05:00,11:25:00)",2,0,2016-10-18,11,5,False
2016-10-18 11:25:00,37,0,1,"[11:25:00,11:45:00)",2,0,2016-10-18,11,25,False
2016-10-18 11:45:00,32,0,1,"[11:45:00,12:05:00)",2,0,2016-10-18,11,45,False
2016-10-18 12:05:00,31,0,1,"[12:05:00,12:25:00)",2,0,2016-10-18,12,5,False
2016-10-18 12:25:00,49,0,1,"[12:25:00,12:45:00)",2,0,2016-10-18,12,25,False
2016-10-18 12:45:00,47,0,1,"[12:45:00,13:05:00)",2,0,2016-10-18,12,45,False
2016-10-18 13:05:00,47,0,1,"[13:05:00,13:25:00)",2,0,2016-10-18,13,5,False
2016-10-18 13:25:00,39,0,1,"[13:25:00,13:45:00)",2,0,2016-10-18,13,25,False
2016-10-18 13:45:00,47,0,1,"[13:45:00,14:05:00)",2,0,2016-10-18,13,45,False
2016-10-18 14:05:00,34,0,1,"[14:05:00,14:25:00)",2,0,2016-10-18,14,5,False
2016-10-18 14:25:00,51,0,1,"[14:25:00,14:45:00)",2,0,2016-10-18,14,25,False
2016-10-18 14:45:00,54,0,1,"[14:45:00,15:05:00)",2,0,2016-10-18,14,45,False
2016-10-18 15:05:00,43,0,1,"[15:05:00,15:25:00)",2,0,2016-10-18,15,5,False
2016-10-18 15:25:00,36,0,1,"[15:25:00,15:45:00)",2,0,2016-10-18,15,25,False
2016-10-18 15:45:00,41,0,1,"[15:45:00,16:05:00)",2,0,2016-10-18,15,45,False
2016-10-18 16:05:00,55,0,1,"[16:05:00,16:25:00)",2,0,2016-10-18,16,5,False
2016-10-18 16:25:00,41,0,1,"[16:25:00,16:45:00)",2,0,2016-10-18,16,25,False
2016-10-18 16:45:00,56,0,1,"[16:45:00,17:05:00)",2,0,2016-10-18,16,45,False
2016-10-18 17:05:00,44,0,1,"[17:05:00,17:25:00)",2,0,2016-10-18,17,5,False
2016-10-18 17:25:00,31,0,1,"[17:25:00,17:45:00)",2,0,2016-10-18,17,25,False
2016-10-18 17:45:00,31,0,1,"[17:45:00,18:05:00)",2,0,2016-10-18,17,45,False
2016-10-18 18:05:00,20,0,1,"[18:05:00,18:25:00)",2,0,2016-10-18,18,5,False
2016-10-18 18:25:00,20,0,1,"[18:25:00,18:45:00)",2,0,2016-10-18,18,25,False
2016-10-18 18:45:00,21,0,1,"[18:45:00,19:05:00)",2,0,2016-10-18,18,45,False
2016-10-18 19:05:00,25,0,1,"[19:05:00,19:25:00)",2,0,2016-10-18,19,5,False
2016-10-18 19:25:00,22,0,1,"[19:25:00,19:45:00)",2,0,2016-10-18,19,25,False
2016-10-18 19:45:00,25,0,1,"[19:45:00,20:05:00)",2,0,2016-10-18,19,45,False
2016-10-18 20:05:00,20,0,1,"[20:05:00,20:25:00)",2,0,2016-10-18,20,5,False
2016-10-18 20:25:00,18,0,1,"[20:25:00,20:45:00)",2,0,2016-10-18,20,25,False
2016-10-18 20:45:00,17,0,1,"[20:45:00,21:05:00)",2,0,2016-10-18,20,45,False
2016-10-18 21:05:00,17,0,1,"[21:05:00,21:25:00)",2,0,2016-10-18,21,5,False
2016-10-18 21:25:00,9,0,1,"[21:25:00,21:45:00)",2,0,2016-10-18,21,25,False
2016-10-18 21:45:00,6,0,1,"[21:45:00,22:05:00)",2,0,2016-10-18,21,45,False
2016-10-18 22:05:00,7,0,1,"[22:05:00,22:25:00)",2,0,2016-10-18,22,5,False
2016-10-18 22:25:00,8,0,1,"[22:25:00,22:45:00)",2,0,2016-10-18,22,25,False
2016-10-18 22:45:00,7,0,1,"[22:45:00,23:05:00)",2,0,2016-10-18,22,45,False
2016-10-18 23:05:00,5,0,1,"[23:05:00,23:25:00)",2,0,2016-10-18,23,5,False
2016-10-18 23:25:00,7,0,1,"[23:25:00,23:45:00)",2,0,2016-10-18,23,25,False
2016-10-18 23:45:00,3,0,1,"[23:45:00,00:00:00)",2,0,2016-10-18,23,45,False
2016-10-19 00:05:00,9,0,1,"[00:05:00,00:25:00)",3,0,2016-10-19,0,5,False
2016-10-19 00:25:00,15,0,1,"[00:25:00,00:45:00)",3,0,2016-10-19,0,25,False
2016-10-19 00:45:00,8,0,1,"[00:45:00,01:05:00)",3,0,2016-10-19,0,45,False
2016-10-19 01:05:00,5,0,1,"[01:05:00,01:25:00)",3,0,2016-10-19,1,5,False
2016-10-19 01:25:00,14,0,1,"[01:25:00,01:45:00)",3,0,2016-10-19,1,25,False
2016-10-19 01:45:00,8,0,1,"[01:45:00,02:05:00)",3,0,2016-10-19,1,45,False
2016-10-19 02:05:00,8,0,1,"[02:05:00,02:25:00)",3,0,2016-10-19,2,5,False
2016-10-19 02:25:00,7,0,1,"[02:25:00,02:45:00)",3,0,2016-10-19,2,25,False
2016-10-19 02:45:00,6,0,1,"[02:45:00,03:05:00)",3,0,2016-10-19,2,45,False
2016-10-19 03:05:00,4,0,1,"[03:05:00,03:25:00)",3,0,2016-10-19,3,5,False
2016-10-19 03:25:00,8,0,1,"[03:25:00,03:45:00)",3,0,2016-10-19,3,25,False
2016-10-19 03:45:00,8,0,1,"[03:45:00,04:05:00)",3,0,2016-10-19,3,45,False
2016-10-19 04:05:00,5,0,1,"[04:05:00,04:25:00)",3,0,2016-10-19,4,5,False
2016-10-19 04:25:00,8,0,1,"[04:25:00,04:45:00)",3,0,2016-10-19,4,25,False
2016-10-19 04:45:00,11,0,1,"[04:45:00,05:05:00)",3,0,2016-10-19,4,45,False
2016-10-19 05:05:00,2,0,1,"[05:05:00,05:25:00)",3,0,2016-10-19,5,5,False
2016-10-19 05:25:00,3,0,1,"[05:25:00,05:45:00)",3,0,2016-10-19,5,25,False
2016-10-19 05:45:00,7,0,1,"[05:45:00,06:05:00)",3,0,2016-10-19,5,45,False
2016-10-19 06:05:00,15,0,1,"[06:05:00,06:25:00)",3,0,2016-10-19,6,5,False
2016-10-19 06:25:00,15,0,1,"[06:25:00,06:45:00)",3,0,2016-10-19,6,25,False
2016-10-19 06:45:00,20,0,1,"[06:45:00,07:05:00)",3,0,2016-10-19,6,45,False
2016-10-19 07:05:00,23,0,1,"[07:05:00,07:25:00)",3,0,2016-10-19,7,5,False
2016-10-19 07:25:00,41,0,1,"[07:25:00,07:45:00)",3,0,2016-10-19,7,25,False
2016-10-19 07:45:00,46,0,1,"[07:45:00,08:05:00)",3,0,2016-10-19,7,45,False
2016-10-19 08:05:00,46,0,1,"[08:05:00,08:25:00)",3,0,2016-10-19,8,5,False
2016-10-19 08:25:00,49,0,1,"[08:25:00,08:45:00)",3,0,2016-10-19,8,25,False
2016-10-19 08:45:00,48,0,1,"[08:45:00,09:05:00)",3,0,2016-10-19,8,45,False
2016-10-19 09:05:00,47,0,1,"[09:05:00,09:25:00)",3,0,2016-10-19,9,5,False
2016-10-19 09:25:00,39,0,1,"[09:25:00,09:45:00)",3,0,2016-10-19,9,25,False
2016-10-19 09:45:00,59,0,1,"[09:45:00,10:05:00)",3,0,2016-10-19,9,45,False
2016-10-19 10:05:00,45,0,1,"[10:05:00,10:25:00)",3,0,2016-10-19,10,5,False
2016-10-19 10:25:00,41,0,1,"[10:25:00,10:45:00)",3,0,2016-10-19,10,25,False
2016-10-19 10:45:00,39,0,1,"[10:45:00,11:05:00)",3,0,2016-10-19,10,45,False
2016-10-19 11:05:00,39,0,1,"[11:05:00,11:25:00)",3,0,2016-10-19,11,5,False
2016-10-19 11:25:00,38,0,1,"[11:25:00,11:45:00)",3,0,2016-10-19,11,25,False
2016-10-19 11:45:00,34,0,1,"[11:45:00,12:05:00)",3,0,2016-10-19,11,45,False
2016-10-19 12:05:00,41,0,1,"[12:05:00,12:25:00)",3,0,2016-10-19,12,5,False
2016-10-19 12:25:00,46,0,1,"[12:25:00,12:45:00)",3,0,2016-10-19,12,25,False
2016-10-19 12:45:00,35,0,1,"[12:45:00,13:05:00)",3,0,2016-10-19,12,45,False
2016-10-19 13:05:00,34,0,1,"[13:05:00,13:25:00)",3,0,2016-10-19,13,5,False
2016-10-19 13:25:00,44,0,1,"[13:25:00,13:45:00)",3,0,2016-10-19,13,25,False
2016-10-19 13:45:00,41,0,1,"[13:45:00,14:05:00)",3,0,2016-10-19,13,45,False
2016-10-19 14:05:00,40,0,1,"[14:05:00,14:25:00)",3,0,2016-10-19,14,5,False
2016-10-19 14:25:00,29,0,1,"[14:25:00,14:45:00)",3,0,2016-10-19,14,25,False
2016-10-19 14:45:00,48,0,1,"[14:45:00,15:05:00)",3,0,2016-10-19,14,45,False
2016-10-19 15:05:00,37,0,1,"[15:05:00,15:25:00)",3,0,2016-10-19,15,5,False
2016-10-19 15:25:00,31,0,1,"[15:25:00,15:45:00)",3,0,2016-10-19,15,25,False
2016-10-19 15:45:00,59,0,1,"[15:45:00,16:05:00)",3,0,2016-10-19,15,45,False
2016-10-19 16:05:00,38,0,1,"[16:05:00,16:25:00)",3,0,2016-10-19,16,5,False
2016-10-19 16:25:00,35,0,1,"[16:25:00,16:45:00)",3,0,2016-10-19,16,25,False
2016-10-19 16:45:00,32,0,1,"[16:45:00,17:05:00)",3,0,2016-10-19,16,45,False
2016-10-19 17:05:00,32,0,1,"[17:05:00,17:25:00)",3,0,2016-10-19,17,5,False
2016-10-19 17:25:00,31,0,1,"[17:25:00,17:45:00)",3,0,2016-10-19,17,25,False
2016-10-19 17:45:00,34,0,1,"[17:45:00,18:05:00)",3,0,2016-10-19,17,45,False
2016-10-19 18:05:00,23,0,1,"[18:05:00,18:25:00)",3,0,2016-10-19,18,5,False
2016-10-19 18:25:00,18,0,1,"[18:25:00,18:45:00)",3,0,2016-10-19,18,25,False
2016-10-19 18:45:00,35,0,1,"[18:45:00,19:05:00)",3,0,2016-10-19,18,45,False
2016-10-19 19:05:00,22,0,1,"[19:05:00,19:25:00)",3,0,2016-10-19,19,5,False
2016-10-19 19:25:00,25,0,1,"[19:25:00,19:45:00)",3,0,2016-10-19,19,25,False
2016-10-19 19:45:00,25,0,1,"[19:45:00,20:05:00)",3,0,2016-10-19,19,45,False
2016-10-19 20:05:00,6,0,1,"[20:05:00,20:25:00)",3,0,2016-10-19,20,5,False
2016-10-19 20:25:00,17,0,1,"[20:25:00,20:45:00)",3,0,2016-10-19,20,25,False
2016-10-19 20:45:00,15,0,1,"[20:45:00,21:05:00)",3,0,2016-10-19,20,45,False
2016-10-19 21:05:00,14,0,1,"[21:05:00,21:25:00)",3,0,2016-10-19,21,5,False
2016-10-19 21:25:00,18,0,1,"[21:25:00,21:45:00)",3,0,2016-10-19,21,25,False
2016-10-19 21:45:00,12,0,1,"[21:45:00,22:05:00)",3,0,2016-10-19,21,45,False
2016-10-19 22:05:00,6,0,1,"[22:05:00,22:25:00)",3,0,2016-10-19,22,5,False
2016-10-19 22:25:00,9,0,1,"[22:25:00,22:45:00)",3,0,2016-10-19,22,25,False
2016-10-19 22:45:00,9,0,1,"[22:45:00,23:05:00)",3,0,2016-10-19,22,45,False
2016-10-19 23:05:00,14,0,1,"[23:05:00,23:25:00)",3,0,2016-10-19,23,5,False
2016-10-19 23:25:00,3,0,1,"[23:25:00,23:45:00)",3,0,2016-10-19,23,25,False
2016-10-19 23:45:00,9,0,1,"[23:45:00,00:00:00)",3,0,2016-10-19,23,45,False
2016-10-20 00:05:00,5,0,1,"[00:05:00,00:25:00)",4,0,2016-10-20,0,5,False
2016-10-20 00:25:00,6,0,1,"[00:25:00,00:45:00)",4,0,2016-10-20,0,25,False
2016-10-20 00:45:00,12,0,1,"[00:45:00,01:05:00)",4,0,2016-10-20,0,45,False
2016-10-20 01:05:00,9,0,1,"[01:05:00,01:25:00)",4,0,2016-10-20,1,5,False
2016-10-20 01:25:00,7,0,1,"[01:25:00,01:45:00)",4,0,2016-10-20,1,25,False
2016-10-20 01:45:00,8,0,1,"[01:45:00,02:05:00)",4,0,2016-10-20,1,45,False
2016-10-20 02:05:00,5,0,1,"[02:05:00,02:25:00)",4,0,2016-10-20,2,5,False
2016-10-20 02:25:00,9,0,1,"[02:25:00,02:45:00)",4,0,2016-10-20,2,25,False
2016-10-20 02:45:00,8,0,1,"[02:45:00,03:05:00)",4,0,2016-10-20,2,45,False
2016-10-20 03:05:00,6,0,1,"[03:05:00,03:25:00)",4,0,2016-10-20,3,5,False
2016-10-20 03:25:00,8,0,1,"[03:25:00,03:45:00)",4,0,2016-10-20,3,25,False
2016-10-20 03:45:00,8,0,1,"[03:45:00,04:05:00)",4,0,2016-10-20,3,45,False
2016-10-20 04:05:00,10,0,1,"[04:05:00,04:25:00)",4,0,2016-10-20,4,5,False
2016-10-20 04:25:00,6,0,1,"[04:25:00,04:45:00)",4,0,2016-10-20,4,25,False
2016-10-20 04:45:00,12,0,1,"[04:45:00,05:05:00)",4,0,2016-10-20,4,45,False
2016-10-20 05:05:00,2,0,1,"[05:05:00,05:25:00)",4,0,2016-10-20,5,5,False
2016-10-20 05:25:00,1,0,1,"[05:25:00,05:45:00)",4,0,2016-10-20,5,25,False
2016-10-20 05:45:00,10,0,1,"[05:45:00,06:05:00)",4,0,2016-10-20,5,45,False
2016-10-20 06:05:00,7,0,1,"[06:05:00,06:25:00)",4,0,2016-10-20,6,5,False
2016-10-20 06:25:00,20,0,1,"[06:25:00,06:45:00)",4,0,2016-10-20,6,25,False
2016-10-20 06:45:00,23,0,1,"[06:45:00,07:05:00)",4,0,2016-10-20,6,45,False
2016-10-20 07:05:00,22,0,1,"[07:05:00,07:25:00)",4,0,2016-10-20,7,5,False
2016-10-20 07:25:00,41,0,1,"[07:25:00,07:45:00)",4,0,2016-10-20,7,25,False
2016-10-20 07:45:00,32,0,1,"[07:45:00,08:05:00)",4,0,2016-10-20,7,45,False
2016-10-20 08:05:00,54,0,1,"[08:05:00,08:25:00)",4,0,2016-10-20,8,5,False
2016-10-20 08:25:00,54,0,1,"[08:25:00,08:45:00)",4,0,2016-10-20,8,25,False
2016-10-20 08:45:00,63,0,1,"[08:45:00,09:05:00)",4,0,2016-10-20,8,45,False
2016-10-20 09:05:00,31,0,1,"[09:05:00,09:25:00)",4,0,2016-10-20,9,5,False
2016-10-20 09:25:00,46,0,1,"[09:25:00,09:45:00)",4,0,2016-10-20,9,25,False
2016-10-20 09:45:00,43,0,1,"[09:45:00,10:05:00)",4,0,2016-10-20,9,45,False
2016-10-20 10:05:00,51,0,1,"[10:05:00,10:25:00)",4,0,2016-10-20,10,5,False
2016-10-20 10:25:00,37,0,1,"[10:25:00,10:45:00)",4,0,2016-10-20,10,25,False
2016-10-20 10:45:00,39,0,1,"[10:45:00,11:05:00)",4,0,2016-10-20,10,45,False
2016-10-20 11:05:00,33,0,1,"[11:05:00,11:25:00)",4,0,2016-10-20,11,5,False
2016-10-20 11:25:00,32,0,1,"[11:25:00,11:45:00)",4,0,2016-10-20,11,25,False
2016-10-20 11:45:00,43,0,1,"[11:45:00,12:05:00)",4,0,2016-10-20,11,45,False
2016-10-20 12:05:00,46,0,1,"[12:05:00,12:25:00)",4,0,2016-10-20,12,5,False
2016-10-20 12:25:00,38,0,1,"[12:25:00,12:45:00)",4,0,2016-10-20,12,25,False
2016-10-20 12:45:00,36,0,1,"[12:45:00,13:05:00)",4,0,2016-10-20,12,45,False
2016-10-20 13:05:00,44,0,1,"[13:05:00,13:25:00)",4,0,2016-10-20,13,5,False
2016-10-20 13:25:00,40,0,1,"[13:25:00,13:45:00)",4,0,2016-10-20,13,25,False
2016-10-20 13:45:00,38,0,1,"[13:45:00,14:05:00)",4,0,2016-10-20,13,45,False
2016-10-20 14:05:00,40,0,1,"[14:05:00,14:25:00)",4,0,2016-10-20,14,5,False
2016-10-20 14:25:00,38,0,1,"[14:25:00,14:45:00)",4,0,2016-10-20,14,25,False
2016-10-20 14:45:00,46,0,1,"[14:45:00,15:05:00)",4,0,2016-10-20,14,45,False
2016-10-20 15:05:00,45,0,1,"[15:05:00,15:25:00)",4,0,2016-10-20,15,5,False
2016-10-20 15:25:00,31,0,1,"[15:25:00,15:45:00)",4,0,2016-10-20,15,25,False
2016-10-20 15:45:00,49,0,1,"[15:45:00,16:05:00)",4,0,2016-10-20,15,45,False
2016-10-20 16:05:00,46,0,1,"[16:05:00,16:25:00)",4,0,2016-10-20,16,5,False
2016-10-20 16:25:00,32,0,1,"[16:25:00,16:45:00)",4,0,2016-10-20,16,25,False
2016-10-20 16:45:00,41,0,1,"[16:45:00,17:05:00)",4,0,2016-10-20,16,45,False
2016-10-20 17:05:00,35,0,1,"[17:05:00,17:25:00)",4,0,2016-10-20,17,5,False
2016-10-20 17:25:00,43,0,1,"[17:25:00,17:45:00)",4,0,2016-10-20,17,25,False
2016-10-20 17:45:00,35,0,1,"[17:45:00,18:05:00)",4,0,2016-10-20,17,45,False
2016-10-20 18:05:00,24,0,1,"[18:05:00,18:25:00)",4,0,2016-10-20,18,5,False
2016-10-20 18:25:00,18,0,1,"[18:25:00,18:45:00)",4,0,2016-10-20,18,25,False
2016-10-20 18:45:00,18,0,1,"[18:45:00,19:05:00)",4,0,2016-10-20,18,45,False
2016-10-20 19:05:00,25,0,1,"[19:05:00,19:25:00)",4,0,2016-10-20,19,5,False
2016-10-20 19:25:00,18,0,1,"[19:25:00,19:45:00)",4,0,2016-10-20,19,25,False
2016-10-20 19:45:00,33,0,1,"[19:45:00,20:05:00)",4,0,2016-10-20,19,45,False
2016-10-20 20:05:00,21,0,1,"[20:05:00,20:25:00)",4,0,2016-10-20,20,5,False
2016-10-20 20:25:00,18,0,1,"[20:25:00,20:45:00)",4,0,2016-10-20,20,25,False
2016-10-20 20:45:00,18,0,1,"[20:45:00,21:05:00)",4,0,2016-10-20,20,45,False
2016-10-20 21:05:00,11,0,1,"[21:05:00,21:25:00)",4,0,2016-10-20,21,5,False
2016-10-20 21:25:00,8,0,1,"[21:25:00,21:45:00)",4,0,2016-10-20,21,25,False
2016-10-20 21:45:00,11,0,1,"[21:45:00,22:05:00)",4,0,2016-10-20,21,45,False
2016-10-20 22:05:00,17,0,1,"[22:05:00,22:25:00)",4,0,2016-10-20,22,5,False
2016-10-20 22:25:00,21,0,1,"[22:25:00,22:45:00)",4,0,2016-10-20,22,25,False
2016-10-20 22:45:00,11,0,1,"[22:45:00,23:05:00)",4,0,2016-10-20,22,45,False
2016-10-20 23:05:00,8,0,1,"[23:05:00,23:25:00)",4,0,2016-10-20,23,5,False
2016-10-20 23:25:00,8,0,1,"[23:25:00,23:45:00)",4,0,2016-10-20,23,25,False
2016-10-20 23:45:00,13,0,1,"[23:45:00,00:00:00)",4,0,2016-10-20,23,45,False
2016-10-21 00:05:00,8,0,1,"[00:05:00,00:25:00)",5,0,2016-10-21,0,5,False
2016-10-21 00:25:00,10,0,1,"[00:25:00,00:45:00)",5,0,2016-10-21,0,25,False
2016-10-21 00:45:00,7,0,1,"[00:45:00,01:05:00)",5,0,2016-10-21,0,45,False
2016-10-21 01:05:00,8,0,1,"[01:05:00,01:25:00)",5,0,2016-10-21,1,5,False
2016-10-21 01:25:00,10,0,1,"[01:25:00,01:45:00)",5,0,2016-10-21,1,25,False
2016-10-21 01:45:00,5,0,1,"[01:45:00,02:05:00)",5,0,2016-10-21,1,45,False
2016-10-21 02:05:00,3,0,1,"[02:05:00,02:25:00)",5,0,2016-10-21,2,5,False
2016-10-21 02:25:00,3,0,1,"[02:25:00,02:45:00)",5,0,2016-10-21,2,25,False
2016-10-21 02:45:00,9,0,1,"[02:45:00,03:05:00)",5,0,2016-10-21,2,45,False
2016-10-21 03:05:00,5,0,1,"[03:05:00,03:25:00)",5,0,2016-10-21,3,5,False
2016-10-21 03:25:00,5,0,1,"[03:25:00,03:45:00)",5,0,2016-10-21,3,25,False
2016-10-21 03:45:00,3,0,1,"[03:45:00,04:05:00)",5,0,2016-10-21,3,45,False
2016-10-21 04:05:00,17,0,1,"[04:05:00,04:25:00)",5,0,2016-10-21,4,5,False
2016-10-21 04:25:00,9,0,1,"[04:25:00,04:45:00)",5,0,2016-10-21,4,25,False
2016-10-21 04:45:00,7,0,1,"[04:45:00,05:05:00)",5,0,2016-10-21,4,45,False
2016-10-21 05:05:00,5,0,1,"[05:05:00,05:25:00)",5,0,2016-10-21,5,5,False
2016-10-21 05:25:00,4,0,1,"[05:25:00,05:45:00)",5,0,2016-10-21,5,25,False
2016-10-21 05:45:00,4,0,1,"[05:45:00,06:05:00)",5,0,2016-10-21,5,45,False
2016-10-21 06:05:00,10,0,1,"[06:05:00,06:25:00)",5,0,2016-10-21,6,5,False
2016-10-21 06:25:00,13,0,1,"[06:25:00,06:45:00)",5,0,2016-10-21,6,25,False
2016-10-21 06:45:00,26,0,1,"[06:45:00,07:05:00)",5,0,2016-10-21,6,45,False
2016-10-21 07:05:00,31,0,1,"[07:05:00,07:25:00)",5,0,2016-10-21,7,5,False
2016-10-21 07:25:00,40,0,1,"[07:25:00,07:45:00)",5,0,2016-10-21,7,25,False
2016-10-21 07:45:00,41,0,1,"[07:45:00,08:05:00)",5,0,2016-10-21,7,45,False
2016-10-21 08:05:00,33,0,1,"[08:05:00,08:25:00)",5,0,2016-10-21,8,5,False
2016-10-21 08:25:00,50,0,1,"[08:25:00,08:45:00)",5,0,2016-10-21,8,25,False
2016-10-21 08:45:00,42,0,1,"[08:45:00,09:05:00)",5,0,2016-10-21,8,45,False
2016-10-21 09:05:00,50,0,1,"[09:05:00,09:25:00)",5,0,2016-10-21,9,5,False
2016-10-21 09:25:00,36,0,1,"[09:25:00,09:45:00)",5,0,2016-10-21,9,25,False
2016-10-21 09:45:00,49,0,1,"[09:45:00,10:05:00)",5,0,2016-10-21,9,45,False
2016-10-21 10:05:00,52,0,1,"[10:05:00,10:25:00)",5,0,2016-10-21,10,5,False
2016-10-21 10:25:00,44,0,1,"[10:25:00,10:45:00)",5,0,2016-10-21,10,25,False
2016-10-21 10:45:00,54,0,1,"[10:45:00,11:05:00)",5,0,2016-10-21,10,45,False
2016-10-21 11:05:00,36,0,1,"[11:05:00,11:25:00)",5,0,2016-10-21,11,5,False
2016-10-21 11:25:00,44,0,1,"[11:25:00,11:45:00)",5,0,2016-10-21,11,25,False
2016-10-21 11:45:00,38,0,1,"[11:45:00,12:05:00)",5,0,2016-10-21,11,45,False
2016-10-21 12:05:00,41,0,1,"[12:05:00,12:25:00)",5,0,2016-10-21,12,5,False
2016-10-21 12:25:00,49,0,1,"[12:25:00,12:45:00)",5,0,2016-10-21,12,25,False
2016-10-21 12:45:00,39,0,1,"[12:45:00,13:05:00)",5,0,2016-10-21,12,45,False
2016-10-21 13:05:00,56,0,1,"[13:05:00,13:25:00)",5,0,2016-10-21,13,5,False
2016-10-21 13:25:00,75,0,1,"[13:25:00,13:45:00)",5,0,2016-10-21,13,25,False
2016-10-21 13:45:00,76,0,1,"[13:45:00,14:05:00)",5,0,2016-10-21,13,45,False
2016-10-21 14:05:00,49,0,1,"[14:05:00,14:25:00)",5,0,2016-10-21,14,5,False
2016-10-21 14:25:00,56,0,1,"[14:25:00,14:45:00)",5,0,2016-10-21,14,25,False
2016-10-21 14:45:00,46,0,1,"[14:45:00,15:05:00)",5,0,2016-10-21,14,45,False
2016-10-21 15:05:00,50,0,1,"[15:05:00,15:25:00)",5,0,2016-10-21,15,5,False
2016-10-21 15:25:00,54,0,1,"[15:25:00,15:45:00)",5,0,2016-10-21,15,25,False
2016-10-21 15:45:00,48,0,1,"[15:45:00,16:05:00)",5,0,2016-10-21,15,45,False
2016-10-21 16:05:00,64,0,1,"[16:05:00,16:25:00)",5,0,2016-10-21,16,5,False
2016-10-21 16:25:00,66,0,1,"[16:25:00,16:45:00)",5,0,2016-10-21,16,25,False
2016-10-21 16:45:00,66,0,1,"[16:45:00,17:05:00)",5,0,2016-10-21,16,45,False
2016-10-21 17:05:00,53,0,1,"[17:05:00,17:25:00)",5,0,2016-10-21,17,5,False
2016-10-21 17:25:00,49,0,1,"[17:25:00,17:45:00)",5,0,2016-10-21,17,25,False
2016-10-21 17:45:00,39,0,1,"[17:45:00,18:05:00)",5,0,2016-10-21,17,45,False
2016-10-21 18:05:00,41,0,1,"[18:05:00,18:25:00)",5,0,2016-10-21,18,5,False
2016-10-21 18:25:00,45,0,1,"[18:25:00,18:45:00)",5,0,2016-10-21,18,25,False
2016-10-21 18:45:00,35,0,1,"[18:45:00,19:05:00)",5,0,2016-10-21,18,45,False
2016-10-21 19:05:00,35,0,1,"[19:05:00,19:25:00)",5,0,2016-10-21,19,5,False
2016-10-21 19:25:00,36,0,1,"[19:25:00,19:45:00)",5,0,2016-10-21,19,25,False
2016-10-21 19:45:00,24,0,1,"[19:45:00,20:05:00)",5,0,2016-10-21,19,45,False
2016-10-21 20:05:00,33,0,1,"[20:05:00,20:25:00)",5,0,2016-10-21,20,5,False
2016-10-21 20:25:00,28,0,1,"[20:25:00,20:45:00)",5,0,2016-10-21,20,25,False
2016-10-21 20:45:00,22,0,1,"[20:45:00,21:05:00)",5,0,2016-10-21,20,45,False
2016-10-21 21:05:00,17,0,1,"[21:05:00,21:25:00)",5,0,2016-10-21,21,5,False
2016-10-21 21:25:00,25,0,1,"[21:25:00,21:45:00)",5,0,2016-10-21,21,25,False
2016-10-21 21:45:00,15,0,1,"[21:45:00,22:05:00)",5,0,2016-10-21,21,45,False
2016-10-21 22:05:00,16,0,1,"[22:05:00,22:25:00)",5,0,2016-10-21,22,5,False
2016-10-21 22:25:00,12,0,1,"[22:25:00,22:45:00)",5,0,2016-10-21,22,25,False
2016-10-21 22:45:00,16,0,1,"[22:45:00,23:05:00)",5,0,2016-10-21,22,45,False
2016-10-21 23:05:00,17,0,1,"[23:05:00,23:25:00)",5,0,2016-10-21,23,5,False
2016-10-21 23:25:00,4,0,1,"[23:25:00,23:45:00)",5,0,2016-10-21,23,25,False
2016-10-21 23:45:00,10,0,1,"[23:45:00,00:00:00)",5,0,2016-10-21,23,45,False
2016-10-22 00:05:00,10,0,1,"[00:05:00,00:25:00)",6,1,2016-10-22,0,5,False
2016-10-22 00:25:00,8,0,1,"[00:25:00,00:45:00)",6,1,2016-10-22,0,25,False
2016-10-22 00:45:00,10,0,1,"[00:45:00,01:05:00)",6,1,2016-10-22,0,45,False
2016-10-22 01:05:00,8,0,1,"[01:05:00,01:25:00)",6,1,2016-10-22,1,5,False
2016-10-22 01:25:00,9,0,1,"[01:25:00,01:45:00)",6,1,2016-10-22,1,25,False
2016-10-22 01:45:00,6,0,1,"[01:45:00,02:05:00)",6,1,2016-10-22,1,45,False
2016-10-22 02:05:00,6,0,1,"[02:05:00,02:25:00)",6,1,2016-10-22,2,5,False
2016-10-22 02:25:00,5,0,1,"[02:25:00,02:45:00)",6,1,2016-10-22,2,25,False
2016-10-22 02:45:00,4,0,1,"[02:45:00,03:05:00)",6,1,2016-10-22,2,45,False
2016-10-22 03:05:00,4,0,1,"[03:05:00,03:25:00)",6,1,2016-10-22,3,5,False
2016-10-22 03:25:00,4,0,1,"[03:25:00,03:45:00)",6,1,2016-10-22,3,25,False
2016-10-22 03:45:00,5,0,1,"[03:45:00,04:05:00)",6,1,2016-10-22,3,45,False
2016-10-22 04:05:00,11,0,1,"[04:05:00,04:25:00)",6,1,2016-10-22,4,5,False
2016-10-22 04:25:00,10,0,1,"[04:25:00,04:45:00)",6,1,2016-10-22,4,25,False
2016-10-22 04:45:00,7,0,1,"[04:45:00,05:05:00)",6,1,2016-10-22,4,45,False
2016-10-22 05:05:00,5,0,1,"[05:05:00,05:25:00)",6,1,2016-10-22,5,5,False
2016-10-22 05:25:00,4,0,1,"[05:25:00,05:45:00)",6,1,2016-10-22,5,25,False
2016-10-22 05:45:00,6,0,1,"[05:45:00,06:05:00)",6,1,2016-10-22,5,45,False
2016-10-22 06:05:00,8,0,1,"[06:05:00,06:25:00)",6,1,2016-10-22,6,5,False
2016-10-22 06:25:00,11,0,1,"[06:25:00,06:45:00)",6,1,2016-10-22,6,25,False
2016-10-22 06:45:00,25,0,1,"[06:45:00,07:05:00)",6,1,2016-10-22,6,45,False
2016-10-22 07:05:00,8,0,1,"[07:05:00,07:25:00)",6,1,2016-10-22,7,5,False
2016-10-22 07:25:00,33,0,1,"[07:25:00,07:45:00)",6,1,2016-10-22,7,25,False
2016-10-22 07:45:00,39,0,1,"[07:45:00,08:05:00)",6,1,2016-10-22,7,45,False
2016-10-22 08:05:00,34,0,1,"[08:05:00,08:25:00)",6,1,2016-10-22,8,5,False
2016-10-22 08:25:00,48,0,1,"[08:25:00,08:45:00)",6,1,2016-10-22,8,25,False
2016-10-22 08:45:00,42,0,1,"[08:45:00,09:05:00)",6,1,2016-10-22,8,45,False
2016-10-22 09:05:00,60,0,1,"[09:05:00,09:25:00)",6,1,2016-10-22,9,5,False
2016-10-22 09:25:00,57,0,1,"[09:25:00,09:45:00)",6,1,2016-10-22,9,25,False
2016-10-22 09:45:00,40,0,1,"[09:45:00,10:05:00)",6,1,2016-10-22,9,45,False
2016-10-22 10:05:00,57,0,1,"[10:05:00,10:25:00)",6,1,2016-10-22,10,5,False
2016-10-22 10:25:00,51,0,1,"[10:25:00,10:45:00)",6,1,2016-10-22,10,25,False
2016-10-22 10:45:00,40,0,1,"[10:45:00,11:05:00)",6,1,2016-10-22,10,45,False
2016-10-22 11:05:00,42,0,1,"[11:05:00,11:25:00)",6,1,2016-10-22,11,5,False
2016-10-22 11:25:00,46,0,1,"[11:25:00,11:45:00)",6,1,2016-10-22,11,25,False
2016-10-22 11:45:00,42,0,1,"[11:45:00,12:05:00)",6,1,2016-10-22,11,45,False
2016-10-22 12:05:00,78,0,1,"[12:05:00,12:25:00)",6,1,2016-10-22,12,5,False
2016-10-22 12:25:00,77,0,1,"[12:25:00,12:45:00)",6,1,2016-10-22,12,25,False
2016-10-22 12:45:00,58,0,1,"[12:45:00,13:05:00)",6,1,2016-10-22,12,45,False
2016-10-22 13:05:00,47,0,1,"[13:05:00,13:25:00)",6,1,2016-10-22,13,5,False
2016-10-22 13:25:00,52,0,1,"[13:25:00,13:45:00)",6,1,2016-10-22,13,25,False
2016-10-22 13:45:00,53,0,1,"[13:45:00,14:05:00)",6,1,2016-10-22,13,45,False
2016-10-22 14:05:00,67,0,1,"[14:05:00,14:25:00)",6,1,2016-10-22,14,5,False
2016-10-22 14:25:00,55,0,1,"[14:25:00,14:45:00)",6,1,2016-10-22,14,25,False
2016-10-22 14:45:00,49,0,1,"[14:45:00,15:05:00)",6,1,2016-10-22,14,45,False
2016-10-22 15:05:00,33,0,1,"[15:05:00,15:25:00)",6,1,2016-10-22,15,5,False
2016-10-22 15:25:00,58,0,1,"[15:25:00,15:45:00)",6,1,2016-10-22,15,25,False
2016-10-22 15:45:00,43,0,1,"[15:45:00,16:05:00)",6,1,2016-10-22,15,45,False
2016-10-22 16:05:00,49,0,1,"[16:05:00,16:25:00)",6,1,2016-10-22,16,5,False
2016-10-22 16:25:00,58,0,1,"[16:25:00,16:45:00)",6,1,2016-10-22,16,25,False
2016-10-22 16:45:00,53,0,1,"[16:45:00,17:05:00)",6,1,2016-10-22,16,45,False
2016-10-22 17:05:00,55,0,1,"[17:05:00,17:25:00)",6,1,2016-10-22,17,5,False
2016-10-22 17:25:00,37,0,1,"[17:25:00,17:45:00)",6,1,2016-10-22,17,25,False
2016-10-22 17:45:00,27,0,1,"[17:45:00,18:05:00)",6,1,2016-10-22,17,45,False
2016-10-22 18:05:00,31,0,1,"[18:05:00,18:25:00)",6,1,2016-10-22,18,5,False
2016-10-22 18:25:00,20,0,1,"[18:25:00,18:45:00)",6,1,2016-10-22,18,25,False
2016-10-22 18:45:00,12,0,1,"[18:45:00,19:05:00)",6,1,2016-10-22,18,45,False
2016-10-22 19:05:00,22,0,1,"[19:05:00,19:25:00)",6,1,2016-10-22,19,5,False
2016-10-22 19:25:00,27,0,1,"[19:25:00,19:45:00)",6,1,2016-10-22,19,25,False
2016-10-22 19:45:00,24,0,1,"[19:45:00,20:05:00)",6,1,2016-10-22,19,45,False
2016-10-22 20:05:00,20,0,1,"[20:05:00,20:25:00)",6,1,2016-10-22,20,5,False
2016-10-22 20:25:00,14,0,1,"[20:25:00,20:45:00)",6,1,2016-10-22,20,25,False
2016-10-22 20:45:00,14,0,1,"[20:45:00,21:05:00)",6,1,2016-10-22,20,45,False
2016-10-22 21:05:00,15,0,1,"[21:05:00,21:25:00)",6,1,2016-10-22,21,5,False
2016-10-22 21:25:00,18,0,1,"[21:25:00,21:45:00)",6,1,2016-10-22,21,25,False
2016-10-22 21:45:00,15,0,1,"[21:45:00,22:05:00)",6,1,2016-10-22,21,45,False
2016-10-22 22:05:00,8,0,1,"[22:05:00,22:25:00)",6,1,2016-10-22,22,5,False
2016-10-22 22:25:00,11,0,1,"[22:25:00,22:45:00)",6,1,2016-10-22,22,25,False
2016-10-22 22:45:00,8,0,1,"[22:45:00,23:05:00)",6,1,2016-10-22,22,45,False
2016-10-22 23:05:00,6,0,1,"[23:05:00,23:25:00)",6,1,2016-10-22,23,5,False
2016-10-22 23:25:00,10,0,1,"[23:25:00,23:45:00)",6,1,2016-10-22,23,25,False
2016-10-22 23:45:00,8,0,1,"[23:45:00,00:00:00)",6,1,2016-10-22,23,45,False
2016-10-23 00:05:00,10,0,1,"[00:05:00,00:25:00)",7,1,2016-10-23,0,5,False
2016-10-23 00:25:00,10,0,1,"[00:25:00,00:45:00)",7,1,2016-10-23,0,25,False
2016-10-23 00:45:00,8,0,1,"[00:45:00,01:05:00)",7,1,2016-10-23,0,45,False
2016-10-23 01:05:00,7,0,1,"[01:05:00,01:25:00)",7,1,2016-10-23,1,5,False
2016-10-23 01:25:00,6,0,1,"[01:25:00,01:45:00)",7,1,2016-10-23,1,25,False
2016-10-23 01:45:00,8,0,1,"[01:45:00,02:05:00)",7,1,2016-10-23,1,45,False
2016-10-23 02:05:00,7,0,1,"[02:05:00,02:25:00)",7,1,2016-10-23,2,5,False
2016-10-23 02:25:00,4,0,1,"[02:25:00,02:45:00)",7,1,2016-10-23,2,25,False
2016-10-23 02:45:00,3,0,1,"[02:45:00,03:05:00)",7,1,2016-10-23,2,45,False
2016-10-23 03:05:00,3,0,1,"[03:05:00,03:25:00)",7,1,2016-10-23,3,5,False
2016-10-23 03:25:00,6,0,1,"[03:25:00,03:45:00)",7,1,2016-10-23,3,25,False
2016-10-23 03:45:00,6,0,1,"[03:45:00,04:05:00)",7,1,2016-10-23,3,45,False
2016-10-23 04:05:00,10,0,1,"[04:05:00,04:25:00)",7,1,2016-10-23,4,5,False
2016-10-23 04:25:00,6,0,1,"[04:25:00,04:45:00)",7,1,2016-10-23,4,25,False
2016-10-23 04:45:00,12,0,1,"[04:45:00,05:05:00)",7,1,2016-10-23,4,45,False
2016-10-23 05:05:00,3,0,1,"[05:05:00,05:25:00)",7,1,2016-10-23,5,5,False
2016-10-23 05:25:00,2,0,1,"[05:25:00,05:45:00)",7,1,2016-10-23,5,25,False
2016-10-23 05:45:00,5,0,1,"[05:45:00,06:05:00)",7,1,2016-10-23,5,45,False
2016-10-23 06:05:00,14,0,1,"[06:05:00,06:25:00)",7,1,2016-10-23,6,5,False
2016-10-23 06:25:00,9,0,1,"[06:25:00,06:45:00)",7,1,2016-10-23,6,25,False
2016-10-23 06:45:00,10,0,1,"[06:45:00,07:05:00)",7,1,2016-10-23,6,45,False
2016-10-23 07:05:00,18,0,1,"[07:05:00,07:25:00)",7,1,2016-10-23,7,5,False
2016-10-23 07:25:00,28,0,1,"[07:25:00,07:45:00)",7,1,2016-10-23,7,25,False
2016-10-23 07:45:00,32,0,1,"[07:45:00,08:05:00)",7,1,2016-10-23,7,45,False
2016-10-23 08:05:00,28,0,1,"[08:05:00,08:25:00)",7,1,2016-10-23,8,5,False
2016-10-23 08:25:00,29,0,1,"[08:25:00,08:45:00)",7,1,2016-10-23,8,25,False
2016-10-23 08:45:00,35,0,1,"[08:45:00,09:05:00)",7,1,2016-10-23,8,45,False
2016-10-23 09:05:00,46,0,1,"[09:05:00,09:25:00)",7,1,2016-10-23,9,5,False
2016-10-23 09:25:00,41,0,1,"[09:25:00,09:45:00)",7,1,2016-10-23,9,25,False
2016-10-23 09:45:00,36,0,1,"[09:45:00,10:05:00)",7,1,2016-10-23,9,45,False
2016-10-23 10:05:00,39,0,1,"[10:05:00,10:25:00)",7,1,2016-10-23,10,5,False
2016-10-23 10:25:00,46,0,1,"[10:25:00,10:45:00)",7,1,2016-10-23,10,25,False
2016-10-23 10:45:00,48,0,1,"[10:45:00,11:05:00)",7,1,2016-10-23,10,45,False
2016-10-23 11:05:00,31,0,1,"[11:05:00,11:25:00)",7,1,2016-10-23,11,5,False
2016-10-23 11:25:00,38,0,1,"[11:25:00,11:45:00)",7,1,2016-10-23,11,25,False
2016-10-23 11:45:00,26,0,1,"[11:45:00,12:05:00)",7,1,2016-10-23,11,45,False
2016-10-23 12:05:00,29,0,1,"[12:05:00,12:25:00)",7,1,2016-10-23,12,5,False
2016-10-23 12:25:00,48,0,1,"[12:25:00,12:45:00)",7,1,2016-10-23,12,25,False
2016-10-23 12:45:00,45,0,1,"[12:45:00,13:05:00)",7,1,2016-10-23,12,45,False
2016-10-23 13:05:00,50,0,1,"[13:05:00,13:25:00)",7,1,2016-10-23,13,5,False
2016-10-23 13:25:00,63,0,1,"[13:25:00,13:45:00)",7,1,2016-10-23,13,25,False
2016-10-23 13:45:00,60,0,1,"[13:45:00,14:05:00)",7,1,2016-10-23,13,45,False
2016-10-23 14:05:00,55,0,1,"[14:05:00,14:25:00)",7,1,2016-10-23,14,5,False
2016-10-23 14:25:00,60,0,1,"[14:25:00,14:45:00)",7,1,2016-10-23,14,25,False
2016-10-23 14:45:00,71,0,1,"[14:45:00,15:05:00)",7,1,2016-10-23,14,45,False
2016-10-23 15:05:00,61,0,1,"[15:05:00,15:25:00)",7,1,2016-10-23,15,5,False
2016-10-23 15:25:00,67,0,1,"[15:25:00,15:45:00)",7,1,2016-10-23,15,25,False
2016-10-23 15:45:00,58,0,1,"[15:45:00,16:05:00)",7,1,2016-10-23,15,45,False
2016-10-23 16:05:00,56,0,1,"[16:05:00,16:25:00)",7,1,2016-10-23,16,5,False
2016-10-23 16:25:00,60,0,1,"[16:25:00,16:45:00)",7,1,2016-10-23,16,25,False
2016-10-23 16:45:00,62,0,1,"[16:45:00,17:05:00)",7,1,2016-10-23,16,45,False
2016-10-23 17:05:00,40,0,1,"[17:05:00,17:25:00)",7,1,2016-10-23,17,5,False
2016-10-23 17:25:00,43,0,1,"[17:25:00,17:45:00)",7,1,2016-10-23,17,25,False
2016-10-23 17:45:00,41,0,1,"[17:45:00,18:05:00)",7,1,2016-10-23,17,45,False
2016-10-23 18:05:00,44,0,1,"[18:05:00,18:25:00)",7,1,2016-10-23,18,5,False
2016-10-23 18:25:00,26,0,1,"[18:25:00,18:45:00)",7,1,2016-10-23,18,25,False
2016-10-23 18:45:00,30,0,1,"[18:45:00,19:05:00)",7,1,2016-10-23,18,45,False
2016-10-23 19:05:00,33,0,1,"[19:05:00,19:25:00)",7,1,2016-10-23,19,5,False
2016-10-23 19:25:00,22,0,1,"[19:25:00,19:45:00)",7,1,2016-10-23,19,25,False
2016-10-23 19:45:00,24,0,1,"[19:45:00,20:05:00)",7,1,2016-10-23,19,45,False
2016-10-23 20:05:00,29,0,1,"[20:05:00,20:25:00)",7,1,2016-10-23,20,5,False
2016-10-23 20:25:00,23,0,1,"[20:25:00,20:45:00)",7,1,2016-10-23,20,25,False
2016-10-23 20:45:00,21,0,1,"[20:45:00,21:05:00)",7,1,2016-10-23,20,45,False
2016-10-23 21:05:00,12,0,1,"[21:05:00,21:25:00)",7,1,2016-10-23,21,5,False
2016-10-23 21:25:00,10,0,1,"[21:25:00,21:45:00)",7,1,2016-10-23,21,25,False
2016-10-23 21:45:00,13,0,1,"[21:45:00,22:05:00)",7,1,2016-10-23,21,45,False
2016-10-23 22:05:00,14,0,1,"[22:05:00,22:25:00)",7,1,2016-10-23,22,5,False
2016-10-23 22:25:00,8,0,1,"[22:25:00,22:45:00)",7,1,2016-10-23,22,25,False
2016-10-23 22:45:00,8,0,1,"[22:45:00,23:05:00)",7,1,2016-10-23,22,45,False
2016-10-23 23:05:00,8,0,1,"[23:05:00,23:25:00)",7,1,2016-10-23,23,5,False
2016-10-23 23:25:00,6,0,1,"[23:25:00,23:45:00)",7,1,2016-10-23,23,25,False
2016-10-23 23:45:00,11,0,1,"[23:45:00,00:00:00)",7,1,2016-10-23,23,45,False
2016-10-24 00:05:00,9,0,1,"[00:05:00,00:25:00)",1,0,2016-10-24,0,5,False
2016-10-24 00:25:00,9,0,1,"[00:25:00,00:45:00)",1,0,2016-10-24,0,25,False
2016-10-24 00:45:00,5,0,1,"[00:45:00,01:05:00)",1,0,2016-10-24,0,45,False
2016-10-24 01:05:00,2,0,1,"[01:05:00,01:25:00)",1,0,2016-10-24,1,5,False
2016-10-24 01:25:00,6,0,1,"[01:25:00,01:45:00)",1,0,2016-10-24,1,25,False
2016-10-24 01:45:00,8,0,1,"[01:45:00,02:05:00)",1,0,2016-10-24,1,45,False
2016-10-24 02:05:00,7,0,1,"[02:05:00,02:25:00)",1,0,2016-10-24,2,5,False
2016-10-24 02:25:00,4,0,1,"[02:25:00,02:45:00)",1,0,2016-10-24,2,25,False
2016-10-24 02:45:00,8,0,1,"[02:45:00,03:05:00)",1,0,2016-10-24,2,45,False
2016-10-24 03:05:00,4,0,1,"[03:05:00,03:25:00)",1,0,2016-10-24,3,5,False
2016-10-24 03:25:00,4,0,1,"[03:25:00,03:45:00)",1,0,2016-10-24,3,25,False
2016-10-24 03:45:00,10,0,1,"[03:45:00,04:05:00)",1,0,2016-10-24,3,45,False
2016-10-24 04:05:00,14,0,1,"[04:05:00,04:25:00)",1,0,2016-10-24,4,5,False
2016-10-24 04:25:00,16,0,1,"[04:25:00,04:45:00)",1,0,2016-10-24,4,25,False
2016-10-24 04:45:00,9,0,1,"[04:45:00,05:05:00)",1,0,2016-10-24,4,45,False
2016-10-24 05:05:00,5,0,1,"[05:05:00,05:25:00)",1,0,2016-10-24,5,5,False
2016-10-24 05:25:00,3,0,1,"[05:25:00,05:45:00)",1,0,2016-10-24,5,25,False
2016-10-24 05:45:00,9,0,1,"[05:45:00,06:05:00)",1,0,2016-10-24,5,45,False
2016-10-24 06:05:00,18,0,1,"[06:05:00,06:25:00)",1,0,2016-10-24,6,5,False
2016-10-24 06:25:00,21,0,1,"[06:25:00,06:45:00)",1,0,2016-10-24,6,25,False
2016-10-24 06:45:00,28,0,1,"[06:45:00,07:05:00)",1,0,2016-10-24,6,45,False
2016-10-24 07:05:00,35,0,1,"[07:05:00,07:25:00)",1,0,2016-10-24,7,5,False
2016-10-24 07:25:00,39,0,1,"[07:25:00,07:45:00)",1,0,2016-10-24,7,25,False
2016-10-24 07:45:00,51,0,1,"[07:45:00,08:05:00)",1,0,2016-10-24,7,45,False
2016-10-24 08:05:00,40,0,1,"[08:05:00,08:25:00)",1,0,2016-10-24,8,5,False
2016-10-24 08:25:00,45,0,1,"[08:25:00,08:45:00)",1,0,2016-10-24,8,25,False
2016-10-24 08:45:00,49,0,1,"[08:45:00,09:05:00)",1,0,2016-10-24,8,45,False
2016-10-24 09:05:00,54,0,1,"[09:05:00,09:25:00)",1,0,2016-10-24,9,5,False
2016-10-24 09:25:00,54,0,1,"[09:25:00,09:45:00)",1,0,2016-10-24,9,25,False
2016-10-24 09:45:00,55,0,1,"[09:45:00,10:05:00)",1,0,2016-10-24,9,45,False
2016-10-24 10:05:00,42,0,1,"[10:05:00,10:25:00)",1,0,2016-10-24,10,5,False
2016-10-24 10:25:00,31,0,1,"[10:25:00,10:45:00)",1,0,2016-10-24,10,25,False
2016-10-24 10:45:00,33,0,1,"[10:45:00,11:05:00)",1,0,2016-10-24,10,45,False
2016-10-24 11:05:00,38,0,1,"[11:05:00,11:25:00)",1,0,2016-10-24,11,5,False
2016-10-24 11:25:00,42,0,1,"[11:25:00,11:45:00)",1,0,2016-10-24,11,25,False
2016-10-24 11:45:00,41,0,1,"[11:45:00,12:05:00)",1,0,2016-10-24,11,45,False
2016-10-24 12:05:00,44,0,1,"[12:05:00,12:25:00)",1,0,2016-10-24,12,5,False
2016-10-24 12:25:00,35,0,1,"[12:25:00,12:45:00)",1,0,2016-10-24,12,25,False
2016-10-24 12:45:00,40,0,1,"[12:45:00,13:05:00)",1,0,2016-10-24,12,45,False
2016-10-24 13:05:00,39,0,1,"[13:05:00,13:25:00)",1,0,2016-10-24,13,5,False
2016-10-24 13:25:00,43,0,1,"[13:25:00,13:45:00)",1,0,2016-10-24,13,25,False
2016-10-24 13:45:00,43,0,1,"[13:45:00,14:05:00)",1,0,2016-10-24,13,45,False
2016-10-24 14:05:00,54,0,1,"[14:05:00,14:25:00)",1,0,2016-10-24,14,5,False
2016-10-24 14:25:00,41,0,1,"[14:25:00,14:45:00)",1,0,2016-10-24,14,25,False
2016-10-24 14:45:00,48,0,1,"[14:45:00,15:05:00)",1,0,2016-10-24,14,45,False
2016-10-24 15:05:00,46,0,1,"[15:05:00,15:25:00)",1,0,2016-10-24,15,5,False
2016-10-24 15:25:00,41,0,1,"[15:25:00,15:45:00)",1,0,2016-10-24,15,25,False
2016-10-24 15:45:00,31,0,1,"[15:45:00,16:05:00)",1,0,2016-10-24,15,45,False
2016-10-24 16:05:00,54,0,1,"[16:05:00,16:25:00)",1,0,2016-10-24,16,5,False
2016-10-24 16:25:00,51,0,1,"[16:25:00,16:45:00)",1,0,2016-10-24,16,25,False
2016-10-24 16:45:00,36,0,1,"[16:45:00,17:05:00)",1,0,2016-10-24,16,45,False
2016-10-24 17:05:00,37,0,1,"[17:05:00,17:25:00)",1,0,2016-10-24,17,5,False
2016-10-24 17:25:00,41,0,1,"[17:25:00,17:45:00)",1,0,2016-10-24,17,25,False
2016-10-24 17:45:00,18,0,1,"[17:45:00,18:05:00)",1,0,2016-10-24,17,45,False
2016-10-24 18:05:00,16,0,1,"[18:05:00,18:25:00)",1,0,2016-10-24,18,5,False
2016-10-24 18:25:00,19,0,1,"[18:25:00,18:45:00)",1,0,2016-10-24,18,25,False
2016-10-24 18:45:00,21,0,1,"[18:45:00,19:05:00)",1,0,2016-10-24,18,45,False
2016-10-24 19:05:00,19,0,1,"[19:05:00,19:25:00)",1,0,2016-10-24,19,5,False
2016-10-24 19:25:00,16,0,1,"[19:25:00,19:45:00)",1,0,2016-10-24,19,25,False
2016-10-24 19:45:00,14,0,1,"[19:45:00,20:05:00)",1,0,2016-10-24,19,45,False
2016-10-24 20:05:00,14,0,1,"[20:05:00,20:25:00)",1,0,2016-10-24,20,5,False
2016-10-24 20:25:00,22,0,1,"[20:25:00,20:45:00)",1,0,2016-10-24,20,25,False
2016-10-24 20:45:00,13,0,1,"[20:45:00,21:05:00)",1,0,2016-10-24,20,45,False
2016-10-24 21:05:00,23,0,1,"[21:05:00,21:25:00)",1,0,2016-10-24,21,5,False
2016-10-24 21:25:00,12,0,1,"[21:25:00,21:45:00)",1,0,2016-10-24,21,25,False
2016-10-24 21:45:00,16,0,1,"[21:45:00,22:05:00)",1,0,2016-10-24,21,45,False
2016-10-24 22:05:00,7,0,1,"[22:05:00,22:25:00)",1,0,2016-10-24,22,5,False
2016-10-24 22:25:00,9,0,1,"[22:25:00,22:45:00)",1,0,2016-10-24,22,25,False
2016-10-24 22:45:00,9,0,1,"[22:45:00,23:05:00)",1,0,2016-10-24,22,45,False
2016-10-24 23:05:00,10,0,1,"[23:05:00,23:25:00)",1,0,2016-10-24,23,5,False
2016-10-24 23:25:00,5,0,1,"[23:25:00,23:45:00)",1,0,2016-10-24,23,25,False
2016-09-19 00:05:00,0,0,2,"[00:05:00,00:25:00)",1,0,2016-09-19,0,5,False
2016-09-19 00:25:00,0,0,2,"[00:25:00,00:45:00)",1,0,2016-09-19,0,25,False
2016-09-19 00:45:00,0,0,2,"[00:45:00,01:05:00)",1,0,2016-09-19,0,45,False
2016-09-19 01:05:00,1,0,2,"[01:05:00,01:25:00)",1,0,2016-09-19,1,5,False
2016-09-19 01:25:00,0,0,2,"[01:25:00,01:45:00)",1,0,2016-09-19,1,25,False
2016-09-19 01:45:00,2,0,2,"[01:45:00,02:05:00)",1,0,2016-09-19,1,45,False
2016-09-19 02:05:00,0,0,2,"[02:05:00,02:25:00)",1,0,2016-09-19,2,5,False
2016-09-19 02:25:00,0,0,2,"[02:25:00,02:45:00)",1,0,2016-09-19,2,25,False
2016-09-19 02:45:00,0,0,2,"[02:45:00,03:05:00)",1,0,2016-09-19,2,45,False
2016-09-19 03:05:00,0,0,2,"[03:05:00,03:25:00)",1,0,2016-09-19,3,5,False
2016-09-19 03:25:00,0,0,2,"[03:25:00,03:45:00)",1,0,2016-09-19,3,25,False
2016-09-19 03:45:00,0,0,2,"[03:45:00,04:05:00)",1,0,2016-09-19,3,45,False
2016-09-19 04:05:00,0,0,2,"[04:05:00,04:25:00)",1,0,2016-09-19,4,5,False
2016-09-19 04:25:00,0,0,2,"[04:25:00,04:45:00)",1,0,2016-09-19,4,25,False
2016-09-19 04:45:00,4,0,2,"[04:45:00,05:05:00)",1,0,2016-09-19,4,45,False
2016-09-19 05:05:00,13,0,2,"[05:05:00,05:25:00)",1,0,2016-09-19,5,5,False
2016-09-19 05:25:00,12,0,2,"[05:25:00,05:45:00)",1,0,2016-09-19,5,25,False
2016-09-19 05:45:00,22,0,2,"[05:45:00,06:05:00)",1,0,2016-09-19,5,45,False
2016-09-19 06:05:00,31,0,2,"[06:05:00,06:25:00)",1,0,2016-09-19,6,5,False
2016-09-19 06:25:00,40,0,2,"[06:25:00,06:45:00)",1,0,2016-09-19,6,25,False
2016-09-19 06:45:00,44,0,2,"[06:45:00,07:05:00)",1,0,2016-09-19,6,45,False
2016-09-19 07:05:00,84,0,2,"[07:05:00,07:25:00)",1,0,2016-09-19,7,5,False
2016-09-19 07:25:00,86,0,2,"[07:25:00,07:45:00)",1,0,2016-09-19,7,25,False
2016-09-19 07:45:00,98,0,2,"[07:45:00,08:05:00)",1,0,2016-09-19,7,45,False
2016-09-19 08:05:00,137,0,2,"[08:05:00,08:25:00)",1,0,2016-09-19,8,5,False
2016-09-19 08:25:00,111,0,2,"[08:25:00,08:45:00)",1,0,2016-09-19,8,25,False
2016-09-19 08:45:00,95,0,2,"[08:45:00,09:05:00)",1,0,2016-09-19,8,45,False
2016-09-19 09:05:00,96,0,2,"[09:05:00,09:25:00)",1,0,2016-09-19,9,5,False
2016-09-19 09:25:00,67,0,2,"[09:25:00,09:45:00)",1,0,2016-09-19,9,25,False
2016-09-19 09:45:00,70,0,2,"[09:45:00,10:05:00)",1,0,2016-09-19,9,45,False
2016-09-19 10:05:00,71,0,2,"[10:05:00,10:25:00)",1,0,2016-09-19,10,5,False
2016-09-19 10:25:00,80,0,2,"[10:25:00,10:45:00)",1,0,2016-09-19,10,25,False
2016-09-19 10:45:00,58,0,2,"[10:45:00,11:05:00)",1,0,2016-09-19,10,45,False
2016-09-19 11:05:00,58,0,2,"[11:05:00,11:25:00)",1,0,2016-09-19,11,5,False
2016-09-19 11:25:00,56,0,2,"[11:25:00,11:45:00)",1,0,2016-09-19,11,25,False
2016-09-19 11:45:00,53,0,2,"[11:45:00,12:05:00)",1,0,2016-09-19,11,45,False
2016-09-19 12:05:00,84,0,2,"[12:05:00,12:25:00)",1,0,2016-09-19,12,5,False
2016-09-19 12:25:00,65,0,2,"[12:25:00,12:45:00)",1,0,2016-09-19,12,25,False
2016-09-19 12:45:00,62,0,2,"[12:45:00,13:05:00)",1,0,2016-09-19,12,45,False
2016-09-19 13:05:00,99,0,2,"[13:05:00,13:25:00)",1,0,2016-09-19,13,5,False
2016-09-19 13:25:00,82,0,2,"[13:25:00,13:45:00)",1,0,2016-09-19,13,25,False
2016-09-19 13:45:00,62,0,2,"[13:45:00,14:05:00)",1,0,2016-09-19,13,45,False
2016-09-19 14:05:00,74,0,2,"[14:05:00,14:25:00)",1,0,2016-09-19,14,5,False
2016-09-19 14:25:00,69,0,2,"[14:25:00,14:45:00)",1,0,2016-09-19,14,25,False
2016-09-19 14:45:00,79,0,2,"[14:45:00,15:05:00)",1,0,2016-09-19,14,45,False
2016-09-19 15:05:00,66,0,2,"[15:05:00,15:25:00)",1,0,2016-09-19,15,5,False
2016-09-19 15:25:00,71,0,2,"[15:25:00,15:45:00)",1,0,2016-09-19,15,25,False
2016-09-19 15:45:00,75,0,2,"[15:45:00,16:05:00)",1,0,2016-09-19,15,45,False
2016-09-19 16:05:00,75,0,2,"[16:05:00,16:25:00)",1,0,2016-09-19,16,5,False
2016-09-19 16:25:00,92,0,2,"[16:25:00,16:45:00)",1,0,2016-09-19,16,25,False
2016-09-19 16:45:00,101,0,2,"[16:45:00,17:05:00)",1,0,2016-09-19,16,45,False
2016-09-19 17:05:00,80,0,2,"[17:05:00,17:25:00)",1,0,2016-09-19,17,5,False
2016-09-19 17:25:00,65,0,2,"[17:25:00,17:45:00)",1,0,2016-09-19,17,25,False
2016-09-19 17:45:00,57,0,2,"[17:45:00,18:05:00)",1,0,2016-09-19,17,45,False
2016-09-19 18:05:00,53,0,2,"[18:05:00,18:25:00)",1,0,2016-09-19,18,5,False
2016-09-19 18:25:00,47,0,2,"[18:25:00,18:45:00)",1,0,2016-09-19,18,25,False
2016-09-19 18:45:00,52,0,2,"[18:45:00,19:05:00)",1,0,2016-09-19,18,45,False
2016-09-19 19:05:00,40,0,2,"[19:05:00,19:25:00)",1,0,2016-09-19,19,5,False
2016-09-19 19:25:00,53,0,2,"[19:25:00,19:45:00)",1,0,2016-09-19,19,25,False
2016-09-19 19:45:00,42,0,2,"[19:45:00,20:05:00)",1,0,2016-09-19,19,45,False
2016-09-19 20:05:00,46,0,2,"[20:05:00,20:25:00)",1,0,2016-09-19,20,5,False
2016-09-19 20:25:00,23,0,2,"[20:25:00,20:45:00)",1,0,2016-09-19,20,25,False
2016-09-19 20:45:00,32,0,2,"[20:45:00,21:05:00)",1,0,2016-09-19,20,45,False
2016-09-19 21:05:00,31,0,2,"[21:05:00,21:25:00)",1,0,2016-09-19,21,5,False
2016-09-19 21:25:00,21,0,2,"[21:25:00,21:45:00)",1,0,2016-09-19,21,25,False
2016-09-19 21:45:00,20,0,2,"[21:45:00,22:05:00)",1,0,2016-09-19,21,45,False
2016-09-19 22:05:00,22,0,2,"[22:05:00,22:25:00)",1,0,2016-09-19,22,5,False
2016-09-19 22:25:00,15,0,2,"[22:25:00,22:45:00)",1,0,2016-09-19,22,25,False
2016-09-19 22:45:00,23,0,2,"[22:45:00,23:05:00)",1,0,2016-09-19,22,45,False
2016-09-19 23:05:00,11,0,2,"[23:05:00,23:25:00)",1,0,2016-09-19,23,5,False
2016-09-19 23:25:00,8,0,2,"[23:25:00,23:45:00)",1,0,2016-09-19,23,25,False
2016-09-19 23:45:00,9,0,2,"[23:45:00,00:00:00)",1,0,2016-09-19,23,45,False
2016-09-20 00:05:00,0,0,2,"[00:05:00,00:25:00)",2,0,2016-09-20,0,5,False
2016-09-20 00:25:00,2,0,2,"[00:25:00,00:45:00)",2,0,2016-09-20,0,25,False
2016-09-20 00:45:00,2,0,2,"[00:45:00,01:05:00)",2,0,2016-09-20,0,45,False
2016-09-20 01:05:00,0,0,2,"[01:05:00,01:25:00)",2,0,2016-09-20,1,5,False
2016-09-20 01:25:00,1,0,2,"[01:25:00,01:45:00)",2,0,2016-09-20,1,25,False
2016-09-20 01:45:00,0,0,2,"[01:45:00,02:05:00)",2,0,2016-09-20,1,45,False
2016-09-20 02:05:00,0,0,2,"[02:05:00,02:25:00)",2,0,2016-09-20,2,5,False
2016-09-20 02:25:00,0,0,2,"[02:25:00,02:45:00)",2,0,2016-09-20,2,25,False
2016-09-20 02:45:00,0,0,2,"[02:45:00,03:05:00)",2,0,2016-09-20,2,45,False
2016-09-20 03:05:00,0,0,2,"[03:05:00,03:25:00)",2,0,2016-09-20,3,5,False
2016-09-20 03:25:00,0,0,2,"[03:25:00,03:45:00)",2,0,2016-09-20,3,25,False
2016-09-20 03:45:00,0,0,2,"[03:45:00,04:05:00)",2,0,2016-09-20,3,45,False
2016-09-20 04:05:00,0,0,2,"[04:05:00,04:25:00)",2,0,2016-09-20,4,5,False
2016-09-20 04:25:00,0,0,2,"[04:25:00,04:45:00)",2,0,2016-09-20,4,25,False
2016-09-20 04:45:00,0,0,2,"[04:45:00,05:05:00)",2,0,2016-09-20,4,45,False
2016-09-20 05:05:00,8,0,2,"[05:05:00,05:25:00)",2,0,2016-09-20,5,5,False
2016-09-20 05:25:00,19,0,2,"[05:25:00,05:45:00)",2,0,2016-09-20,5,25,False
2016-09-20 05:45:00,26,0,2,"[05:45:00,06:05:00)",2,0,2016-09-20,5,45,False
2016-09-20 06:05:00,28,0,2,"[06:05:00,06:25:00)",2,0,2016-09-20,6,5,False
2016-09-20 06:25:00,38,0,2,"[06:25:00,06:45:00)",2,0,2016-09-20,6,25,False
2016-09-20 06:45:00,64,0,2,"[06:45:00,07:05:00)",2,0,2016-09-20,6,45,False
2016-09-20 07:05:00,82,0,2,"[07:05:00,07:25:00)",2,0,2016-09-20,7,5,False
2016-09-20 07:25:00,85,0,2,"[07:25:00,07:45:00)",2,0,2016-09-20,7,25,False
2016-09-20 07:45:00,97,0,2,"[07:45:00,08:05:00)",2,0,2016-09-20,7,45,False
2016-09-20 08:05:00,105,0,2,"[08:05:00,08:25:00)",2,0,2016-09-20,8,5,False
2016-09-20 08:25:00,123,0,2,"[08:25:00,08:45:00)",2,0,2016-09-20,8,25,False
2016-09-20 08:45:00,101,0,2,"[08:45:00,09:05:00)",2,0,2016-09-20,8,45,False
2016-09-20 09:05:00,114,0,2,"[09:05:00,09:25:00)",2,0,2016-09-20,9,5,False
2016-09-20 09:25:00,93,0,2,"[09:25:00,09:45:00)",2,0,2016-09-20,9,25,False
2016-09-20 09:45:00,83,0,2,"[09:45:00,10:05:00)",2,0,2016-09-20,9,45,False
2016-09-20 10:05:00,86,0,2,"[10:05:00,10:25:00)",2,0,2016-09-20,10,5,False
2016-09-20 10:25:00,72,0,2,"[10:25:00,10:45:00)",2,0,2016-09-20,10,25,False
2016-09-20 10:45:00,73,0,2,"[10:45:00,11:05:00)",2,0,2016-09-20,10,45,False
2016-09-20 11:05:00,64,0,2,"[11:05:00,11:25:00)",2,0,2016-09-20,11,5,False
2016-09-20 11:25:00,46,0,2,"[11:25:00,11:45:00)",2,0,2016-09-20,11,25,False
2016-09-20 11:45:00,58,0,2,"[11:45:00,12:05:00)",2,0,2016-09-20,11,45,False
2016-09-20 12:05:00,82,0,2,"[12:05:00,12:25:00)",2,0,2016-09-20,12,5,False
2016-09-20 12:25:00,82,0,2,"[12:25:00,12:45:00)",2,0,2016-09-20,12,25,False
2016-09-20 12:45:00,81,0,2,"[12:45:00,13:05:00)",2,0,2016-09-20,12,45,False
2016-09-20 13:05:00,83,0,2,"[13:05:00,13:25:00)",2,0,2016-09-20,13,5,False
2016-09-20 13:25:00,89,0,2,"[13:25:00,13:45:00)",2,0,2016-09-20,13,25,False
2016-09-20 13:45:00,73,0,2,"[13:45:00,14:05:00)",2,0,2016-09-20,13,45,False
2016-09-20 14:05:00,73,0,2,"[14:05:00,14:25:00)",2,0,2016-09-20,14,5,False
2016-09-20 14:25:00,74,0,2,"[14:25:00,14:45:00)",2,0,2016-09-20,14,25,False
2016-09-20 14:45:00,70,0,2,"[14:45:00,15:05:00)",2,0,2016-09-20,14,45,False
2016-09-20 15:05:00,65,0,2,"[15:05:00,15:25:00)",2,0,2016-09-20,15,5,False
2016-09-20 15:25:00,58,0,2,"[15:25:00,15:45:00)",2,0,2016-09-20,15,25,False
2016-09-20 15:45:00,83,0,2,"[15:45:00,16:05:00)",2,0,2016-09-20,15,45,False
2016-09-20 16:05:00,81,0,2,"[16:05:00,16:25:00)",2,0,2016-09-20,16,5,False
2016-09-20 16:25:00,66,0,2,"[16:25:00,16:45:00)",2,0,2016-09-20,16,25,False
2016-09-20 16:45:00,69,0,2,"[16:45:00,17:05:00)",2,0,2016-09-20,16,45,False
2016-09-20 17:05:00,87,0,2,"[17:05:00,17:25:00)",2,0,2016-09-20,17,5,False
2016-09-20 17:25:00,88,0,2,"[17:25:00,17:45:00)",2,0,2016-09-20,17,25,False
2016-09-20 17:45:00,78,0,2,"[17:45:00,18:05:00)",2,0,2016-09-20,17,45,False
2016-09-20 18:05:00,80,0,2,"[18:05:00,18:25:00)",2,0,2016-09-20,18,5,False
2016-09-20 18:25:00,55,0,2,"[18:25:00,18:45:00)",2,0,2016-09-20,18,25,False
2016-09-20 18:45:00,52,0,2,"[18:45:00,19:05:00)",2,0,2016-09-20,18,45,False
2016-09-20 19:05:00,58,0,2,"[19:05:00,19:25:00)",2,0,2016-09-20,19,5,False
2016-09-20 19:25:00,25,0,2,"[19:25:00,19:45:00)",2,0,2016-09-20,19,25,False
2016-09-20 19:45:00,44,0,2,"[19:45:00,20:05:00)",2,0,2016-09-20,19,45,False
2016-09-20 20:05:00,33,0,2,"[20:05:00,20:25:00)",2,0,2016-09-20,20,5,False
2016-09-20 20:25:00,27,0,2,"[20:25:00,20:45:00)",2,0,2016-09-20,20,25,False
2016-09-20 20:45:00,32,0,2,"[20:45:00,21:05:00)",2,0,2016-09-20,20,45,False
2016-09-20 21:05:00,29,0,2,"[21:05:00,21:25:00)",2,0,2016-09-20,21,5,False
2016-09-20 21:25:00,14,0,2,"[21:25:00,21:45:00)",2,0,2016-09-20,21,25,False
2016-09-20 21:45:00,6,0,2,"[21:45:00,22:05:00)",2,0,2016-09-20,21,45,False
2016-09-20 22:05:00,7,0,2,"[22:05:00,22:25:00)",2,0,2016-09-20,22,5,False
2016-09-20 22:25:00,2,0,2,"[22:25:00,22:45:00)",2,0,2016-09-20,22,25,False
2016-09-20 22:45:00,0,0,2,"[22:45:00,23:05:00)",2,0,2016-09-20,22,45,False
2016-09-20 23:05:00,6,0,2,"[23:05:00,23:25:00)",2,0,2016-09-20,23,5,False
2016-09-20 23:25:00,8,0,2,"[23:25:00,23:45:00)",2,0,2016-09-20,23,25,False
2016-09-20 23:45:00,3,0,2,"[23:45:00,00:00:00)",2,0,2016-09-20,23,45,False
2016-09-21 00:05:00,2,0,2,"[00:05:00,00:25:00)",3,0,2016-09-21,0,5,False
2016-09-21 00:25:00,3,0,2,"[00:25:00,00:45:00)",3,0,2016-09-21,0,25,False
2016-09-21 00:45:00,1,0,2,"[00:45:00,01:05:00)",3,0,2016-09-21,0,45,False
2016-09-21 01:05:00,1,0,2,"[01:05:00,01:25:00)",3,0,2016-09-21,1,5,False
2016-09-21 01:25:00,0,0,2,"[01:25:00,01:45:00)",3,0,2016-09-21,1,25,False
2016-09-21 01:45:00,1,0,2,"[01:45:00,02:05:00)",3,0,2016-09-21,1,45,False
2016-09-21 02:05:00,0,0,2,"[02:05:00,02:25:00)",3,0,2016-09-21,2,5,False
2016-09-21 02:25:00,0,0,2,"[02:25:00,02:45:00)",3,0,2016-09-21,2,25,False
2016-09-21 02:45:00,0,0,2,"[02:45:00,03:05:00)",3,0,2016-09-21,2,45,False
2016-09-21 03:05:00,0,0,2,"[03:05:00,03:25:00)",3,0,2016-09-21,3,5,False
2016-09-21 03:25:00,0,0,2,"[03:25:00,03:45:00)",3,0,2016-09-21,3,25,False
2016-09-21 03:45:00,0,0,2,"[03:45:00,04:05:00)",3,0,2016-09-21,3,45,False
2016-09-21 04:05:00,0,0,2,"[04:05:00,04:25:00)",3,0,2016-09-21,4,5,False
2016-09-21 04:25:00,0,0,2,"[04:25:00,04:45:00)",3,0,2016-09-21,4,25,False
2016-09-21 04:45:00,0,0,2,"[04:45:00,05:05:00)",3,0,2016-09-21,4,45,False
2016-09-21 05:05:00,1,0,2,"[05:05:00,05:25:00)",3,0,2016-09-21,5,5,False
2016-09-21 05:25:00,7,0,2,"[05:25:00,05:45:00)",3,0,2016-09-21,5,25,False
2016-09-21 05:45:00,4,0,2,"[05:45:00,06:05:00)",3,0,2016-09-21,5,45,False
2016-09-21 06:05:00,8,0,2,"[06:05:00,06:25:00)",3,0,2016-09-21,6,5,False
2016-09-21 06:25:00,9,0,2,"[06:25:00,06:45:00)",3,0,2016-09-21,6,25,False
2016-09-21 06:45:00,16,0,2,"[06:45:00,07:05:00)",3,0,2016-09-21,6,45,False
2016-09-21 07:05:00,45,0,2,"[07:05:00,07:25:00)",3,0,2016-09-21,7,5,False
2016-09-21 07:25:00,46,0,2,"[07:25:00,07:45:00)",3,0,2016-09-21,7,25,False
2016-09-21 07:45:00,37,0,2,"[07:45:00,08:05:00)",3,0,2016-09-21,7,45,False
2016-09-21 08:05:00,37,0,2,"[08:05:00,08:25:00)",3,0,2016-09-21,8,5,False
2016-09-21 08:25:00,27,0,2,"[08:25:00,08:45:00)",3,0,2016-09-21,8,25,False
2016-09-21 08:45:00,83,0,2,"[08:45:00,09:05:00)",3,0,2016-09-21,8,45,False
2016-09-21 09:05:00,110,0,2,"[09:05:00,09:25:00)",3,0,2016-09-21,9,5,False
2016-09-21 09:25:00,88,0,2,"[09:25:00,09:45:00)",3,0,2016-09-21,9,25,False
2016-09-21 09:45:00,80,0,2,"[09:45:00,10:05:00)",3,0,2016-09-21,9,45,False
2016-09-21 10:05:00,75,0,2,"[10:05:00,10:25:00)",3,0,2016-09-21,10,5,False
2016-09-21 10:25:00,71,0,2,"[10:25:00,10:45:00)",3,0,2016-09-21,10,25,False
2016-09-21 10:45:00,57,0,2,"[10:45:00,11:05:00)",3,0,2016-09-21,10,45,False
2016-09-21 11:05:00,52,0,2,"[11:05:00,11:25:00)",3,0,2016-09-21,11,5,False
2016-09-21 11:25:00,61,0,2,"[11:25:00,11:45:00)",3,0,2016-09-21,11,25,False
2016-09-21 11:45:00,53,0,2,"[11:45:00,12:05:00)",3,0,2016-09-21,11,45,False
2016-09-21 12:05:00,56,0,2,"[12:05:00,12:25:00)",3,0,2016-09-21,12,5,False
2016-09-21 12:25:00,45,0,2,"[12:25:00,12:45:00)",3,0,2016-09-21,12,25,False
2016-09-21 12:45:00,58,0,2,"[12:45:00,13:05:00)",3,0,2016-09-21,12,45,False
2016-09-21 13:05:00,78,0,2,"[13:05:00,13:25:00)",3,0,2016-09-21,13,5,False
2016-09-21 13:25:00,73,0,2,"[13:25:00,13:45:00)",3,0,2016-09-21,13,25,False
2016-09-21 13:45:00,67,0,2,"[13:45:00,14:05:00)",3,0,2016-09-21,13,45,False
2016-09-21 14:05:00,79,0,2,"[14:05:00,14:25:00)",3,0,2016-09-21,14,5,False
2016-09-21 14:25:00,76,0,2,"[14:25:00,14:45:00)",3,0,2016-09-21,14,25,False
2016-09-21 14:45:00,61,0,2,"[14:45:00,15:05:00)",3,0,2016-09-21,14,45,False
2016-09-21 15:05:00,64,0,2,"[15:05:00,15:25:00)",3,0,2016-09-21,15,5,False
2016-09-21 15:25:00,84,0,2,"[15:25:00,15:45:00)",3,0,2016-09-21,15,25,False
2016-09-21 15:45:00,70,0,2,"[15:45:00,16:05:00)",3,0,2016-09-21,15,45,False
2016-09-21 16:05:00,76,0,2,"[16:05:00,16:25:00)",3,0,2016-09-21,16,5,False
2016-09-21 16:25:00,81,0,2,"[16:25:00,16:45:00)",3,0,2016-09-21,16,25,False
2016-09-21 16:45:00,96,0,2,"[16:45:00,17:05:00)",3,0,2016-09-21,16,45,False
2016-09-21 17:05:00,86,0,2,"[17:05:00,17:25:00)",3,0,2016-09-21,17,5,False
2016-09-21 17:25:00,76,0,2,"[17:25:00,17:45:00)",3,0,2016-09-21,17,25,False
2016-09-21 17:45:00,77,0,2,"[17:45:00,18:05:00)",3,0,2016-09-21,17,45,False
2016-09-21 18:05:00,65,0,2,"[18:05:00,18:25:00)",3,0,2016-09-21,18,5,False
2016-09-21 18:25:00,74,0,2,"[18:25:00,18:45:00)",3,0,2016-09-21,18,25,False
2016-09-21 18:45:00,49,0,2,"[18:45:00,19:05:00)",3,0,2016-09-21,18,45,False
2016-09-21 19:05:00,36,0,2,"[19:05:00,19:25:00)",3,0,2016-09-21,19,5,False
2016-09-21 19:25:00,41,0,2,"[19:25:00,19:45:00)",3,0,2016-09-21,19,25,False
2016-09-21 19:45:00,34,0,2,"[19:45:00,20:05:00)",3,0,2016-09-21,19,45,False
2016-09-21 20:05:00,34,0,2,"[20:05:00,20:25:00)",3,0,2016-09-21,20,5,False
2016-09-21 20:25:00,19,0,2,"[20:25:00,20:45:00)",3,0,2016-09-21,20,25,False
2016-09-21 20:45:00,22,0,2,"[20:45:00,21:05:00)",3,0,2016-09-21,20,45,False
2016-09-21 21:05:00,30,0,2,"[21:05:00,21:25:00)",3,0,2016-09-21,21,5,False
2016-09-21 21:25:00,29,0,2,"[21:25:00,21:45:00)",3,0,2016-09-21,21,25,False
2016-09-21 21:45:00,31,0,2,"[21:45:00,22:05:00)",3,0,2016-09-21,21,45,False
2016-09-21 22:05:00,15,0,2,"[22:05:00,22:25:00)",3,0,2016-09-21,22,5,False
2016-09-21 22:25:00,24,0,2,"[22:25:00,22:45:00)",3,0,2016-09-21,22,25,False
2016-09-21 22:45:00,16,0,2,"[22:45:00,23:05:00)",3,0,2016-09-21,22,45,False
2016-09-21 23:05:00,4,0,2,"[23:05:00,23:25:00)",3,0,2016-09-21,23,5,False
2016-09-21 23:25:00,1,0,2,"[23:25:00,23:45:00)",3,0,2016-09-21,23,25,False
2016-09-21 23:45:00,1,0,2,"[23:45:00,00:00:00)",3,0,2016-09-21,23,45,False
2016-09-22 00:05:00,1,0,2,"[00:05:00,00:25:00)",4,0,2016-09-22,0,5,False
2016-09-22 00:25:00,1,0,2,"[00:25:00,00:45:00)",4,0,2016-09-22,0,25,False
2016-09-22 00:45:00,0,0,2,"[00:45:00,01:05:00)",4,0,2016-09-22,0,45,False
2016-09-22 01:05:00,0,0,2,"[01:05:00,01:25:00)",4,0,2016-09-22,1,5,False
2016-09-22 01:25:00,0,0,2,"[01:25:00,01:45:00)",4,0,2016-09-22,1,25,False
2016-09-22 01:45:00,0,0,2,"[01:45:00,02:05:00)",4,0,2016-09-22,1,45,False
2016-09-22 02:05:00,0,0,2,"[02:05:00,02:25:00)",4,0,2016-09-22,2,5,False
2016-09-22 02:25:00,0,0,2,"[02:25:00,02:45:00)",4,0,2016-09-22,2,25,False
2016-09-22 02:45:00,0,0,2,"[02:45:00,03:05:00)",4,0,2016-09-22,2,45,False
2016-09-22 03:05:00,0,0,2,"[03:05:00,03:25:00)",4,0,2016-09-22,3,5,False
2016-09-22 03:25:00,0,0,2,"[03:25:00,03:45:00)",4,0,2016-09-22,3,25,False
2016-09-22 03:45:00,0,0,2,"[03:45:00,04:05:00)",4,0,2016-09-22,3,45,False
2016-09-22 04:05:00,0,0,2,"[04:05:00,04:25:00)",4,0,2016-09-22,4,5,False
2016-09-22 04:25:00,0,0,2,"[04:25:00,04:45:00)",4,0,2016-09-22,4,25,False
2016-09-22 04:45:00,3,0,2,"[04:45:00,05:05:00)",4,0,2016-09-22,4,45,False
2016-09-22 05:05:00,21,0,2,"[05:05:00,05:25:00)",4,0,2016-09-22,5,5,False
2016-09-22 05:25:00,18,0,2,"[05:25:00,05:45:00)",4,0,2016-09-22,5,25,False
2016-09-22 05:45:00,26,0,2,"[05:45:00,06:05:00)",4,0,2016-09-22,5,45,False
2016-09-22 06:05:00,28,0,2,"[06:05:00,06:25:00)",4,0,2016-09-22,6,5,False
2016-09-22 06:25:00,31,0,2,"[06:25:00,06:45:00)",4,0,2016-09-22,6,25,False
2016-09-22 06:45:00,42,0,2,"[06:45:00,07:05:00)",4,0,2016-09-22,6,45,False
2016-09-22 07:05:00,75,0,2,"[07:05:00,07:25:00)",4,0,2016-09-22,7,5,False
2016-09-22 07:25:00,92,0,2,"[07:25:00,07:45:00)",4,0,2016-09-22,7,25,False
2016-09-22 07:45:00,95,0,2,"[07:45:00,08:05:00)",4,0,2016-09-22,7,45,False
2016-09-22 08:05:00,114,0,2,"[08:05:00,08:25:00)",4,0,2016-09-22,8,5,False
2016-09-22 08:25:00,105,0,2,"[08:25:00,08:45:00)",4,0,2016-09-22,8,25,False
2016-09-22 08:45:00,99,0,2,"[08:45:00,09:05:00)",4,0,2016-09-22,8,45,False
2016-09-22 09:05:00,91,0,2,"[09:05:00,09:25:00)",4,0,2016-09-22,9,5,False
2016-09-22 09:25:00,83,0,2,"[09:25:00,09:45:00)",4,0,2016-09-22,9,25,False
2016-09-22 09:45:00,65,0,2,"[09:45:00,10:05:00)",4,0,2016-09-22,9,45,False
2016-09-22 10:05:00,77,0,2,"[10:05:00,10:25:00)",4,0,2016-09-22,10,5,False
2016-09-22 10:25:00,49,0,2,"[10:25:00,10:45:00)",4,0,2016-09-22,10,25,False
2016-09-22 10:45:00,43,0,2,"[10:45:00,11:05:00)",4,0,2016-09-22,10,45,False
2016-09-22 11:05:00,61,0,2,"[11:05:00,11:25:00)",4,0,2016-09-22,11,5,False
2016-09-22 11:25:00,43,0,2,"[11:25:00,11:45:00)",4,0,2016-09-22,11,25,False
2016-09-22 11:45:00,63,0,2,"[11:45:00,12:05:00)",4,0,2016-09-22,11,45,False
2016-09-22 12:05:00,54,0,2,"[12:05:00,12:25:00)",4,0,2016-09-22,12,5,False
2016-09-22 12:25:00,71,0,2,"[12:25:00,12:45:00)",4,0,2016-09-22,12,25,False
2016-09-22 12:45:00,49,0,2,"[12:45:00,13:05:00)",4,0,2016-09-22,12,45,False
2016-09-22 13:05:00,67,0,2,"[13:05:00,13:25:00)",4,0,2016-09-22,13,5,False
2016-09-22 13:25:00,82,0,2,"[13:25:00,13:45:00)",4,0,2016-09-22,13,25,False
2016-09-22 13:45:00,70,0,2,"[13:45:00,14:05:00)",4,0,2016-09-22,13,45,False
2016-09-22 14:05:00,56,0,2,"[14:05:00,14:25:00)",4,0,2016-09-22,14,5,False
2016-09-22 14:25:00,72,0,2,"[14:25:00,14:45:00)",4,0,2016-09-22,14,25,False
2016-09-22 14:45:00,80,0,2,"[14:45:00,15:05:00)",4,0,2016-09-22,14,45,False
2016-09-22 15:05:00,67,0,2,"[15:05:00,15:25:00)",4,0,2016-09-22,15,5,False
2016-09-22 15:25:00,78,0,2,"[15:25:00,15:45:00)",4,0,2016-09-22,15,25,False
2016-09-22 15:45:00,54,0,2,"[15:45:00,16:05:00)",4,0,2016-09-22,15,45,False
2016-09-22 16:05:00,66,0,2,"[16:05:00,16:25:00)",4,0,2016-09-22,16,5,False
2016-09-22 16:25:00,88,0,2,"[16:25:00,16:45:00)",4,0,2016-09-22,16,25,False
2016-09-22 16:45:00,93,0,2,"[16:45:00,17:05:00)",4,0,2016-09-22,16,45,False
2016-09-22 17:05:00,70,0,2,"[17:05:00,17:25:00)",4,0,2016-09-22,17,5,False
2016-09-22 17:25:00,82,0,2,"[17:25:00,17:45:00)",4,0,2016-09-22,17,25,False
2016-09-22 17:45:00,65,0,2,"[17:45:00,18:05:00)",4,0,2016-09-22,17,45,False
2016-09-22 18:05:00,76,0,2,"[18:05:00,18:25:00)",4,0,2016-09-22,18,5,False
2016-09-22 18:25:00,67,0,2,"[18:25:00,18:45:00)",4,0,2016-09-22,18,25,False
2016-09-22 18:45:00,48,0,2,"[18:45:00,19:05:00)",4,0,2016-09-22,18,45,False
2016-09-22 19:05:00,36,0,2,"[19:05:00,19:25:00)",4,0,2016-09-22,19,5,False
2016-09-22 19:25:00,35,0,2,"[19:25:00,19:45:00)",4,0,2016-09-22,19,25,False
2016-09-22 19:45:00,24,0,2,"[19:45:00,20:05:00)",4,0,2016-09-22,19,45,False
2016-09-22 20:05:00,32,0,2,"[20:05:00,20:25:00)",4,0,2016-09-22,20,5,False
2016-09-22 20:25:00,47,0,2,"[20:25:00,20:45:00)",4,0,2016-09-22,20,25,False
2016-09-22 20:45:00,22,0,2,"[20:45:00,21:05:00)",4,0,2016-09-22,20,45,False
2016-09-22 21:05:00,20,0,2,"[21:05:00,21:25:00)",4,0,2016-09-22,21,5,False
2016-09-22 21:25:00,28,0,2,"[21:25:00,21:45:00)",4,0,2016-09-22,21,25,False
2016-09-22 21:45:00,19,0,2,"[21:45:00,22:05:00)",4,0,2016-09-22,21,45,False
2016-09-22 22:05:00,14,0,2,"[22:05:00,22:25:00)",4,0,2016-09-22,22,5,False
2016-09-22 22:25:00,19,0,2,"[22:25:00,22:45:00)",4,0,2016-09-22,22,25,False
2016-09-22 22:45:00,16,0,2,"[22:45:00,23:05:00)",4,0,2016-09-22,22,45,False
2016-09-22 23:05:00,8,0,2,"[23:05:00,23:25:00)",4,0,2016-09-22,23,5,False
2016-09-22 23:25:00,11,0,2,"[23:25:00,23:45:00)",4,0,2016-09-22,23,25,False
2016-09-22 23:45:00,6,0,2,"[23:45:00,00:00:00)",4,0,2016-09-22,23,45,False
2016-09-23 00:05:00,1,0,2,"[00:05:00,00:25:00)",5,0,2016-09-23,0,5,False
2016-09-23 00:25:00,3,0,2,"[00:25:00,00:45:00)",5,0,2016-09-23,0,25,False
2016-09-23 00:45:00,1,0,2,"[00:45:00,01:05:00)",5,0,2016-09-23,0,45,False
2016-09-23 01:05:00,1,0,2,"[01:05:00,01:25:00)",5,0,2016-09-23,1,5,False
2016-09-23 01:25:00,0,0,2,"[01:25:00,01:45:00)",5,0,2016-09-23,1,25,False
2016-09-23 01:45:00,0,0,2,"[01:45:00,02:05:00)",5,0,2016-09-23,1,45,False
2016-09-23 02:05:00,0,0,2,"[02:05:00,02:25:00)",5,0,2016-09-23,2,5,False
2016-09-23 02:25:00,0,0,2,"[02:25:00,02:45:00)",5,0,2016-09-23,2,25,False
2016-09-23 02:45:00,0,0,2,"[02:45:00,03:05:00)",5,0,2016-09-23,2,45,False
2016-09-23 03:05:00,0,0,2,"[03:05:00,03:25:00)",5,0,2016-09-23,3,5,False
2016-09-23 03:25:00,0,0,2,"[03:25:00,03:45:00)",5,0,2016-09-23,3,25,False
2016-09-23 03:45:00,0,0,2,"[03:45:00,04:05:00)",5,0,2016-09-23,3,45,False
2016-09-23 04:05:00,0,0,2,"[04:05:00,04:25:00)",5,0,2016-09-23,4,5,False
2016-09-23 04:25:00,0,0,2,"[04:25:00,04:45:00)",5,0,2016-09-23,4,25,False
2016-09-23 04:45:00,1,0,2,"[04:45:00,05:05:00)",5,0,2016-09-23,4,45,False
2016-09-23 05:05:00,13,0,2,"[05:05:00,05:25:00)",5,0,2016-09-23,5,5,False
2016-09-23 05:25:00,16,0,2,"[05:25:00,05:45:00)",5,0,2016-09-23,5,25,False
2016-09-23 05:45:00,25,0,2,"[05:45:00,06:05:00)",5,0,2016-09-23,5,45,False
2016-09-23 06:05:00,36,0,2,"[06:05:00,06:25:00)",5,0,2016-09-23,6,5,False
2016-09-23 06:25:00,40,0,2,"[06:25:00,06:45:00)",5,0,2016-09-23,6,25,False
2016-09-23 06:45:00,54,0,2,"[06:45:00,07:05:00)",5,0,2016-09-23,6,45,False
2016-09-23 07:05:00,91,0,2,"[07:05:00,07:25:00)",5,0,2016-09-23,7,5,False
2016-09-23 07:25:00,98,0,2,"[07:25:00,07:45:00)",5,0,2016-09-23,7,25,False
2016-09-23 07:45:00,100,0,2,"[07:45:00,08:05:00)",5,0,2016-09-23,7,45,False
2016-09-23 08:05:00,108,0,2,"[08:05:00,08:25:00)",5,0,2016-09-23,8,5,False
2016-09-23 08:25:00,109,0,2,"[08:25:00,08:45:00)",5,0,2016-09-23,8,25,False
2016-09-23 08:45:00,109,0,2,"[08:45:00,09:05:00)",5,0,2016-09-23,8,45,False
2016-09-23 09:05:00,97,0,2,"[09:05:00,09:25:00)",5,0,2016-09-23,9,5,False
2016-09-23 09:25:00,90,0,2,"[09:25:00,09:45:00)",5,0,2016-09-23,9,25,False
2016-09-23 09:45:00,82,0,2,"[09:45:00,10:05:00)",5,0,2016-09-23,9,45,False
2016-09-23 10:05:00,65,0,2,"[10:05:00,10:25:00)",5,0,2016-09-23,10,5,False
2016-09-23 10:25:00,81,0,2,"[10:25:00,10:45:00)",5,0,2016-09-23,10,25,False
2016-09-23 10:45:00,70,0,2,"[10:45:00,11:05:00)",5,0,2016-09-23,10,45,False
2016-09-23 11:05:00,47,0,2,"[11:05:00,11:25:00)",5,0,2016-09-23,11,5,False
2016-09-23 11:25:00,61,0,2,"[11:25:00,11:45:00)",5,0,2016-09-23,11,25,False
2016-09-23 11:45:00,52,0,2,"[11:45:00,12:05:00)",5,0,2016-09-23,11,45,False
2016-09-23 12:05:00,86,0,2,"[12:05:00,12:25:00)",5,0,2016-09-23,12,5,False
2016-09-23 12:25:00,72,0,2,"[12:25:00,12:45:00)",5,0,2016-09-23,12,25,False
2016-09-23 12:45:00,84,0,2,"[12:45:00,13:05:00)",5,0,2016-09-23,12,45,False
2016-09-23 13:05:00,80,0,2,"[13:05:00,13:25:00)",5,0,2016-09-23,13,5,False
2016-09-23 13:25:00,64,0,2,"[13:25:00,13:45:00)",5,0,2016-09-23,13,25,False
2016-09-23 13:45:00,92,0,2,"[13:45:00,14:05:00)",5,0,2016-09-23,13,45,False
2016-09-23 14:05:00,62,0,2,"[14:05:00,14:25:00)",5,0,2016-09-23,14,5,False
2016-09-23 14:25:00,85,0,2,"[14:25:00,14:45:00)",5,0,2016-09-23,14,25,False
2016-09-23 14:45:00,93,0,2,"[14:45:00,15:05:00)",5,0,2016-09-23,14,45,False
2016-09-23 15:05:00,93,0,2,"[15:05:00,15:25:00)",5,0,2016-09-23,15,5,False
2016-09-23 15:25:00,88,0,2,"[15:25:00,15:45:00)",5,0,2016-09-23,15,25,False
2016-09-23 15:45:00,86,0,2,"[15:45:00,16:05:00)",5,0,2016-09-23,15,45,False
2016-09-23 16:05:00,82,0,2,"[16:05:00,16:25:00)",5,0,2016-09-23,16,5,False
2016-09-23 16:25:00,94,0,2,"[16:25:00,16:45:00)",5,0,2016-09-23,16,25,False
2016-09-23 16:45:00,112,0,2,"[16:45:00,17:05:00)",5,0,2016-09-23,16,45,False
2016-09-23 17:05:00,100,0,2,"[17:05:00,17:25:00)",5,0,2016-09-23,17,5,False
2016-09-23 17:25:00,88,0,2,"[17:25:00,17:45:00)",5,0,2016-09-23,17,25,False
2016-09-23 17:45:00,93,0,2,"[17:45:00,18:05:00)",5,0,2016-09-23,17,45,False
2016-09-23 18:05:00,81,0,2,"[18:05:00,18:25:00)",5,0,2016-09-23,18,5,False
2016-09-23 18:25:00,76,0,2,"[18:25:00,18:45:00)",5,0,2016-09-23,18,25,False
2016-09-23 18:45:00,74,0,2,"[18:45:00,19:05:00)",5,0,2016-09-23,18,45,False
2016-09-23 19:05:00,60,0,2,"[19:05:00,19:25:00)",5,0,2016-09-23,19,5,False
2016-09-23 19:25:00,50,0,2,"[19:25:00,19:45:00)",5,0,2016-09-23,19,25,False
2016-09-23 19:45:00,64,0,2,"[19:45:00,20:05:00)",5,0,2016-09-23,19,45,False
2016-09-23 20:05:00,39,0,2,"[20:05:00,20:25:00)",5,0,2016-09-23,20,5,False
2016-09-23 20:25:00,30,0,2,"[20:25:00,20:45:00)",5,0,2016-09-23,20,25,False
2016-09-23 20:45:00,36,0,2,"[20:45:00,21:05:00)",5,0,2016-09-23,20,45,False
2016-09-23 21:05:00,27,0,2,"[21:05:00,21:25:00)",5,0,2016-09-23,21,5,False
2016-09-23 21:25:00,23,0,2,"[21:25:00,21:45:00)",5,0,2016-09-23,21,25,False
2016-09-23 21:45:00,30,0,2,"[21:45:00,22:05:00)",5,0,2016-09-23,21,45,False
2016-09-23 22:05:00,16,0,2,"[22:05:00,22:25:00)",5,0,2016-09-23,22,5,False
2016-09-23 22:25:00,35,0,2,"[22:25:00,22:45:00)",5,0,2016-09-23,22,25,False
2016-09-23 22:45:00,23,0,2,"[22:45:00,23:05:00)",5,0,2016-09-23,22,45,False
2016-09-23 23:05:00,8,0,2,"[23:05:00,23:25:00)",5,0,2016-09-23,23,5,False
2016-09-23 23:25:00,11,0,2,"[23:25:00,23:45:00)",5,0,2016-09-23,23,25,False
2016-09-23 23:45:00,9,0,2,"[23:45:00,00:00:00)",5,0,2016-09-23,23,45,False
2016-09-24 00:05:00,1,0,2,"[00:05:00,00:25:00)",6,1,2016-09-24,0,5,False
2016-09-24 00:25:00,1,0,2,"[00:25:00,00:45:00)",6,1,2016-09-24,0,25,False
2016-09-24 00:45:00,3,0,2,"[00:45:00,01:05:00)",6,1,2016-09-24,0,45,False
2016-09-24 01:05:00,1,0,2,"[01:05:00,01:25:00)",6,1,2016-09-24,1,5,False
2016-09-24 01:25:00,0,0,2,"[01:25:00,01:45:00)",6,1,2016-09-24,1,25,False
2016-09-24 01:45:00,2,0,2,"[01:45:00,02:05:00)",6,1,2016-09-24,1,45,False
2016-09-24 02:05:00,0,0,2,"[02:05:00,02:25:00)",6,1,2016-09-24,2,5,False
2016-09-24 02:25:00,0,0,2,"[02:25:00,02:45:00)",6,1,2016-09-24,2,25,False
2016-09-24 02:45:00,0,0,2,"[02:45:00,03:05:00)",6,1,2016-09-24,2,45,False
2016-09-24 03:05:00,0,0,2,"[03:05:00,03:25:00)",6,1,2016-09-24,3,5,False
2016-09-24 03:25:00,0,0,2,"[03:25:00,03:45:00)",6,1,2016-09-24,3,25,False
2016-09-24 03:45:00,0,0,2,"[03:45:00,04:05:00)",6,1,2016-09-24,3,45,False
2016-09-24 04:05:00,0,0,2,"[04:05:00,04:25:00)",6,1,2016-09-24,4,5,False
2016-09-24 04:25:00,0,0,2,"[04:25:00,04:45:00)",6,1,2016-09-24,4,25,False
2016-09-24 04:45:00,5,0,2,"[04:45:00,05:05:00)",6,1,2016-09-24,4,45,False
2016-09-24 05:05:00,13,0,2,"[05:05:00,05:25:00)",6,1,2016-09-24,5,5,False
2016-09-24 05:25:00,17,0,2,"[05:25:00,05:45:00)",6,1,2016-09-24,5,25,False
2016-09-24 05:45:00,17,0,2,"[05:45:00,06:05:00)",6,1,2016-09-24,5,45,False
2016-09-24 06:05:00,32,0,2,"[06:05:00,06:25:00)",6,1,2016-09-24,6,5,False
2016-09-24 06:25:00,38,0,2,"[06:25:00,06:45:00)",6,1,2016-09-24,6,25,False
2016-09-24 06:45:00,41,0,2,"[06:45:00,07:05:00)",6,1,2016-09-24,6,45,False
2016-09-24 07:05:00,45,0,2,"[07:05:00,07:25:00)",6,1,2016-09-24,7,5,False
2016-09-24 07:25:00,69,0,2,"[07:25:00,07:45:00)",6,1,2016-09-24,7,25,False
2016-09-24 07:45:00,91,0,2,"[07:45:00,08:05:00)",6,1,2016-09-24,7,45,False
2016-09-24 08:05:00,80,0,2,"[08:05:00,08:25:00)",6,1,2016-09-24,8,5,False
2016-09-24 08:25:00,85,0,2,"[08:25:00,08:45:00)",6,1,2016-09-24,8,25,False
2016-09-24 08:45:00,90,0,2,"[08:45:00,09:05:00)",6,1,2016-09-24,8,45,False
2016-09-24 09:05:00,87,0,2,"[09:05:00,09:25:00)",6,1,2016-09-24,9,5,False
2016-09-24 09:25:00,98,0,2,"[09:25:00,09:45:00)",6,1,2016-09-24,9,25,False
2016-09-24 09:45:00,107,0,2,"[09:45:00,10:05:00)",6,1,2016-09-24,9,45,False
2016-09-24 10:05:00,101,0,2,"[10:05:00,10:25:00)",6,1,2016-09-24,10,5,False
2016-09-24 10:25:00,81,0,2,"[10:25:00,10:45:00)",6,1,2016-09-24,10,25,False
2016-09-24 10:45:00,82,0,2,"[10:45:00,11:05:00)",6,1,2016-09-24,10,45,False
2016-09-24 11:05:00,83,0,2,"[11:05:00,11:25:00)",6,1,2016-09-24,11,5,False
2016-09-24 11:25:00,57,0,2,"[11:25:00,11:45:00)",6,1,2016-09-24,11,25,False
2016-09-24 11:45:00,58,0,2,"[11:45:00,12:05:00)",6,1,2016-09-24,11,45,False
2016-09-24 12:05:00,71,0,2,"[12:05:00,12:25:00)",6,1,2016-09-24,12,5,False
2016-09-24 12:25:00,81,0,2,"[12:25:00,12:45:00)",6,1,2016-09-24,12,25,False
2016-09-24 12:45:00,69,0,2,"[12:45:00,13:05:00)",6,1,2016-09-24,12,45,False
2016-09-24 13:05:00,62,0,2,"[13:05:00,13:25:00)",6,1,2016-09-24,13,5,False
2016-09-24 13:25:00,87,0,2,"[13:25:00,13:45:00)",6,1,2016-09-24,13,25,False
2016-09-24 13:45:00,75,0,2,"[13:45:00,14:05:00)",6,1,2016-09-24,13,45,False
2016-09-24 14:05:00,85,0,2,"[14:05:00,14:25:00)",6,1,2016-09-24,14,5,False
2016-09-24 14:25:00,83,0,2,"[14:25:00,14:45:00)",6,1,2016-09-24,14,25,False
2016-09-24 14:45:00,99,0,2,"[14:45:00,15:05:00)",6,1,2016-09-24,14,45,False
2016-09-24 15:05:00,74,0,2,"[15:05:00,15:25:00)",6,1,2016-09-24,15,5,False
2016-09-24 15:25:00,97,0,2,"[15:25:00,15:45:00)",6,1,2016-09-24,15,25,False
2016-09-24 15:45:00,92,0,2,"[15:45:00,16:05:00)",6,1,2016-09-24,15,45,False
2016-09-24 16:05:00,80,0,2,"[16:05:00,16:25:00)",6,1,2016-09-24,16,5,False
2016-09-24 16:25:00,91,0,2,"[16:25:00,16:45:00)",6,1,2016-09-24,16,25,False
2016-09-24 16:45:00,82,0,2,"[16:45:00,17:05:00)",6,1,2016-09-24,16,45,False
2016-09-24 17:05:00,75,0,2,"[17:05:00,17:25:00)",6,1,2016-09-24,17,5,False
2016-09-24 17:25:00,89,0,2,"[17:25:00,17:45:00)",6,1,2016-09-24,17,25,False
2016-09-24 17:45:00,76,0,2,"[17:45:00,18:05:00)",6,1,2016-09-24,17,45,False
2016-09-24 18:05:00,20,0,2,"[18:05:00,18:25:00)",6,1,2016-09-24,18,5,False
2016-09-24 18:25:00,0,0,2,"[18:25:00,18:45:00)",6,1,2016-09-24,18,25,False
2016-09-24 18:45:00,1,0,2,"[18:45:00,19:05:00)",6,1,2016-09-24,18,45,False
2016-09-24 19:05:00,0,0,2,"[19:05:00,19:25:00)",6,1,2016-09-24,19,5,False
2016-09-24 19:25:00,13,0,2,"[19:25:00,19:45:00)",6,1,2016-09-24,19,25,False
2016-09-24 19:45:00,43,0,2,"[19:45:00,20:05:00)",6,1,2016-09-24,19,45,False
2016-09-24 20:05:00,33,0,2,"[20:05:00,20:25:00)",6,1,2016-09-24,20,5,False
2016-09-24 20:25:00,36,0,2,"[20:25:00,20:45:00)",6,1,2016-09-24,20,25,False
2016-09-24 20:45:00,33,0,2,"[20:45:00,21:05:00)",6,1,2016-09-24,20,45,False
2016-09-24 21:05:00,29,0,2,"[21:05:00,21:25:00)",6,1,2016-09-24,21,5,False
2016-09-24 21:25:00,25,0,2,"[21:25:00,21:45:00)",6,1,2016-09-24,21,25,False
2016-09-24 21:45:00,17,0,2,"[21:45:00,22:05:00)",6,1,2016-09-24,21,45,False
2016-09-24 22:05:00,18,0,2,"[22:05:00,22:25:00)",6,1,2016-09-24,22,5,False
2016-09-24 22:25:00,20,0,2,"[22:25:00,22:45:00)",6,1,2016-09-24,22,25,False
2016-09-24 22:45:00,13,0,2,"[22:45:00,23:05:00)",6,1,2016-09-24,22,45,False
2016-09-24 23:05:00,12,0,2,"[23:05:00,23:25:00)",6,1,2016-09-24,23,5,False
2016-09-24 23:25:00,13,0,2,"[23:25:00,23:45:00)",6,1,2016-09-24,23,25,False
2016-09-24 23:45:00,9,0,2,"[23:45:00,00:00:00)",6,1,2016-09-24,23,45,False
2016-09-25 00:05:00,1,0,2,"[00:05:00,00:25:00)",7,1,2016-09-25,0,5,False
2016-09-25 00:25:00,0,0,2,"[00:25:00,00:45:00)",7,1,2016-09-25,0,25,False
2016-09-25 00:45:00,1,0,2,"[00:45:00,01:05:00)",7,1,2016-09-25,0,45,False
2016-09-25 01:05:00,0,0,2,"[01:05:00,01:25:00)",7,1,2016-09-25,1,5,False
2016-09-25 01:25:00,3,0,2,"[01:25:00,01:45:00)",7,1,2016-09-25,1,25,False
2016-09-25 01:45:00,2,0,2,"[01:45:00,02:05:00)",7,1,2016-09-25,1,45,False
2016-09-25 02:05:00,0,0,2,"[02:05:00,02:25:00)",7,1,2016-09-25,2,5,False
2016-09-25 02:25:00,0,0,2,"[02:25:00,02:45:00)",7,1,2016-09-25,2,25,False
2016-09-25 02:45:00,0,0,2,"[02:45:00,03:05:00)",7,1,2016-09-25,2,45,False
2016-09-25 03:05:00,0,0,2,"[03:05:00,03:25:00)",7,1,2016-09-25,3,5,False
2016-09-25 03:25:00,0,0,2,"[03:25:00,03:45:00)",7,1,2016-09-25,3,25,False
2016-09-25 03:45:00,0,0,2,"[03:45:00,04:05:00)",7,1,2016-09-25,3,45,False
2016-09-25 04:05:00,0,0,2,"[04:05:00,04:25:00)",7,1,2016-09-25,4,5,False
2016-09-25 04:25:00,0,0,2,"[04:25:00,04:45:00)",7,1,2016-09-25,4,25,False
2016-09-25 04:45:00,1,0,2,"[04:45:00,05:05:00)",7,1,2016-09-25,4,45,False
2016-09-25 05:05:00,11,0,2,"[05:05:00,05:25:00)",7,1,2016-09-25,5,5,False
2016-09-25 05:25:00,15,0,2,"[05:25:00,05:45:00)",7,1,2016-09-25,5,25,False
2016-09-25 05:45:00,19,0,2,"[05:45:00,06:05:00)",7,1,2016-09-25,5,45,False
2016-09-25 06:05:00,21,0,2,"[06:05:00,06:25:00)",7,1,2016-09-25,6,5,False
2016-09-25 06:25:00,25,0,2,"[06:25:00,06:45:00)",7,1,2016-09-25,6,25,False
2016-09-25 06:45:00,28,0,2,"[06:45:00,07:05:00)",7,1,2016-09-25,6,45,False
2016-09-25 07:05:00,34,0,2,"[07:05:00,07:25:00)",7,1,2016-09-25,7,5,False
2016-09-25 07:25:00,49,0,2,"[07:25:00,07:45:00)",7,1,2016-09-25,7,25,False
2016-09-25 07:45:00,67,0,2,"[07:45:00,08:05:00)",7,1,2016-09-25,7,45,False
2016-09-25 08:05:00,65,0,2,"[08:05:00,08:25:00)",7,1,2016-09-25,8,5,False
2016-09-25 08:25:00,82,0,2,"[08:25:00,08:45:00)",7,1,2016-09-25,8,25,False
2016-09-25 08:45:00,85,0,2,"[08:45:00,09:05:00)",7,1,2016-09-25,8,45,False
2016-09-25 09:05:00,74,0,2,"[09:05:00,09:25:00)",7,1,2016-09-25,9,5,False
2016-09-25 09:25:00,99,0,2,"[09:25:00,09:45:00)",7,1,2016-09-25,9,25,False
2016-09-25 09:45:00,98,0,2,"[09:45:00,10:05:00)",7,1,2016-09-25,9,45,False
2016-09-25 10:05:00,104,0,2,"[10:05:00,10:25:00)",7,1,2016-09-25,10,5,False
2016-09-25 10:25:00,89,0,2,"[10:25:00,10:45:00)",7,1,2016-09-25,10,25,False
2016-09-25 10:45:00,81,0,2,"[10:45:00,11:05:00)",7,1,2016-09-25,10,45,False
2016-09-25 11:05:00,77,0,2,"[11:05:00,11:25:00)",7,1,2016-09-25,11,5,False
2016-09-25 11:25:00,94,0,2,"[11:25:00,11:45:00)",7,1,2016-09-25,11,25,False
2016-09-25 11:45:00,60,0,2,"[11:45:00,12:05:00)",7,1,2016-09-25,11,45,False
2016-09-25 12:05:00,61,0,2,"[12:05:00,12:25:00)",7,1,2016-09-25,12,5,False
2016-09-25 12:25:00,71,0,2,"[12:25:00,12:45:00)",7,1,2016-09-25,12,25,False
2016-09-25 12:45:00,70,0,2,"[12:45:00,13:05:00)",7,1,2016-09-25,12,45,False
2016-09-25 13:05:00,59,0,2,"[13:05:00,13:25:00)",7,1,2016-09-25,13,5,False
2016-09-25 13:25:00,89,0,2,"[13:25:00,13:45:00)",7,1,2016-09-25,13,25,False
2016-09-25 13:45:00,83,0,2,"[13:45:00,14:05:00)",7,1,2016-09-25,13,45,False
2016-09-25 14:05:00,74,0,2,"[14:05:00,14:25:00)",7,1,2016-09-25,14,5,False
2016-09-25 14:25:00,87,0,2,"[14:25:00,14:45:00)",7,1,2016-09-25,14,25,False
2016-09-25 14:45:00,88,0,2,"[14:45:00,15:05:00)",7,1,2016-09-25,14,45,False
2016-09-25 15:05:00,96,0,2,"[15:05:00,15:25:00)",7,1,2016-09-25,15,5,False
2016-09-25 15:25:00,103,0,2,"[15:25:00,15:45:00)",7,1,2016-09-25,15,25,False
2016-09-25 15:45:00,78,0,2,"[15:45:00,16:05:00)",7,1,2016-09-25,15,45,False
2016-09-25 16:05:00,69,0,2,"[16:05:00,16:25:00)",7,1,2016-09-25,16,5,False
2016-09-25 16:25:00,92,0,2,"[16:25:00,16:45:00)",7,1,2016-09-25,16,25,False
2016-09-25 16:45:00,80,0,2,"[16:45:00,17:05:00)",7,1,2016-09-25,16,45,False
2016-09-25 17:05:00,83,0,2,"[17:05:00,17:25:00)",7,1,2016-09-25,17,5,False
2016-09-25 17:25:00,69,0,2,"[17:25:00,17:45:00)",7,1,2016-09-25,17,25,False
2016-09-25 17:45:00,56,0,2,"[17:45:00,18:05:00)",7,1,2016-09-25,17,45,False
2016-09-25 18:05:00,78,0,2,"[18:05:00,18:25:00)",7,1,2016-09-25,18,5,False
2016-09-25 18:25:00,57,0,2,"[18:25:00,18:45:00)",7,1,2016-09-25,18,25,False
2016-09-25 18:45:00,42,0,2,"[18:45:00,19:05:00)",7,1,2016-09-25,18,45,False
2016-09-25 19:05:00,47,0,2,"[19:05:00,19:25:00)",7,1,2016-09-25,19,5,False
2016-09-25 19:25:00,38,0,2,"[19:25:00,19:45:00)",7,1,2016-09-25,19,25,False
2016-09-25 19:45:00,38,0,2,"[19:45:00,20:05:00)",7,1,2016-09-25,19,45,False
2016-09-25 20:05:00,34,0,2,"[20:05:00,20:25:00)",7,1,2016-09-25,20,5,False
2016-09-25 20:25:00,29,0,2,"[20:25:00,20:45:00)",7,1,2016-09-25,20,25,False
2016-09-25 20:45:00,35,0,2,"[20:45:00,21:05:00)",7,1,2016-09-25,20,45,False
2016-09-25 21:05:00,29,0,2,"[21:05:00,21:25:00)",7,1,2016-09-25,21,5,False
2016-09-25 21:25:00,30,0,2,"[21:25:00,21:45:00)",7,1,2016-09-25,21,25,False
2016-09-25 21:45:00,17,0,2,"[21:45:00,22:05:00)",7,1,2016-09-25,21,45,False
2016-09-25 22:05:00,19,0,2,"[22:05:00,22:25:00)",7,1,2016-09-25,22,5,False
2016-09-25 22:25:00,19,0,2,"[22:25:00,22:45:00)",7,1,2016-09-25,22,25,False
2016-09-25 22:45:00,16,0,2,"[22:45:00,23:05:00)",7,1,2016-09-25,22,45,False
2016-09-25 23:05:00,21,0,2,"[23:05:00,23:25:00)",7,1,2016-09-25,23,5,False
2016-09-25 23:25:00,17,0,2,"[23:25:00,23:45:00)",7,1,2016-09-25,23,25,False
2016-09-25 23:45:00,8,0,2,"[23:45:00,00:00:00)",7,1,2016-09-25,23,45,False
2016-09-26 00:05:00,0,0,2,"[00:05:00,00:25:00)",1,0,2016-09-26,0,5,False
2016-09-26 00:25:00,1,0,2,"[00:25:00,00:45:00)",1,0,2016-09-26,0,25,False
2016-09-26 00:45:00,0,0,2,"[00:45:00,01:05:00)",1,0,2016-09-26,0,45,False
2016-09-26 01:05:00,1,0,2,"[01:05:00,01:25:00)",1,0,2016-09-26,1,5,False
2016-09-26 01:25:00,1,0,2,"[01:25:00,01:45:00)",1,0,2016-09-26,1,25,False
2016-09-26 01:45:00,0,0,2,"[01:45:00,02:05:00)",1,0,2016-09-26,1,45,False
2016-09-26 02:05:00,0,0,2,"[02:05:00,02:25:00)",1,0,2016-09-26,2,5,False
2016-09-26 02:25:00,0,0,2,"[02:25:00,02:45:00)",1,0,2016-09-26,2,25,False
2016-09-26 02:45:00,0,0,2,"[02:45:00,03:05:00)",1,0,2016-09-26,2,45,False
2016-09-26 03:05:00,0,0,2,"[03:05:00,03:25:00)",1,0,2016-09-26,3,5,False
2016-09-26 03:25:00,0,0,2,"[03:25:00,03:45:00)",1,0,2016-09-26,3,25,False
2016-09-26 03:45:00,0,0,2,"[03:45:00,04:05:00)",1,0,2016-09-26,3,45,False
2016-09-26 04:05:00,0,0,2,"[04:05:00,04:25:00)",1,0,2016-09-26,4,5,False
2016-09-26 04:25:00,0,0,2,"[04:25:00,04:45:00)",1,0,2016-09-26,4,25,False
2016-09-26 04:45:00,2,0,2,"[04:45:00,05:05:00)",1,0,2016-09-26,4,45,False
2016-09-26 05:05:00,10,0,2,"[05:05:00,05:25:00)",1,0,2016-09-26,5,5,False
2016-09-26 05:25:00,19,0,2,"[05:25:00,05:45:00)",1,0,2016-09-26,5,25,False
2016-09-26 05:45:00,27,0,2,"[05:45:00,06:05:00)",1,0,2016-09-26,5,45,False
2016-09-26 06:05:00,28,0,2,"[06:05:00,06:25:00)",1,0,2016-09-26,6,5,False
2016-09-26 06:25:00,41,0,2,"[06:25:00,06:45:00)",1,0,2016-09-26,6,25,False
2016-09-26 06:45:00,73,0,2,"[06:45:00,07:05:00)",1,0,2016-09-26,6,45,False
2016-09-26 07:05:00,106,0,2,"[07:05:00,07:25:00)",1,0,2016-09-26,7,5,False
2016-09-26 07:25:00,122,0,2,"[07:25:00,07:45:00)",1,0,2016-09-26,7,25,False
2016-09-26 07:45:00,116,0,2,"[07:45:00,08:05:00)",1,0,2016-09-26,7,45,False
2016-09-26 08:05:00,117,0,2,"[08:05:00,08:25:00)",1,0,2016-09-26,8,5,False
2016-09-26 08:25:00,128,0,2,"[08:25:00,08:45:00)",1,0,2016-09-26,8,25,False
2016-09-26 08:45:00,126,0,2,"[08:45:00,09:05:00)",1,0,2016-09-26,8,45,False
2016-09-26 09:05:00,134,0,2,"[09:05:00,09:25:00)",1,0,2016-09-26,9,5,False
2016-09-26 09:25:00,97,0,2,"[09:25:00,09:45:00)",1,0,2016-09-26,9,25,False
2016-09-26 09:45:00,89,0,2,"[09:45:00,10:05:00)",1,0,2016-09-26,9,45,False
2016-09-26 10:05:00,76,0,2,"[10:05:00,10:25:00)",1,0,2016-09-26,10,5,False
2016-09-26 10:25:00,52,0,2,"[10:25:00,10:45:00)",1,0,2016-09-26,10,25,False
2016-09-26 10:45:00,55,0,2,"[10:45:00,11:05:00)",1,0,2016-09-26,10,45,False
2016-09-26 11:05:00,69,0,2,"[11:05:00,11:25:00)",1,0,2016-09-26,11,5,False
2016-09-26 11:25:00,45,0,2,"[11:25:00,11:45:00)",1,0,2016-09-26,11,25,False
2016-09-26 11:45:00,63,0,2,"[11:45:00,12:05:00)",1,0,2016-09-26,11,45,False
2016-09-26 12:05:00,76,0,2,"[12:05:00,12:25:00)",1,0,2016-09-26,12,5,False
2016-09-26 12:25:00,58,0,2,"[12:25:00,12:45:00)",1,0,2016-09-26,12,25,False
2016-09-26 12:45:00,75,0,2,"[12:45:00,13:05:00)",1,0,2016-09-26,12,45,False
2016-09-26 13:05:00,51,0,2,"[13:05:00,13:25:00)",1,0,2016-09-26,13,5,False
2016-09-26 13:25:00,58,0,2,"[13:25:00,13:45:00)",1,0,2016-09-26,13,25,False
2016-09-26 13:45:00,59,0,2,"[13:45:00,14:05:00)",1,0,2016-09-26,13,45,False
2016-09-26 14:05:00,61,0,2,"[14:05:00,14:25:00)",1,0,2016-09-26,14,5,False
2016-09-26 14:25:00,91,0,2,"[14:25:00,14:45:00)",1,0,2016-09-26,14,25,False
2016-09-26 14:45:00,79,0,2,"[14:45:00,15:05:00)",1,0,2016-09-26,14,45,False
2016-09-26 15:05:00,72,0,2,"[15:05:00,15:25:00)",1,0,2016-09-26,15,5,False
2016-09-26 15:25:00,73,0,2,"[15:25:00,15:45:00)",1,0,2016-09-26,15,25,False
2016-09-26 15:45:00,66,0,2,"[15:45:00,16:05:00)",1,0,2016-09-26,15,45,False
2016-09-26 16:05:00,73,0,2,"[16:05:00,16:25:00)",1,0,2016-09-26,16,5,False
2016-09-26 16:25:00,72,0,2,"[16:25:00,16:45:00)",1,0,2016-09-26,16,25,False
2016-09-26 16:45:00,68,0,2,"[16:45:00,17:05:00)",1,0,2016-09-26,16,45,False
2016-09-26 17:05:00,63,0,2,"[17:05:00,17:25:00)",1,0,2016-09-26,17,5,False
2016-09-26 17:25:00,80,0,2,"[17:25:00,17:45:00)",1,0,2016-09-26,17,25,False
2016-09-26 17:45:00,54,0,2,"[17:45:00,18:05:00)",1,0,2016-09-26,17,45,False
2016-09-26 18:05:00,68,0,2,"[18:05:00,18:25:00)",1,0,2016-09-26,18,5,False
2016-09-26 18:25:00,50,0,2,"[18:25:00,18:45:00)",1,0,2016-09-26,18,25,False
2016-09-26 18:45:00,42,0,2,"[18:45:00,19:05:00)",1,0,2016-09-26,18,45,False
2016-09-26 19:05:00,37,0,2,"[19:05:00,19:25:00)",1,0,2016-09-26,19,5,False
2016-09-26 19:25:00,37,0,2,"[19:25:00,19:45:00)",1,0,2016-09-26,19,25,False
2016-09-26 19:45:00,25,0,2,"[19:45:00,20:05:00)",1,0,2016-09-26,19,45,False
2016-09-26 20:05:00,41,0,2,"[20:05:00,20:25:00)",1,0,2016-09-26,20,5,False
2016-09-26 20:25:00,37,0,2,"[20:25:00,20:45:00)",1,0,2016-09-26,20,25,False
2016-09-26 20:45:00,39,0,2,"[20:45:00,21:05:00)",1,0,2016-09-26,20,45,False
2016-09-26 21:05:00,29,0,2,"[21:05:00,21:25:00)",1,0,2016-09-26,21,5,False
2016-09-26 21:25:00,25,0,2,"[21:25:00,21:45:00)",1,0,2016-09-26,21,25,False
2016-09-26 21:45:00,25,0,2,"[21:45:00,22:05:00)",1,0,2016-09-26,21,45,False
2016-09-26 22:05:00,21,0,2,"[22:05:00,22:25:00)",1,0,2016-09-26,22,5,False
2016-09-26 22:25:00,16,0,2,"[22:25:00,22:45:00)",1,0,2016-09-26,22,25,False
2016-09-26 22:45:00,23,0,2,"[22:45:00,23:05:00)",1,0,2016-09-26,22,45,False
2016-09-26 23:05:00,4,0,2,"[23:05:00,23:25:00)",1,0,2016-09-26,23,5,False
2016-09-26 23:25:00,1,0,2,"[23:25:00,23:45:00)",1,0,2016-09-26,23,25,False
2016-09-26 23:45:00,13,0,2,"[23:45:00,00:00:00)",1,0,2016-09-26,23,45,False
2016-09-27 00:05:00,0,0,2,"[00:05:00,00:25:00)",2,0,2016-09-27,0,5,False
2016-09-27 00:25:00,1,0,2,"[00:25:00,00:45:00)",2,0,2016-09-27,0,25,False
2016-09-27 00:45:00,1,0,2,"[00:45:00,01:05:00)",2,0,2016-09-27,0,45,False
2016-09-27 01:05:00,2,0,2,"[01:05:00,01:25:00)",2,0,2016-09-27,1,5,False
2016-09-27 01:25:00,0,0,2,"[01:25:00,01:45:00)",2,0,2016-09-27,1,25,False
2016-09-27 01:45:00,3,0,2,"[01:45:00,02:05:00)",2,0,2016-09-27,1,45,False
2016-09-27 02:05:00,0,0,2,"[02:05:00,02:25:00)",2,0,2016-09-27,2,5,False
2016-09-27 02:25:00,0,0,2,"[02:25:00,02:45:00)",2,0,2016-09-27,2,25,False
2016-09-27 02:45:00,0,0,2,"[02:45:00,03:05:00)",2,0,2016-09-27,2,45,False
2016-09-27 03:05:00,0,0,2,"[03:05:00,03:25:00)",2,0,2016-09-27,3,5,False
2016-09-27 03:25:00,0,0,2,"[03:25:00,03:45:00)",2,0,2016-09-27,3,25,False
2016-09-27 03:45:00,0,0,2,"[03:45:00,04:05:00)",2,0,2016-09-27,3,45,False
2016-09-27 04:05:00,0,0,2,"[04:05:00,04:25:00)",2,0,2016-09-27,4,5,False
2016-09-27 04:25:00,0,0,2,"[04:25:00,04:45:00)",2,0,2016-09-27,4,25,False
2016-09-27 04:45:00,5,0,2,"[04:45:00,05:05:00)",2,0,2016-09-27,4,45,False
2016-09-27 05:05:00,15,0,2,"[05:05:00,05:25:00)",2,0,2016-09-27,5,5,False
2016-09-27 05:25:00,21,0,2,"[05:25:00,05:45:00)",2,0,2016-09-27,5,25,False
2016-09-27 05:45:00,18,0,2,"[05:45:00,06:05:00)",2,0,2016-09-27,5,45,False
2016-09-27 06:05:00,32,0,2,"[06:05:00,06:25:00)",2,0,2016-09-27,6,5,False
2016-09-27 06:25:00,30,0,2,"[06:25:00,06:45:00)",2,0,2016-09-27,6,25,False
2016-09-27 06:45:00,49,0,2,"[06:45:00,07:05:00)",2,0,2016-09-27,6,45,False
2016-09-27 07:05:00,49,0,2,"[07:05:00,07:25:00)",2,0,2016-09-27,7,5,False
2016-09-27 07:25:00,104,0,2,"[07:25:00,07:45:00)",2,0,2016-09-27,7,25,False
2016-09-27 07:45:00,108,0,2,"[07:45:00,08:05:00)",2,0,2016-09-27,7,45,False
2016-09-27 08:05:00,132,0,2,"[08:05:00,08:25:00)",2,0,2016-09-27,8,5,False
2016-09-27 08:25:00,120,0,2,"[08:25:00,08:45:00)",2,0,2016-09-27,8,25,False
2016-09-27 08:45:00,121,0,2,"[08:45:00,09:05:00)",2,0,2016-09-27,8,45,False
2016-09-27 09:05:00,106,0,2,"[09:05:00,09:25:00)",2,0,2016-09-27,9,5,False
2016-09-27 09:25:00,90,0,2,"[09:25:00,09:45:00)",2,0,2016-09-27,9,25,False
2016-09-27 09:45:00,90,0,2,"[09:45:00,10:05:00)",2,0,2016-09-27,9,45,False
2016-09-27 10:05:00,104,0,2,"[10:05:00,10:25:00)",2,0,2016-09-27,10,5,False
2016-09-27 10:25:00,48,0,2,"[10:25:00,10:45:00)",2,0,2016-09-27,10,25,False
2016-09-27 10:45:00,58,0,2,"[10:45:00,11:05:00)",2,0,2016-09-27,10,45,False
2016-09-27 11:05:00,53,0,2,"[11:05:00,11:25:00)",2,0,2016-09-27,11,5,False
2016-09-27 11:25:00,48,0,2,"[11:25:00,11:45:00)",2,0,2016-09-27,11,25,False
2016-09-27 11:45:00,70,0,2,"[11:45:00,12:05:00)",2,0,2016-09-27,11,45,False
2016-09-27 12:05:00,55,0,2,"[12:05:00,12:25:00)",2,0,2016-09-27,12,5,False
2016-09-27 12:25:00,58,0,2,"[12:25:00,12:45:00)",2,0,2016-09-27,12,25,False
2016-09-27 12:45:00,60,0,2,"[12:45:00,13:05:00)",2,0,2016-09-27,12,45,False
2016-09-27 13:05:00,83,0,2,"[13:05:00,13:25:00)",2,0,2016-09-27,13,5,False
2016-09-27 13:25:00,60,0,2,"[13:25:00,13:45:00)",2,0,2016-09-27,13,25,False
2016-09-27 13:45:00,45,0,2,"[13:45:00,14:05:00)",2,0,2016-09-27,13,45,False
2016-09-27 14:05:00,52,0,2,"[14:05:00,14:25:00)",2,0,2016-09-27,14,5,False
2016-09-27 14:25:00,55,0,2,"[14:25:00,14:45:00)",2,0,2016-09-27,14,25,False
2016-09-27 14:45:00,63,0,2,"[14:45:00,15:05:00)",2,0,2016-09-27,14,45,False
2016-09-27 15:05:00,79,0,2,"[15:05:00,15:25:00)",2,0,2016-09-27,15,5,False
2016-09-27 15:25:00,79,0,2,"[15:25:00,15:45:00)",2,0,2016-09-27,15,25,False
2016-09-27 15:45:00,68,0,2,"[15:45:00,16:05:00)",2,0,2016-09-27,15,45,False
2016-09-27 16:05:00,76,0,2,"[16:05:00,16:25:00)",2,0,2016-09-27,16,5,False
2016-09-27 16:25:00,69,0,2,"[16:25:00,16:45:00)",2,0,2016-09-27,16,25,False
2016-09-27 16:45:00,83,0,2,"[16:45:00,17:05:00)",2,0,2016-09-27,16,45,False
2016-09-27 17:05:00,73,0,2,"[17:05:00,17:25:00)",2,0,2016-09-27,17,5,False
2016-09-27 17:25:00,21,0,2,"[17:25:00,17:45:00)",2,0,2016-09-27,17,25,False
2016-09-27 17:45:00,68,0,2,"[17:45:00,18:05:00)",2,0,2016-09-27,17,45,False
2016-09-27 18:05:00,52,0,2,"[18:05:00,18:25:00)",2,0,2016-09-27,18,5,False
2016-09-27 18:25:00,53,0,2,"[18:25:00,18:45:00)",2,0,2016-09-27,18,25,False
2016-09-27 18:45:00,60,0,2,"[18:45:00,19:05:00)",2,0,2016-09-27,18,45,False
2016-09-27 19:05:00,14,0,2,"[19:05:00,19:25:00)",2,0,2016-09-27,19,5,False
2016-09-27 19:25:00,31,0,2,"[19:25:00,19:45:00)",2,0,2016-09-27,19,25,False
2016-09-27 19:45:00,8,0,2,"[19:45:00,20:05:00)",2,0,2016-09-27,19,45,False
2016-09-27 20:05:00,10,0,2,"[20:05:00,20:25:00)",2,0,2016-09-27,20,5,False
2016-09-27 20:25:00,7,0,2,"[20:25:00,20:45:00)",2,0,2016-09-27,20,25,False
2016-09-27 20:45:00,14,0,2,"[20:45:00,21:05:00)",2,0,2016-09-27,20,45,False
2016-09-27 21:05:00,11,0,2,"[21:05:00,21:25:00)",2,0,2016-09-27,21,5,False
2016-09-27 21:25:00,15,0,2,"[21:25:00,21:45:00)",2,0,2016-09-27,21,25,False
2016-09-27 21:45:00,3,0,2,"[21:45:00,22:05:00)",2,0,2016-09-27,21,45,False
2016-09-27 22:05:00,4,0,2,"[22:05:00,22:25:00)",2,0,2016-09-27,22,5,False
2016-09-27 22:25:00,5,0,2,"[22:25:00,22:45:00)",2,0,2016-09-27,22,25,False
2016-09-27 22:45:00,5,0,2,"[22:45:00,23:05:00)",2,0,2016-09-27,22,45,False
2016-09-27 23:05:00,7,0,2,"[23:05:00,23:25:00)",2,0,2016-09-27,23,5,False
2016-09-27 23:25:00,11,0,2,"[23:25:00,23:45:00)",2,0,2016-09-27,23,25,False
2016-09-27 23:45:00,1,0,2,"[23:45:00,00:00:00)",2,0,2016-09-27,23,45,False
2016-09-28 00:05:00,3,0,2,"[00:05:00,00:25:00)",3,0,2016-09-28,0,5,False
2016-09-28 00:25:00,3,0,2,"[00:25:00,00:45:00)",3,0,2016-09-28,0,25,False
2016-09-28 00:45:00,1,0,2,"[00:45:00,01:05:00)",3,0,2016-09-28,0,45,False
2016-09-28 01:05:00,1,0,2,"[01:05:00,01:25:00)",3,0,2016-09-28,1,5,False
2016-09-28 01:25:00,2,0,2,"[01:25:00,01:45:00)",3,0,2016-09-28,1,25,False
2016-09-28 01:45:00,1,0,2,"[01:45:00,02:05:00)",3,0,2016-09-28,1,45,False
2016-09-28 02:05:00,0,0,2,"[02:05:00,02:25:00)",3,0,2016-09-28,2,5,False
2016-09-28 02:25:00,0,0,2,"[02:25:00,02:45:00)",3,0,2016-09-28,2,25,False
2016-09-28 02:45:00,0,0,2,"[02:45:00,03:05:00)",3,0,2016-09-28,2,45,False
2016-09-28 03:05:00,0,0,2,"[03:05:00,03:25:00)",3,0,2016-09-28,3,5,False
2016-09-28 03:25:00,0,0,2,"[03:25:00,03:45:00)",3,0,2016-09-28,3,25,False
2016-09-28 03:45:00,0,0,2,"[03:45:00,04:05:00)",3,0,2016-09-28,3,45,False
2016-09-28 04:05:00,0,0,2,"[04:05:00,04:25:00)",3,0,2016-09-28,4,5,False
2016-09-28 04:25:00,0,0,2,"[04:25:00,04:45:00)",3,0,2016-09-28,4,25,False
2016-09-28 04:45:00,0,0,2,"[04:45:00,05:05:00)",3,0,2016-09-28,4,45,False
2016-09-28 05:05:00,3,0,2,"[05:05:00,05:25:00)",3,0,2016-09-28,5,5,False
2016-09-28 05:25:00,6,0,2,"[05:25:00,05:45:00)",3,0,2016-09-28,5,25,False
2016-09-28 05:45:00,6,0,2,"[05:45:00,06:05:00)",3,0,2016-09-28,5,45,False
2016-09-28 06:05:00,9,0,2,"[06:05:00,06:25:00)",3,0,2016-09-28,6,5,False
2016-09-28 06:25:00,18,0,2,"[06:25:00,06:45:00)",3,0,2016-09-28,6,25,False
2016-09-28 06:45:00,24,0,2,"[06:45:00,07:05:00)",3,0,2016-09-28,6,45,False
2016-09-28 07:05:00,32,0,2,"[07:05:00,07:25:00)",3,0,2016-09-28,7,5,False
2016-09-28 07:25:00,52,0,2,"[07:25:00,07:45:00)",3,0,2016-09-28,7,25,False
2016-09-28 07:45:00,31,0,2,"[07:45:00,08:05:00)",3,0,2016-09-28,7,45,False
2016-09-28 08:05:00,37,0,2,"[08:05:00,08:25:00)",3,0,2016-09-28,8,5,False
2016-09-28 08:25:00,36,0,2,"[08:25:00,08:45:00)",3,0,2016-09-28,8,25,False
2016-09-28 08:45:00,33,0,2,"[08:45:00,09:05:00)",3,0,2016-09-28,8,45,False
2016-09-28 09:05:00,38,0,2,"[09:05:00,09:25:00)",3,0,2016-09-28,9,5,False
2016-09-28 09:25:00,23,0,2,"[09:25:00,09:45:00)",3,0,2016-09-28,9,25,False
2016-09-28 09:45:00,20,0,2,"[09:45:00,10:05:00)",3,0,2016-09-28,9,45,False
2016-09-28 10:05:00,16,0,2,"[10:05:00,10:25:00)",3,0,2016-09-28,10,5,False
2016-09-28 10:25:00,13,0,2,"[10:25:00,10:45:00)",3,0,2016-09-28,10,25,False
2016-09-28 10:45:00,11,0,2,"[10:45:00,11:05:00)",3,0,2016-09-28,10,45,False
2016-09-28 11:05:00,20,0,2,"[11:05:00,11:25:00)",3,0,2016-09-28,11,5,False
2016-09-28 11:25:00,10,0,2,"[11:25:00,11:45:00)",3,0,2016-09-28,11,25,False
2016-09-28 11:45:00,9,0,2,"[11:45:00,12:05:00)",3,0,2016-09-28,11,45,False
2016-09-28 12:05:00,16,0,2,"[12:05:00,12:25:00)",3,0,2016-09-28,12,5,False
2016-09-28 12:25:00,13,0,2,"[12:25:00,12:45:00)",3,0,2016-09-28,12,25,False
2016-09-28 12:45:00,16,0,2,"[12:45:00,13:05:00)",3,0,2016-09-28,12,45,False
2016-09-28 13:05:00,14,0,2,"[13:05:00,13:25:00)",3,0,2016-09-28,13,5,False
2016-09-28 13:25:00,19,0,2,"[13:25:00,13:45:00)",3,0,2016-09-28,13,25,False
2016-09-28 13:45:00,13,0,2,"[13:45:00,14:05:00)",3,0,2016-09-28,13,45,False
2016-09-28 14:05:00,11,0,2,"[14:05:00,14:25:00)",3,0,2016-09-28,14,5,False
2016-09-28 14:25:00,17,0,2,"[14:25:00,14:45:00)",3,0,2016-09-28,14,25,False
2016-09-28 14:45:00,8,0,2,"[14:45:00,15:05:00)",3,0,2016-09-28,14,45,False
2016-09-28 15:05:00,14,0,2,"[15:05:00,15:25:00)",3,0,2016-09-28,15,5,False
2016-09-28 15:25:00,10,0,2,"[15:25:00,15:45:00)",3,0,2016-09-28,15,25,False
2016-09-28 15:45:00,10,0,2,"[15:45:00,16:05:00)",3,0,2016-09-28,15,45,False
2016-09-28 16:05:00,19,0,2,"[16:05:00,16:25:00)",3,0,2016-09-28,16,5,False
2016-09-28 16:25:00,44,0,2,"[16:25:00,16:45:00)",3,0,2016-09-28,16,25,False
2016-09-28 16:45:00,75,0,2,"[16:45:00,17:05:00)",3,0,2016-09-28,16,45,False
2016-09-28 17:05:00,59,0,2,"[17:05:00,17:25:00)",3,0,2016-09-28,17,5,False
2016-09-28 17:25:00,80,0,2,"[17:25:00,17:45:00)",3,0,2016-09-28,17,25,False
2016-09-28 17:45:00,60,0,2,"[17:45:00,18:05:00)",3,0,2016-09-28,17,45,False
2016-09-28 18:05:00,46,0,2,"[18:05:00,18:25:00)",3,0,2016-09-28,18,5,False
2016-09-28 18:25:00,52,0,2,"[18:25:00,18:45:00)",3,0,2016-09-28,18,25,False
2016-09-28 18:45:00,49,0,2,"[18:45:00,19:05:00)",3,0,2016-09-28,18,45,False
2016-09-28 19:05:00,45,0,2,"[19:05:00,19:25:00)",3,0,2016-09-28,19,5,False
2016-09-28 19:25:00,51,0,2,"[19:25:00,19:45:00)",3,0,2016-09-28,19,25,False
2016-09-28 19:45:00,53,0,2,"[19:45:00,20:05:00)",3,0,2016-09-28,19,45,False
2016-09-28 20:05:00,42,0,2,"[20:05:00,20:25:00)",3,0,2016-09-28,20,5,False
2016-09-28 20:25:00,39,0,2,"[20:25:00,20:45:00)",3,0,2016-09-28,20,25,False
2016-09-28 20:45:00,30,0,2,"[20:45:00,21:05:00)",3,0,2016-09-28,20,45,False
2016-09-28 21:05:00,33,0,2,"[21:05:00,21:25:00)",3,0,2016-09-28,21,5,False
2016-09-28 21:25:00,32,0,2,"[21:25:00,21:45:00)",3,0,2016-09-28,21,25,False
2016-09-28 21:45:00,14,0,2,"[21:45:00,22:05:00)",3,0,2016-09-28,21,45,False
2016-09-28 22:05:00,21,0,2,"[22:05:00,22:25:00)",3,0,2016-09-28,22,5,False
2016-09-28 22:25:00,10,0,2,"[22:25:00,22:45:00)",3,0,2016-09-28,22,25,False
2016-09-28 22:45:00,14,0,2,"[22:45:00,23:05:00)",3,0,2016-09-28,22,45,False
2016-09-28 23:05:00,5,0,2,"[23:05:00,23:25:00)",3,0,2016-09-28,23,5,False
2016-09-28 23:25:00,1,0,2,"[23:25:00,23:45:00)",3,0,2016-09-28,23,25,False
2016-09-28 23:45:00,2,0,2,"[23:45:00,00:00:00)",3,0,2016-09-28,23,45,False
2016-09-29 00:05:00,4,0,2,"[00:05:00,00:25:00)",4,0,2016-09-29,0,5,False
2016-09-29 00:25:00,0,0,2,"[00:25:00,00:45:00)",4,0,2016-09-29,0,25,False
2016-09-29 00:45:00,0,0,2,"[00:45:00,01:05:00)",4,0,2016-09-29,0,45,False
2016-09-29 01:05:00,0,0,2,"[01:05:00,01:25:00)",4,0,2016-09-29,1,5,False
2016-09-29 01:25:00,0,0,2,"[01:25:00,01:45:00)",4,0,2016-09-29,1,25,False
2016-09-29 01:45:00,0,0,2,"[01:45:00,02:05:00)",4,0,2016-09-29,1,45,False
2016-09-29 02:05:00,0,0,2,"[02:05:00,02:25:00)",4,0,2016-09-29,2,5,False
2016-09-29 02:25:00,0,0,2,"[02:25:00,02:45:00)",4,0,2016-09-29,2,25,False
2016-09-29 02:45:00,0,0,2,"[02:45:00,03:05:00)",4,0,2016-09-29,2,45,False
2016-09-29 03:05:00,0,0,2,"[03:05:00,03:25:00)",4,0,2016-09-29,3,5,False
2016-09-29 03:25:00,0,0,2,"[03:25:00,03:45:00)",4,0,2016-09-29,3,25,False
2016-09-29 03:45:00,0,0,2,"[03:45:00,04:05:00)",4,0,2016-09-29,3,45,False
2016-09-29 04:05:00,0,0,2,"[04:05:00,04:25:00)",4,0,2016-09-29,4,5,False
2016-09-29 04:25:00,0,0,2,"[04:25:00,04:45:00)",4,0,2016-09-29,4,25,False
2016-09-29 04:45:00,2,0,2,"[04:45:00,05:05:00)",4,0,2016-09-29,4,45,False
2016-09-29 05:05:00,11,0,2,"[05:05:00,05:25:00)",4,0,2016-09-29,5,5,False
2016-09-29 05:25:00,11,0,2,"[05:25:00,05:45:00)",4,0,2016-09-29,5,25,False
2016-09-29 05:45:00,11,0,2,"[05:45:00,06:05:00)",4,0,2016-09-29,5,45,False
2016-09-29 06:05:00,16,0,2,"[06:05:00,06:25:00)",4,0,2016-09-29,6,5,False
2016-09-29 06:25:00,19,0,2,"[06:25:00,06:45:00)",4,0,2016-09-29,6,25,False
2016-09-29 06:45:00,34,0,2,"[06:45:00,07:05:00)",4,0,2016-09-29,6,45,False
2016-09-29 07:05:00,78,0,2,"[07:05:00,07:25:00)",4,0,2016-09-29,7,5,False
2016-09-29 07:25:00,68,0,2,"[07:25:00,07:45:00)",4,0,2016-09-29,7,25,False
2016-09-29 07:45:00,101,0,2,"[07:45:00,08:05:00)",4,0,2016-09-29,7,45,False
2016-09-29 08:05:00,97,0,2,"[08:05:00,08:25:00)",4,0,2016-09-29,8,5,False
2016-09-29 08:25:00,108,0,2,"[08:25:00,08:45:00)",4,0,2016-09-29,8,25,False
2016-09-29 08:45:00,114,0,2,"[08:45:00,09:05:00)",4,0,2016-09-29,8,45,False
2016-09-29 09:05:00,110,0,2,"[09:05:00,09:25:00)",4,0,2016-09-29,9,5,False
2016-09-29 09:25:00,97,0,2,"[09:25:00,09:45:00)",4,0,2016-09-29,9,25,False
2016-09-29 09:45:00,84,0,2,"[09:45:00,10:05:00)",4,0,2016-09-29,9,45,False
2016-09-29 10:05:00,89,0,2,"[10:05:00,10:25:00)",4,0,2016-09-29,10,5,False
2016-09-29 10:25:00,74,0,2,"[10:25:00,10:45:00)",4,0,2016-09-29,10,25,False
2016-09-29 10:45:00,73,0,2,"[10:45:00,11:05:00)",4,0,2016-09-29,10,45,False
2016-09-29 11:05:00,44,0,2,"[11:05:00,11:25:00)",4,0,2016-09-29,11,5,False
2016-09-29 11:25:00,53,0,2,"[11:25:00,11:45:00)",4,0,2016-09-29,11,25,False
2016-09-29 11:45:00,70,0,2,"[11:45:00,12:05:00)",4,0,2016-09-29,11,45,False
2016-09-29 12:05:00,69,0,2,"[12:05:00,12:25:00)",4,0,2016-09-29,12,5,False
2016-09-29 12:25:00,76,0,2,"[12:25:00,12:45:00)",4,0,2016-09-29,12,25,False
2016-09-29 12:45:00,76,0,2,"[12:45:00,13:05:00)",4,0,2016-09-29,12,45,False
2016-09-29 13:05:00,59,0,2,"[13:05:00,13:25:00)",4,0,2016-09-29,13,5,False
2016-09-29 13:25:00,74,0,2,"[13:25:00,13:45:00)",4,0,2016-09-29,13,25,False
2016-09-29 13:45:00,68,0,2,"[13:45:00,14:05:00)",4,0,2016-09-29,13,45,False
2016-09-29 14:05:00,65,0,2,"[14:05:00,14:25:00)",4,0,2016-09-29,14,5,False
2016-09-29 14:25:00,77,0,2,"[14:25:00,14:45:00)",4,0,2016-09-29,14,25,False
2016-09-29 14:45:00,61,0,2,"[14:45:00,15:05:00)",4,0,2016-09-29,14,45,False
2016-09-29 15:05:00,80,0,2,"[15:05:00,15:25:00)",4,0,2016-09-29,15,5,False
2016-09-29 15:25:00,86,0,2,"[15:25:00,15:45:00)",4,0,2016-09-29,15,25,False
2016-09-29 15:45:00,80,0,2,"[15:45:00,16:05:00)",4,0,2016-09-29,15,45,False
2016-09-29 16:05:00,71,0,2,"[16:05:00,16:25:00)",4,0,2016-09-29,16,5,False
2016-09-29 16:25:00,76,0,2,"[16:25:00,16:45:00)",4,0,2016-09-29,16,25,False
2016-09-29 16:45:00,88,0,2,"[16:45:00,17:05:00)",4,0,2016-09-29,16,45,False
2016-09-29 17:05:00,73,0,2,"[17:05:00,17:25:00)",4,0,2016-09-29,17,5,False
2016-09-29 17:25:00,78,0,2,"[17:25:00,17:45:00)",4,0,2016-09-29,17,25,False
2016-09-29 17:45:00,66,0,2,"[17:45:00,18:05:00)",4,0,2016-09-29,17,45,False
2016-09-29 18:05:00,75,0,2,"[18:05:00,18:25:00)",4,0,2016-09-29,18,5,False
2016-09-29 18:25:00,55,0,2,"[18:25:00,18:45:00)",4,0,2016-09-29,18,25,False
2016-09-29 18:45:00,68,0,2,"[18:45:00,19:05:00)",4,0,2016-09-29,18,45,False
2016-09-29 19:05:00,35,0,2,"[19:05:00,19:25:00)",4,0,2016-09-29,19,5,False
2016-09-29 19:25:00,42,0,2,"[19:25:00,19:45:00)",4,0,2016-09-29,19,25,False
2016-09-29 19:45:00,41,0,2,"[19:45:00,20:05:00)",4,0,2016-09-29,19,45,False
2016-09-29 20:05:00,26,0,2,"[20:05:00,20:25:00)",4,0,2016-09-29,20,5,False
2016-09-29 20:25:00,20,0,2,"[20:25:00,20:45:00)",4,0,2016-09-29,20,25,False
2016-09-29 20:45:00,45,0,2,"[20:45:00,21:05:00)",4,0,2016-09-29,20,45,False
2016-09-29 21:05:00,28,0,2,"[21:05:00,21:25:00)",4,0,2016-09-29,21,5,False
2016-09-29 21:25:00,42,0,2,"[21:25:00,21:45:00)",4,0,2016-09-29,21,25,False
2016-09-29 21:45:00,42,0,2,"[21:45:00,22:05:00)",4,0,2016-09-29,21,45,False
2016-09-29 22:05:00,20,0,2,"[22:05:00,22:25:00)",4,0,2016-09-29,22,5,False
2016-09-29 22:25:00,26,0,2,"[22:25:00,22:45:00)",4,0,2016-09-29,22,25,False
2016-09-29 22:45:00,13,0,2,"[22:45:00,23:05:00)",4,0,2016-09-29,22,45,False
2016-09-29 23:05:00,23,0,2,"[23:05:00,23:25:00)",4,0,2016-09-29,23,5,False
2016-09-29 23:25:00,20,0,2,"[23:25:00,23:45:00)",4,0,2016-09-29,23,25,False
2016-09-29 23:45:00,9,0,2,"[23:45:00,00:00:00)",4,0,2016-09-29,23,45,False
2016-09-30 00:05:00,2,0,2,"[00:05:00,00:25:00)",5,0,2016-09-30,0,5,False
2016-09-30 00:25:00,3,0,2,"[00:25:00,00:45:00)",5,0,2016-09-30,0,25,False
2016-09-30 00:45:00,2,0,2,"[00:45:00,01:05:00)",5,0,2016-09-30,0,45,False
2016-09-30 01:05:00,0,0,2,"[01:05:00,01:25:00)",5,0,2016-09-30,1,5,False
2016-09-30 01:25:00,2,0,2,"[01:25:00,01:45:00)",5,0,2016-09-30,1,25,False
2016-09-30 01:45:00,0,0,2,"[01:45:00,02:05:00)",5,0,2016-09-30,1,45,False
2016-09-30 02:05:00,0,0,2,"[02:05:00,02:25:00)",5,0,2016-09-30,2,5,False
2016-09-30 02:25:00,0,0,2,"[02:25:00,02:45:00)",5,0,2016-09-30,2,25,False
2016-09-30 02:45:00,0,0,2,"[02:45:00,03:05:00)",5,0,2016-09-30,2,45,False
2016-09-30 03:05:00,0,0,2,"[03:05:00,03:25:00)",5,0,2016-09-30,3,5,False
2016-09-30 03:25:00,0,0,2,"[03:25:00,03:45:00)",5,0,2016-09-30,3,25,False
2016-09-30 03:45:00,0,0,2,"[03:45:00,04:05:00)",5,0,2016-09-30,3,45,False
2016-09-30 04:05:00,0,0,2,"[04:05:00,04:25:00)",5,0,2016-09-30,4,5,False
2016-09-30 04:25:00,0,0,2,"[04:25:00,04:45:00)",5,0,2016-09-30,4,25,False
2016-09-30 04:45:00,2,0,2,"[04:45:00,05:05:00)",5,0,2016-09-30,4,45,False
2016-09-30 05:05:00,16,0,2,"[05:05:00,05:25:00)",5,0,2016-09-30,5,5,False
2016-09-30 05:25:00,16,0,2,"[05:25:00,05:45:00)",5,0,2016-09-30,5,25,False
2016-09-30 05:45:00,20,0,2,"[05:45:00,06:05:00)",5,0,2016-09-30,5,45,False
2016-09-30 06:05:00,36,0,2,"[06:05:00,06:25:00)",5,0,2016-09-30,6,5,False
2016-09-30 06:25:00,41,0,2,"[06:25:00,06:45:00)",5,0,2016-09-30,6,25,False
2016-09-30 06:45:00,54,0,2,"[06:45:00,07:05:00)",5,0,2016-09-30,6,45,False
2016-09-30 07:05:00,86,0,2,"[07:05:00,07:25:00)",5,0,2016-09-30,7,5,False
2016-09-30 07:25:00,90,0,2,"[07:25:00,07:45:00)",5,0,2016-09-30,7,25,False
2016-09-30 07:45:00,101,0,2,"[07:45:00,08:05:00)",5,0,2016-09-30,7,45,False
2016-09-30 08:05:00,110,0,2,"[08:05:00,08:25:00)",5,0,2016-09-30,8,5,False
2016-09-30 08:25:00,110,0,2,"[08:25:00,08:45:00)",5,0,2016-09-30,8,25,False
2016-09-30 08:45:00,101,0,2,"[08:45:00,09:05:00)",5,0,2016-09-30,8,45,False
2016-09-30 09:05:00,89,0,2,"[09:05:00,09:25:00)",5,0,2016-09-30,9,5,False
2016-09-30 09:25:00,86,0,2,"[09:25:00,09:45:00)",5,0,2016-09-30,9,25,False
2016-09-30 09:45:00,82,0,2,"[09:45:00,10:05:00)",5,0,2016-09-30,9,45,False
2016-09-30 10:05:00,87,0,2,"[10:05:00,10:25:00)",5,0,2016-09-30,10,5,False
2016-09-30 10:25:00,69,0,2,"[10:25:00,10:45:00)",5,0,2016-09-30,10,25,False
2016-09-30 10:45:00,75,0,2,"[10:45:00,11:05:00)",5,0,2016-09-30,10,45,False
2016-09-30 11:05:00,75,0,2,"[11:05:00,11:25:00)",5,0,2016-09-30,11,5,False
2016-09-30 11:25:00,58,0,2,"[11:25:00,11:45:00)",5,0,2016-09-30,11,25,False
2016-09-30 11:45:00,69,0,2,"[11:45:00,12:05:00)",5,0,2016-09-30,11,45,False
2016-09-30 12:05:00,87,0,2,"[12:05:00,12:25:00)",5,0,2016-09-30,12,5,False
2016-09-30 12:25:00,96,0,2,"[12:25:00,12:45:00)",5,0,2016-09-30,12,25,False
2016-09-30 12:45:00,128,0,2,"[12:45:00,13:05:00)",5,0,2016-09-30,12,45,False
2016-09-30 13:05:00,95,0,2,"[13:05:00,13:25:00)",5,0,2016-09-30,13,5,False
2016-09-30 13:25:00,125,0,2,"[13:25:00,13:45:00)",5,0,2016-09-30,13,25,False
2016-09-30 13:45:00,103,0,2,"[13:45:00,14:05:00)",5,0,2016-09-30,13,45,False
2016-09-30 14:05:00,120,0,2,"[14:05:00,14:25:00)",5,0,2016-09-30,14,5,False
2016-09-30 14:25:00,96,0,2,"[14:25:00,14:45:00)",5,0,2016-09-30,14,25,False
2016-09-30 14:45:00,89,0,2,"[14:45:00,15:05:00)",5,0,2016-09-30,14,45,False
2016-09-30 15:05:00,136,0,2,"[15:05:00,15:25:00)",5,0,2016-09-30,15,5,False
2016-09-30 15:25:00,134,0,2,"[15:25:00,15:45:00)",5,0,2016-09-30,15,25,False
2016-09-30 15:45:00,135,0,2,"[15:45:00,16:05:00)",5,0,2016-09-30,15,45,False
2016-09-30 16:05:00,124,0,2,"[16:05:00,16:25:00)",5,0,2016-09-30,16,5,False
2016-09-30 16:25:00,164,0,2,"[16:25:00,16:45:00)",5,0,2016-09-30,16,25,False
2016-09-30 16:45:00,122,0,2,"[16:45:00,17:05:00)",5,0,2016-09-30,16,45,False
2016-09-30 17:05:00,129,0,2,"[17:05:00,17:25:00)",5,0,2016-09-30,17,5,False
2016-09-30 17:25:00,130,0,2,"[17:25:00,17:45:00)",5,0,2016-09-30,17,25,False
2016-09-30 17:45:00,33,0,2,"[17:45:00,18:05:00)",5,0,2016-09-30,17,45,False
2016-09-30 18:05:00,32,0,2,"[18:05:00,18:25:00)",5,0,2016-09-30,18,5,False
2016-09-30 18:25:00,25,0,2,"[18:25:00,18:45:00)",5,0,2016-09-30,18,25,False
2016-09-30 18:45:00,29,0,2,"[18:45:00,19:05:00)",5,0,2016-09-30,18,45,False
2016-09-30 19:05:00,24,0,2,"[19:05:00,19:25:00)",5,0,2016-09-30,19,5,False
2016-09-30 19:25:00,20,0,2,"[19:25:00,19:45:00)",5,0,2016-09-30,19,25,False
2016-09-30 19:45:00,19,0,2,"[19:45:00,20:05:00)",5,0,2016-09-30,19,45,False
2016-09-30 20:05:00,19,0,2,"[20:05:00,20:25:00)",5,0,2016-09-30,20,5,False
2016-09-30 20:25:00,16,0,2,"[20:25:00,20:45:00)",5,0,2016-09-30,20,25,False
2016-09-30 20:45:00,13,0,2,"[20:45:00,21:05:00)",5,0,2016-09-30,20,45,False
2016-09-30 21:05:00,15,0,2,"[21:05:00,21:25:00)",5,0,2016-09-30,21,5,False
2016-09-30 21:25:00,14,0,2,"[21:25:00,21:45:00)",5,0,2016-09-30,21,25,False
2016-09-30 21:45:00,11,0,2,"[21:45:00,22:05:00)",5,0,2016-09-30,21,45,False
2016-09-30 22:05:00,7,0,2,"[22:05:00,22:25:00)",5,0,2016-09-30,22,5,False
2016-09-30 22:25:00,7,0,2,"[22:25:00,22:45:00)",5,0,2016-09-30,22,25,False
2016-09-30 22:45:00,11,0,2,"[22:45:00,23:05:00)",5,0,2016-09-30,22,45,False
2016-09-30 23:05:00,12,0,2,"[23:05:00,23:25:00)",5,0,2016-09-30,23,5,False
2016-09-30 23:25:00,6,0,2,"[23:25:00,23:45:00)",5,0,2016-09-30,23,25,False
2016-09-30 23:45:00,11,0,2,"[23:45:00,00:00:00)",5,0,2016-09-30,23,45,False
2016-10-01 00:05:00,2,0,2,"[00:05:00,00:25:00)",6,1,2016-10-01,0,5,True
2016-10-01 00:25:00,3,0,2,"[00:25:00,00:45:00)",6,1,2016-10-01,0,25,True
2016-10-01 00:45:00,4,0,2,"[00:45:00,01:05:00)",6,1,2016-10-01,0,45,True
2016-10-01 01:05:00,2,0,2,"[01:05:00,01:25:00)",6,1,2016-10-01,1,5,True
2016-10-01 01:25:00,0,0,2,"[01:25:00,01:45:00)",6,1,2016-10-01,1,25,True
2016-10-01 01:45:00,1,0,2,"[01:45:00,02:05:00)",6,1,2016-10-01,1,45,True
2016-10-01 02:05:00,0,0,2,"[02:05:00,02:25:00)",6,1,2016-10-01,2,5,True
2016-10-01 02:25:00,1,0,2,"[02:25:00,02:45:00)",6,1,2016-10-01,2,25,True
2016-10-01 02:45:00,1,0,2,"[02:45:00,03:05:00)",6,1,2016-10-01,2,45,True
2016-10-01 03:05:00,1,0,2,"[03:05:00,03:25:00)",6,1,2016-10-01,3,5,True
2016-10-01 03:25:00,3,0,2,"[03:25:00,03:45:00)",6,1,2016-10-01,3,25,True
2016-10-01 03:45:00,1,0,2,"[03:45:00,04:05:00)",6,1,2016-10-01,3,45,True
2016-10-01 04:05:00,3,0,2,"[04:05:00,04:25:00)",6,1,2016-10-01,4,5,True
2016-10-01 04:25:00,2,0,2,"[04:25:00,04:45:00)",6,1,2016-10-01,4,25,True
2016-10-01 04:45:00,4,0,2,"[04:45:00,05:05:00)",6,1,2016-10-01,4,45,True
2016-10-01 05:05:00,4,0,2,"[05:05:00,05:25:00)",6,1,2016-10-01,5,5,True
2016-10-01 05:25:00,14,0,2,"[05:25:00,05:45:00)",6,1,2016-10-01,5,25,True
2016-10-01 05:45:00,13,0,2,"[05:45:00,06:05:00)",6,1,2016-10-01,5,45,True
2016-10-01 06:05:00,13,0,2,"[06:05:00,06:25:00)",6,1,2016-10-01,6,5,True
2016-10-01 06:25:00,9,0,2,"[06:25:00,06:45:00)",6,1,2016-10-01,6,25,True
2016-10-01 06:45:00,17,0,2,"[06:45:00,07:05:00)",6,1,2016-10-01,6,45,True
2016-10-01 07:05:00,20,0,2,"[07:05:00,07:25:00)",6,1,2016-10-01,7,5,True
2016-10-01 07:25:00,11,0,2,"[07:25:00,07:45:00)",6,1,2016-10-01,7,25,True
2016-10-01 07:45:00,20,0,2,"[07:45:00,08:05:00)",6,1,2016-10-01,7,45,True
2016-10-01 08:05:00,17,0,2,"[08:05:00,08:25:00)",6,1,2016-10-01,8,5,True
2016-10-01 08:25:00,9,0,2,"[08:25:00,08:45:00)",6,1,2016-10-01,8,25,True
2016-10-01 08:45:00,9,0,2,"[08:45:00,09:05:00)",6,1,2016-10-01,8,45,True
2016-10-01 09:05:00,10,0,2,"[09:05:00,09:25:00)",6,1,2016-10-01,9,5,True
2016-10-01 09:25:00,15,0,2,"[09:25:00,09:45:00)",6,1,2016-10-01,9,25,True
2016-10-01 09:45:00,12,0,2,"[09:45:00,10:05:00)",6,1,2016-10-01,9,45,True
2016-10-01 10:05:00,7,0,2,"[10:05:00,10:25:00)",6,1,2016-10-01,10,5,True
2016-10-01 10:25:00,11,0,2,"[10:25:00,10:45:00)",6,1,2016-10-01,10,25,True
2016-10-01 10:45:00,16,0,2,"[10:45:00,11:05:00)",6,1,2016-10-01,10,45,True
2016-10-01 11:05:00,10,0,2,"[11:05:00,11:25:00)",6,1,2016-10-01,11,5,True
2016-10-01 11:25:00,13,0,2,"[11:25:00,11:45:00)",6,1,2016-10-01,11,25,True
2016-10-01 11:45:00,12,0,2,"[11:45:00,12:05:00)",6,1,2016-10-01,11,45,True
2016-10-01 12:05:00,12,0,2,"[12:05:00,12:25:00)",6,1,2016-10-01,12,5,True
2016-10-01 12:25:00,6,0,2,"[12:25:00,12:45:00)",6,1,2016-10-01,12,25,True
2016-10-01 12:45:00,13,0,2,"[12:45:00,13:05:00)",6,1,2016-10-01,12,45,True
2016-10-01 13:05:00,4,0,2,"[13:05:00,13:25:00)",6,1,2016-10-01,13,5,True
2016-10-01 13:25:00,13,0,2,"[13:25:00,13:45:00)",6,1,2016-10-01,13,25,True
2016-10-01 13:45:00,19,0,2,"[13:45:00,14:05:00)",6,1,2016-10-01,13,45,True
2016-10-01 14:05:00,15,0,2,"[14:05:00,14:25:00)",6,1,2016-10-01,14,5,True
2016-10-01 14:25:00,5,0,2,"[14:25:00,14:45:00)",6,1,2016-10-01,14,25,True
2016-10-01 14:45:00,11,0,2,"[14:45:00,15:05:00)",6,1,2016-10-01,14,45,True
2016-10-01 15:05:00,10,0,2,"[15:05:00,15:25:00)",6,1,2016-10-01,15,5,True
2016-10-01 15:25:00,7,0,2,"[15:25:00,15:45:00)",6,1,2016-10-01,15,25,True
2016-10-01 15:45:00,11,0,2,"[15:45:00,16:05:00)",6,1,2016-10-01,15,45,True
2016-10-01 16:05:00,8,0,2,"[16:05:00,16:25:00)",6,1,2016-10-01,16,5,True
2016-10-01 16:25:00,12,0,2,"[16:25:00,16:45:00)",6,1,2016-10-01,16,25,True
2016-10-01 16:45:00,11,0,2,"[16:45:00,17:05:00)",6,1,2016-10-01,16,45,True
2016-10-01 17:05:00,14,0,2,"[17:05:00,17:25:00)",6,1,2016-10-01,17,5,True
2016-10-01 17:25:00,6,0,2,"[17:25:00,17:45:00)",6,1,2016-10-01,17,25,True
2016-10-01 17:45:00,7,0,2,"[17:45:00,18:05:00)",6,1,2016-10-01,17,45,True
2016-10-01 18:05:00,5,0,2,"[18:05:00,18:25:00)",6,1,2016-10-01,18,5,True
2016-10-01 18:25:00,7,0,2,"[18:25:00,18:45:00)",6,1,2016-10-01,18,25,True
2016-10-01 18:45:00,4,0,2,"[18:45:00,19:05:00)",6,1,2016-10-01,18,45,True
2016-10-01 19:05:00,2,0,2,"[19:05:00,19:25:00)",6,1,2016-10-01,19,5,True
2016-10-01 19:25:00,2,0,2,"[19:25:00,19:45:00)",6,1,2016-10-01,19,25,True
2016-10-01 19:45:00,2,0,2,"[19:45:00,20:05:00)",6,1,2016-10-01,19,45,True
2016-10-01 20:05:00,8,0,2,"[20:05:00,20:25:00)",6,1,2016-10-01,20,5,True
2016-10-01 20:25:00,1,0,2,"[20:25:00,20:45:00)",6,1,2016-10-01,20,25,True
2016-10-01 20:45:00,3,0,2,"[20:45:00,21:05:00)",6,1,2016-10-01,20,45,True
2016-10-01 21:05:00,4,0,2,"[21:05:00,21:25:00)",6,1,2016-10-01,21,5,True
2016-10-01 21:25:00,1,0,2,"[21:25:00,21:45:00)",6,1,2016-10-01,21,25,True
2016-10-01 21:45:00,3,0,2,"[21:45:00,22:05:00)",6,1,2016-10-01,21,45,True
2016-10-01 22:05:00,4,0,2,"[22:05:00,22:25:00)",6,1,2016-10-01,22,5,True
2016-10-01 22:25:00,0,0,2,"[22:25:00,22:45:00)",6,1,2016-10-01,22,25,True
2016-10-01 22:45:00,2,0,2,"[22:45:00,23:05:00)",6,1,2016-10-01,22,45,True
2016-10-01 23:05:00,0,0,2,"[23:05:00,23:25:00)",6,1,2016-10-01,23,5,True
2016-10-01 23:25:00,2,0,2,"[23:25:00,23:45:00)",6,1,2016-10-01,23,25,True
2016-10-01 23:45:00,3,0,2,"[23:45:00,00:00:00)",6,1,2016-10-01,23,45,True
2016-10-02 00:05:00,0,0,2,"[00:05:00,00:25:00)",7,1,2016-10-02,0,5,True
2016-10-02 00:25:00,0,0,2,"[00:25:00,00:45:00)",7,1,2016-10-02,0,25,True
2016-10-02 00:45:00,0,0,2,"[00:45:00,01:05:00)",7,1,2016-10-02,0,45,True
2016-10-02 01:05:00,0,0,2,"[01:05:00,01:25:00)",7,1,2016-10-02,1,5,True
2016-10-02 01:25:00,0,0,2,"[01:25:00,01:45:00)",7,1,2016-10-02,1,25,True
2016-10-02 01:45:00,0,0,2,"[01:45:00,02:05:00)",7,1,2016-10-02,1,45,True
2016-10-02 02:05:00,0,0,2,"[02:05:00,02:25:00)",7,1,2016-10-02,2,5,True
2016-10-02 02:25:00,0,0,2,"[02:25:00,02:45:00)",7,1,2016-10-02,2,25,True
2016-10-02 02:45:00,0,0,2,"[02:45:00,03:05:00)",7,1,2016-10-02,2,45,True
2016-10-02 03:05:00,0,0,2,"[03:05:00,03:25:00)",7,1,2016-10-02,3,5,True
2016-10-02 03:25:00,0,0,2,"[03:25:00,03:45:00)",7,1,2016-10-02,3,25,True
2016-10-02 03:45:00,0,0,2,"[03:45:00,04:05:00)",7,1,2016-10-02,3,45,True
2016-10-02 04:05:00,0,0,2,"[04:05:00,04:25:00)",7,1,2016-10-02,4,5,True
2016-10-02 04:25:00,0,0,2,"[04:25:00,04:45:00)",7,1,2016-10-02,4,25,True
2016-10-02 04:45:00,0,0,2,"[04:45:00,05:05:00)",7,1,2016-10-02,4,45,True
2016-10-02 05:05:00,0,0,2,"[05:05:00,05:25:00)",7,1,2016-10-02,5,5,True
2016-10-02 05:25:00,0,0,2,"[05:25:00,05:45:00)",7,1,2016-10-02,5,25,True
2016-10-02 05:45:00,0,0,2,"[05:45:00,06:05:00)",7,1,2016-10-02,5,45,True
2016-10-02 06:05:00,0,0,2,"[06:05:00,06:25:00)",7,1,2016-10-02,6,5,True
2016-10-02 06:25:00,0,0,2,"[06:25:00,06:45:00)",7,1,2016-10-02,6,25,True
2016-10-02 06:45:00,0,0,2,"[06:45:00,07:05:00)",7,1,2016-10-02,6,45,True
2016-10-02 07:05:00,0,0,2,"[07:05:00,07:25:00)",7,1,2016-10-02,7,5,True
2016-10-02 07:25:00,0,0,2,"[07:25:00,07:45:00)",7,1,2016-10-02,7,25,True
2016-10-02 07:45:00,0,0,2,"[07:45:00,08:05:00)",7,1,2016-10-02,7,45,True
2016-10-02 08:05:00,0,0,2,"[08:05:00,08:25:00)",7,1,2016-10-02,8,5,True
2016-10-02 08:25:00,16,0,2,"[08:25:00,08:45:00)",7,1,2016-10-02,8,25,True
2016-10-02 08:45:00,20,0,2,"[08:45:00,09:05:00)",7,1,2016-10-02,8,45,True
2016-10-02 09:05:00,13,0,2,"[09:05:00,09:25:00)",7,1,2016-10-02,9,5,True
2016-10-02 09:25:00,12,0,2,"[09:25:00,09:45:00)",7,1,2016-10-02,9,25,True
2016-10-02 09:45:00,5,0,2,"[09:45:00,10:05:00)",7,1,2016-10-02,9,45,True
2016-10-02 10:05:00,0,0,2,"[10:05:00,10:25:00)",7,1,2016-10-02,10,5,True
2016-10-02 10:25:00,1,0,2,"[10:25:00,10:45:00)",7,1,2016-10-02,10,25,True
2016-10-02 10:45:00,10,0,2,"[10:45:00,11:05:00)",7,1,2016-10-02,10,45,True
2016-10-02 11:05:00,5,0,2,"[11:05:00,11:25:00)",7,1,2016-10-02,11,5,True
2016-10-02 11:25:00,10,0,2,"[11:25:00,11:45:00)",7,1,2016-10-02,11,25,True
2016-10-02 11:45:00,8,0,2,"[11:45:00,12:05:00)",7,1,2016-10-02,11,45,True
2016-10-02 12:05:00,9,0,2,"[12:05:00,12:25:00)",7,1,2016-10-02,12,5,True
2016-10-02 12:25:00,3,0,2,"[12:25:00,12:45:00)",7,1,2016-10-02,12,25,True
2016-10-02 12:45:00,4,0,2,"[12:45:00,13:05:00)",7,1,2016-10-02,12,45,True
2016-10-02 13:05:00,13,0,2,"[13:05:00,13:25:00)",7,1,2016-10-02,13,5,True
2016-10-02 13:25:00,7,0,2,"[13:25:00,13:45:00)",7,1,2016-10-02,13,25,True
2016-10-02 13:45:00,6,0,2,"[13:45:00,14:05:00)",7,1,2016-10-02,13,45,True
2016-10-02 14:05:00,6,0,2,"[14:05:00,14:25:00)",7,1,2016-10-02,14,5,True
2016-10-02 14:25:00,4,0,2,"[14:25:00,14:45:00)",7,1,2016-10-02,14,25,True
2016-10-02 14:45:00,9,0,2,"[14:45:00,15:05:00)",7,1,2016-10-02,14,45,True
2016-10-02 15:05:00,8,0,2,"[15:05:00,15:25:00)",7,1,2016-10-02,15,5,True
2016-10-02 15:25:00,4,0,2,"[15:25:00,15:45:00)",7,1,2016-10-02,15,25,True
2016-10-02 15:45:00,12,0,2,"[15:45:00,16:05:00)",7,1,2016-10-02,15,45,True
2016-10-02 16:05:00,16,0,2,"[16:05:00,16:25:00)",7,1,2016-10-02,16,5,True
2016-10-02 16:25:00,7,0,2,"[16:25:00,16:45:00)",7,1,2016-10-02,16,25,True
2016-10-02 16:45:00,9,0,2,"[16:45:00,17:05:00)",7,1,2016-10-02,16,45,True
2016-10-02 17:05:00,12,0,2,"[17:05:00,17:25:00)",7,1,2016-10-02,17,5,True
2016-10-02 17:25:00,6,0,2,"[17:25:00,17:45:00)",7,1,2016-10-02,17,25,True
2016-10-02 17:45:00,4,0,2,"[17:45:00,18:05:00)",7,1,2016-10-02,17,45,True
2016-10-02 18:05:00,2,0,2,"[18:05:00,18:25:00)",7,1,2016-10-02,18,5,True
2016-10-02 18:25:00,4,0,2,"[18:25:00,18:45:00)",7,1,2016-10-02,18,25,True
2016-10-02 18:45:00,2,0,2,"[18:45:00,19:05:00)",7,1,2016-10-02,18,45,True
2016-10-02 19:05:00,1,0,2,"[19:05:00,19:25:00)",7,1,2016-10-02,19,5,True
2016-10-02 19:25:00,9,0,2,"[19:25:00,19:45:00)",7,1,2016-10-02,19,25,True
2016-10-02 19:45:00,3,0,2,"[19:45:00,20:05:00)",7,1,2016-10-02,19,45,True
2016-10-02 20:05:00,7,0,2,"[20:05:00,20:25:00)",7,1,2016-10-02,20,5,True
2016-10-02 20:25:00,5,0,2,"[20:25:00,20:45:00)",7,1,2016-10-02,20,25,True
2016-10-02 20:45:00,0,0,2,"[20:45:00,21:05:00)",7,1,2016-10-02,20,45,True
2016-10-02 21:05:00,1,0,2,"[21:05:00,21:25:00)",7,1,2016-10-02,21,5,True
2016-10-02 21:25:00,1,0,2,"[21:25:00,21:45:00)",7,1,2016-10-02,21,25,True
2016-10-02 21:45:00,2,0,2,"[21:45:00,22:05:00)",7,1,2016-10-02,21,45,True
2016-10-02 22:05:00,1,0,2,"[22:05:00,22:25:00)",7,1,2016-10-02,22,5,True
2016-10-02 22:25:00,0,0,2,"[22:25:00,22:45:00)",7,1,2016-10-02,22,25,True
2016-10-02 22:45:00,0,0,2,"[22:45:00,23:05:00)",7,1,2016-10-02,22,45,True
2016-10-02 23:05:00,0,0,2,"[23:05:00,23:25:00)",7,1,2016-10-02,23,5,True
2016-10-02 23:25:00,0,0,2,"[23:25:00,23:45:00)",7,1,2016-10-02,23,25,True
2016-10-02 23:45:00,0,0,2,"[23:45:00,00:00:00)",7,1,2016-10-02,23,45,True
2016-10-03 00:05:00,0,0,2,"[00:05:00,00:25:00)",1,0,2016-10-03,0,5,True
2016-10-03 00:25:00,1,0,2,"[00:25:00,00:45:00)",1,0,2016-10-03,0,25,True
2016-10-03 00:45:00,0,0,2,"[00:45:00,01:05:00)",1,0,2016-10-03,0,45,True
2016-10-03 01:05:00,0,0,2,"[01:05:00,01:25:00)",1,0,2016-10-03,1,5,True
2016-10-03 01:25:00,0,0,2,"[01:25:00,01:45:00)",1,0,2016-10-03,1,25,True
2016-10-03 01:45:00,0,0,2,"[01:45:00,02:05:00)",1,0,2016-10-03,1,45,True
2016-10-03 02:05:00,0,0,2,"[02:05:00,02:25:00)",1,0,2016-10-03,2,5,True
2016-10-03 02:25:00,0,0,2,"[02:25:00,02:45:00)",1,0,2016-10-03,2,25,True
2016-10-03 02:45:00,0,0,2,"[02:45:00,03:05:00)",1,0,2016-10-03,2,45,True
2016-10-03 03:05:00,0,0,2,"[03:05:00,03:25:00)",1,0,2016-10-03,3,5,True
2016-10-03 03:25:00,0,0,2,"[03:25:00,03:45:00)",1,0,2016-10-03,3,25,True
2016-10-03 03:45:00,0,0,2,"[03:45:00,04:05:00)",1,0,2016-10-03,3,45,True
2016-10-03 04:05:00,0,0,2,"[04:05:00,04:25:00)",1,0,2016-10-03,4,5,True
2016-10-03 04:25:00,0,0,2,"[04:25:00,04:45:00)",1,0,2016-10-03,4,25,True
2016-10-03 04:45:00,0,0,2,"[04:45:00,05:05:00)",1,0,2016-10-03,4,45,True
2016-10-03 05:05:00,0,0,2,"[05:05:00,05:25:00)",1,0,2016-10-03,5,5,True
2016-10-03 05:25:00,2,0,2,"[05:25:00,05:45:00)",1,0,2016-10-03,5,25,True
2016-10-03 05:45:00,1,0,2,"[05:45:00,06:05:00)",1,0,2016-10-03,5,45,True
2016-10-03 06:05:00,0,0,2,"[06:05:00,06:25:00)",1,0,2016-10-03,6,5,True
2016-10-03 06:25:00,4,0,2,"[06:25:00,06:45:00)",1,0,2016-10-03,6,25,True
2016-10-03 06:45:00,3,0,2,"[06:45:00,07:05:00)",1,0,2016-10-03,6,45,True
2016-10-03 07:05:00,3,0,2,"[07:05:00,07:25:00)",1,0,2016-10-03,7,5,True
2016-10-03 07:25:00,4,0,2,"[07:25:00,07:45:00)",1,0,2016-10-03,7,25,True
2016-10-03 07:45:00,9,0,2,"[07:45:00,08:05:00)",1,0,2016-10-03,7,45,True
2016-10-03 08:05:00,6,0,2,"[08:05:00,08:25:00)",1,0,2016-10-03,8,5,True
2016-10-03 08:25:00,9,0,2,"[08:25:00,08:45:00)",1,0,2016-10-03,8,25,True
2016-10-03 08:45:00,3,0,2,"[08:45:00,09:05:00)",1,0,2016-10-03,8,45,True
2016-10-03 09:05:00,0,0,2,"[09:05:00,09:25:00)",1,0,2016-10-03,9,5,True
2016-10-03 09:25:00,0,0,2,"[09:25:00,09:45:00)",1,0,2016-10-03,9,25,True
2016-10-03 09:45:00,0,0,2,"[09:45:00,10:05:00)",1,0,2016-10-03,9,45,True
2016-10-03 10:05:00,0,0,2,"[10:05:00,10:25:00)",1,0,2016-10-03,10,5,True
2016-10-03 10:25:00,0,0,2,"[10:25:00,10:45:00)",1,0,2016-10-03,10,25,True
2016-10-03 10:45:00,0,0,2,"[10:45:00,11:05:00)",1,0,2016-10-03,10,45,True
2016-10-03 11:05:00,4,0,2,"[11:05:00,11:25:00)",1,0,2016-10-03,11,5,True
2016-10-03 11:25:00,4,0,2,"[11:25:00,11:45:00)",1,0,2016-10-03,11,25,True
2016-10-03 11:45:00,6,0,2,"[11:45:00,12:05:00)",1,0,2016-10-03,11,45,True
2016-10-03 12:05:00,6,0,2,"[12:05:00,12:25:00)",1,0,2016-10-03,12,5,True
2016-10-03 12:25:00,6,0,2,"[12:25:00,12:45:00)",1,0,2016-10-03,12,25,True
2016-10-03 12:45:00,10,0,2,"[12:45:00,13:05:00)",1,0,2016-10-03,12,45,True
2016-10-03 13:05:00,5,0,2,"[13:05:00,13:25:00)",1,0,2016-10-03,13,5,True
2016-10-03 13:25:00,13,0,2,"[13:25:00,13:45:00)",1,0,2016-10-03,13,25,True
2016-10-03 13:45:00,8,0,2,"[13:45:00,14:05:00)",1,0,2016-10-03,13,45,True
2016-10-03 14:05:00,10,0,2,"[14:05:00,14:25:00)",1,0,2016-10-03,14,5,True
2016-10-03 14:25:00,8,0,2,"[14:25:00,14:45:00)",1,0,2016-10-03,14,25,True
2016-10-03 14:45:00,12,0,2,"[14:45:00,15:05:00)",1,0,2016-10-03,14,45,True
2016-10-03 15:05:00,6,0,2,"[15:05:00,15:25:00)",1,0,2016-10-03,15,5,True
2016-10-03 15:25:00,7,0,2,"[15:25:00,15:45:00)",1,0,2016-10-03,15,25,True
2016-10-03 15:45:00,6,0,2,"[15:45:00,16:05:00)",1,0,2016-10-03,15,45,True
2016-10-03 16:05:00,3,0,2,"[16:05:00,16:25:00)",1,0,2016-10-03,16,5,True
2016-10-03 16:25:00,2,0,2,"[16:25:00,16:45:00)",1,0,2016-10-03,16,25,True
2016-10-03 16:45:00,9,0,2,"[16:45:00,17:05:00)",1,0,2016-10-03,16,45,True
2016-10-03 17:05:00,7,0,2,"[17:05:00,17:25:00)",1,0,2016-10-03,17,5,True
2016-10-03 17:25:00,5,0,2,"[17:25:00,17:45:00)",1,0,2016-10-03,17,25,True
2016-10-03 17:45:00,4,0,2,"[17:45:00,18:05:00)",1,0,2016-10-03,17,45,True
2016-10-03 18:05:00,4,0,2,"[18:05:00,18:25:00)",1,0,2016-10-03,18,5,True
2016-10-03 18:25:00,10,0,2,"[18:25:00,18:45:00)",1,0,2016-10-03,18,25,True
2016-10-03 18:45:00,3,0,2,"[18:45:00,19:05:00)",1,0,2016-10-03,18,45,True
2016-10-03 19:05:00,3,0,2,"[19:05:00,19:25:00)",1,0,2016-10-03,19,5,True
2016-10-03 19:25:00,2,0,2,"[19:25:00,19:45:00)",1,0,2016-10-03,19,25,True
2016-10-03 19:45:00,6,0,2,"[19:45:00,20:05:00)",1,0,2016-10-03,19,45,True
2016-10-03 20:05:00,3,0,2,"[20:05:00,20:25:00)",1,0,2016-10-03,20,5,True
2016-10-03 20:25:00,5,0,2,"[20:25:00,20:45:00)",1,0,2016-10-03,20,25,True
2016-10-03 20:45:00,3,0,2,"[20:45:00,21:05:00)",1,0,2016-10-03,20,45,True
2016-10-03 21:05:00,3,0,2,"[21:05:00,21:25:00)",1,0,2016-10-03,21,5,True
2016-10-03 21:25:00,3,0,2,"[21:25:00,21:45:00)",1,0,2016-10-03,21,25,True
2016-10-03 21:45:00,0,0,2,"[21:45:00,22:05:00)",1,0,2016-10-03,21,45,True
2016-10-03 22:05:00,1,0,2,"[22:05:00,22:25:00)",1,0,2016-10-03,22,5,True
2016-10-03 22:25:00,0,0,2,"[22:25:00,22:45:00)",1,0,2016-10-03,22,25,True
2016-10-03 22:45:00,0,0,2,"[22:45:00,23:05:00)",1,0,2016-10-03,22,45,True
2016-10-03 23:05:00,1,0,2,"[23:05:00,23:25:00)",1,0,2016-10-03,23,5,True
2016-10-03 23:25:00,2,0,2,"[23:25:00,23:45:00)",1,0,2016-10-03,23,25,True
2016-10-03 23:45:00,2,0,2,"[23:45:00,00:00:00)",1,0,2016-10-03,23,45,True
2016-10-04 00:05:00,0,0,2,"[00:05:00,00:25:00)",2,0,2016-10-04,0,5,True
2016-10-04 00:25:00,0,0,2,"[00:25:00,00:45:00)",2,0,2016-10-04,0,25,True
2016-10-04 00:45:00,0,0,2,"[00:45:00,01:05:00)",2,0,2016-10-04,0,45,True
2016-10-04 01:05:00,0,0,2,"[01:05:00,01:25:00)",2,0,2016-10-04,1,5,True
2016-10-04 01:25:00,1,0,2,"[01:25:00,01:45:00)",2,0,2016-10-04,1,25,True
2016-10-04 01:45:00,0,0,2,"[01:45:00,02:05:00)",2,0,2016-10-04,1,45,True
2016-10-04 02:05:00,0,0,2,"[02:05:00,02:25:00)",2,0,2016-10-04,2,5,True
2016-10-04 02:25:00,0,0,2,"[02:25:00,02:45:00)",2,0,2016-10-04,2,25,True
2016-10-04 02:45:00,0,0,2,"[02:45:00,03:05:00)",2,0,2016-10-04,2,45,True
2016-10-04 03:05:00,0,0,2,"[03:05:00,03:25:00)",2,0,2016-10-04,3,5,True
2016-10-04 03:25:00,1,0,2,"[03:25:00,03:45:00)",2,0,2016-10-04,3,25,True
2016-10-04 03:45:00,0,0,2,"[03:45:00,04:05:00)",2,0,2016-10-04,3,45,True
2016-10-04 04:05:00,0,0,2,"[04:05:00,04:25:00)",2,0,2016-10-04,4,5,True
2016-10-04 04:25:00,0,0,2,"[04:25:00,04:45:00)",2,0,2016-10-04,4,25,True
2016-10-04 04:45:00,0,0,2,"[04:45:00,05:05:00)",2,0,2016-10-04,4,45,True
2016-10-04 05:05:00,0,0,2,"[05:05:00,05:25:00)",2,0,2016-10-04,5,5,True
2016-10-04 05:25:00,1,0,2,"[05:25:00,05:45:00)",2,0,2016-10-04,5,25,True
2016-10-04 05:45:00,0,0,2,"[05:45:00,06:05:00)",2,0,2016-10-04,5,45,True
2016-10-04 06:05:00,2,0,2,"[06:05:00,06:25:00)",2,0,2016-10-04,6,5,True
2016-10-04 06:25:00,1,0,2,"[06:25:00,06:45:00)",2,0,2016-10-04,6,25,True
2016-10-04 06:45:00,3,0,2,"[06:45:00,07:05:00)",2,0,2016-10-04,6,45,True
2016-10-04 07:05:00,5,0,2,"[07:05:00,07:25:00)",2,0,2016-10-04,7,5,True
2016-10-04 07:25:00,8,0,2,"[07:25:00,07:45:00)",2,0,2016-10-04,7,25,True
2016-10-04 07:45:00,3,0,2,"[07:45:00,08:05:00)",2,0,2016-10-04,7,45,True
2016-10-04 08:05:00,7,0,2,"[08:05:00,08:25:00)",2,0,2016-10-04,8,5,True
2016-10-04 08:25:00,5,0,2,"[08:25:00,08:45:00)",2,0,2016-10-04,8,25,True
2016-10-04 08:45:00,8,0,2,"[08:45:00,09:05:00)",2,0,2016-10-04,8,45,True
2016-10-04 09:05:00,13,0,2,"[09:05:00,09:25:00)",2,0,2016-10-04,9,5,True
2016-10-04 09:25:00,10,0,2,"[09:25:00,09:45:00)",2,0,2016-10-04,9,25,True
2016-10-04 09:45:00,11,0,2,"[09:45:00,10:05:00)",2,0,2016-10-04,9,45,True
2016-10-04 10:05:00,11,0,2,"[10:05:00,10:25:00)",2,0,2016-10-04,10,5,True
2016-10-04 10:25:00,13,0,2,"[10:25:00,10:45:00)",2,0,2016-10-04,10,25,True
2016-10-04 10:45:00,10,0,2,"[10:45:00,11:05:00)",2,0,2016-10-04,10,45,True
2016-10-04 11:05:00,9,0,2,"[11:05:00,11:25:00)",2,0,2016-10-04,11,5,True
2016-10-04 11:25:00,13,0,2,"[11:25:00,11:45:00)",2,0,2016-10-04,11,25,True
2016-10-04 11:45:00,8,0,2,"[11:45:00,12:05:00)",2,0,2016-10-04,11,45,True
2016-10-04 12:05:00,11,0,2,"[12:05:00,12:25:00)",2,0,2016-10-04,12,5,True
2016-10-04 12:25:00,9,0,2,"[12:25:00,12:45:00)",2,0,2016-10-04,12,25,True
2016-10-04 12:45:00,7,0,2,"[12:45:00,13:05:00)",2,0,2016-10-04,12,45,True
2016-10-04 13:05:00,7,0,2,"[13:05:00,13:25:00)",2,0,2016-10-04,13,5,True
2016-10-04 13:25:00,20,0,2,"[13:25:00,13:45:00)",2,0,2016-10-04,13,25,True
2016-10-04 13:45:00,8,0,2,"[13:45:00,14:05:00)",2,0,2016-10-04,13,45,True
2016-10-04 14:05:00,12,0,2,"[14:05:00,14:25:00)",2,0,2016-10-04,14,5,True
2016-10-04 14:25:00,12,0,2,"[14:25:00,14:45:00)",2,0,2016-10-04,14,25,True
2016-10-04 14:45:00,21,0,2,"[14:45:00,15:05:00)",2,0,2016-10-04,14,45,True
2016-10-04 15:05:00,16,0,2,"[15:05:00,15:25:00)",2,0,2016-10-04,15,5,True
2016-10-04 15:25:00,11,0,2,"[15:25:00,15:45:00)",2,0,2016-10-04,15,25,True
2016-10-04 15:45:00,14,0,2,"[15:45:00,16:05:00)",2,0,2016-10-04,15,45,True
2016-10-04 16:05:00,19,0,2,"[16:05:00,16:25:00)",2,0,2016-10-04,16,5,True
2016-10-04 16:25:00,10,0,2,"[16:25:00,16:45:00)",2,0,2016-10-04,16,25,True
2016-10-04 16:45:00,17,0,2,"[16:45:00,17:05:00)",2,0,2016-10-04,16,45,True
2016-10-04 17:05:00,20,0,2,"[17:05:00,17:25:00)",2,0,2016-10-04,17,5,True
2016-10-04 17:25:00,10,0,2,"[17:25:00,17:45:00)",2,0,2016-10-04,17,25,True
2016-10-04 17:45:00,8,0,2,"[17:45:00,18:05:00)",2,0,2016-10-04,17,45,True
2016-10-04 18:05:00,5,0,2,"[18:05:00,18:25:00)",2,0,2016-10-04,18,5,True
2016-10-04 18:25:00,9,0,2,"[18:25:00,18:45:00)",2,0,2016-10-04,18,25,True
2016-10-04 18:45:00,7,0,2,"[18:45:00,19:05:00)",2,0,2016-10-04,18,45,True
2016-10-04 19:05:00,8,0,2,"[19:05:00,19:25:00)",2,0,2016-10-04,19,5,True
2016-10-04 19:25:00,5,0,2,"[19:25:00,19:45:00)",2,0,2016-10-04,19,25,True
2016-10-04 19:45:00,10,0,2,"[19:45:00,20:05:00)",2,0,2016-10-04,19,45,True
2016-10-04 20:05:00,3,0,2,"[20:05:00,20:25:00)",2,0,2016-10-04,20,5,True
2016-10-04 20:25:00,5,0,2,"[20:25:00,20:45:00)",2,0,2016-10-04,20,25,True
2016-10-04 20:45:00,4,0,2,"[20:45:00,21:05:00)",2,0,2016-10-04,20,45,True
2016-10-04 21:05:00,3,0,2,"[21:05:00,21:25:00)",2,0,2016-10-04,21,5,True
2016-10-04 21:25:00,4,0,2,"[21:25:00,21:45:00)",2,0,2016-10-04,21,25,True
2016-10-04 21:45:00,0,0,2,"[21:45:00,22:05:00)",2,0,2016-10-04,21,45,True
2016-10-04 22:05:00,1,0,2,"[22:05:00,22:25:00)",2,0,2016-10-04,22,5,True
2016-10-04 22:25:00,1,0,2,"[22:25:00,22:45:00)",2,0,2016-10-04,22,25,True
2016-10-04 22:45:00,4,0,2,"[22:45:00,23:05:00)",2,0,2016-10-04,22,45,True
2016-10-04 23:05:00,0,0,2,"[23:05:00,23:25:00)",2,0,2016-10-04,23,5,True
2016-10-04 23:25:00,0,0,2,"[23:25:00,23:45:00)",2,0,2016-10-04,23,25,True
2016-10-04 23:45:00,0,0,2,"[23:45:00,00:00:00)",2,0,2016-10-04,23,45,True
2016-10-05 00:05:00,0,0,2,"[00:05:00,00:25:00)",3,0,2016-10-05,0,5,True
2016-10-05 00:25:00,0,0,2,"[00:25:00,00:45:00)",3,0,2016-10-05,0,25,True
2016-10-05 00:45:00,0,0,2,"[00:45:00,01:05:00)",3,0,2016-10-05,0,45,True
2016-10-05 01:05:00,1,0,2,"[01:05:00,01:25:00)",3,0,2016-10-05,1,5,True
2016-10-05 01:25:00,1,0,2,"[01:25:00,01:45:00)",3,0,2016-10-05,1,25,True
2016-10-05 01:45:00,1,0,2,"[01:45:00,02:05:00)",3,0,2016-10-05,1,45,True
2016-10-05 02:05:00,0,0,2,"[02:05:00,02:25:00)",3,0,2016-10-05,2,5,True
2016-10-05 02:25:00,0,0,2,"[02:25:00,02:45:00)",3,0,2016-10-05,2,25,True
2016-10-05 02:45:00,0,0,2,"[02:45:00,03:05:00)",3,0,2016-10-05,2,45,True
2016-10-05 03:05:00,0,0,2,"[03:05:00,03:25:00)",3,0,2016-10-05,3,5,True
2016-10-05 03:25:00,0,0,2,"[03:25:00,03:45:00)",3,0,2016-10-05,3,25,True
2016-10-05 03:45:00,0,0,2,"[03:45:00,04:05:00)",3,0,2016-10-05,3,45,True
2016-10-05 04:05:00,1,0,2,"[04:05:00,04:25:00)",3,0,2016-10-05,4,5,True
2016-10-05 04:25:00,1,0,2,"[04:25:00,04:45:00)",3,0,2016-10-05,4,25,True
2016-10-05 04:45:00,2,0,2,"[04:45:00,05:05:00)",3,0,2016-10-05,4,45,True
2016-10-05 05:05:00,0,0,2,"[05:05:00,05:25:00)",3,0,2016-10-05,5,5,True
2016-10-05 05:25:00,0,0,2,"[05:25:00,05:45:00)",3,0,2016-10-05,5,25,True
2016-10-05 05:45:00,0,0,2,"[05:45:00,06:05:00)",3,0,2016-10-05,5,45,True
2016-10-05 06:05:00,2,0,2,"[06:05:00,06:25:00)",3,0,2016-10-05,6,5,True
2016-10-05 06:25:00,2,0,2,"[06:25:00,06:45:00)",3,0,2016-10-05,6,25,True
2016-10-05 06:45:00,2,0,2,"[06:45:00,07:05:00)",3,0,2016-10-05,6,45,True
2016-10-05 07:05:00,5,0,2,"[07:05:00,07:25:00)",3,0,2016-10-05,7,5,True
2016-10-05 07:25:00,3,0,2,"[07:25:00,07:45:00)",3,0,2016-10-05,7,25,True
2016-10-05 07:45:00,4,0,2,"[07:45:00,08:05:00)",3,0,2016-10-05,7,45,True
2016-10-05 08:05:00,13,0,2,"[08:05:00,08:25:00)",3,0,2016-10-05,8,5,True
2016-10-05 08:25:00,13,0,2,"[08:25:00,08:45:00)",3,0,2016-10-05,8,25,True
2016-10-05 08:45:00,10,0,2,"[08:45:00,09:05:00)",3,0,2016-10-05,8,45,True
2016-10-05 09:05:00,10,0,2,"[09:05:00,09:25:00)",3,0,2016-10-05,9,5,True
2016-10-05 09:25:00,11,0,2,"[09:25:00,09:45:00)",3,0,2016-10-05,9,25,True
2016-10-05 09:45:00,7,0,2,"[09:45:00,10:05:00)",3,0,2016-10-05,9,45,True
2016-10-05 10:05:00,3,0,2,"[10:05:00,10:25:00)",3,0,2016-10-05,10,5,True
2016-10-05 10:25:00,14,0,2,"[10:25:00,10:45:00)",3,0,2016-10-05,10,25,True
2016-10-05 10:45:00,15,0,2,"[10:45:00,11:05:00)",3,0,2016-10-05,10,45,True
2016-10-05 11:05:00,16,0,2,"[11:05:00,11:25:00)",3,0,2016-10-05,11,5,True
2016-10-05 11:25:00,10,0,2,"[11:25:00,11:45:00)",3,0,2016-10-05,11,25,True
2016-10-05 11:45:00,14,0,2,"[11:45:00,12:05:00)",3,0,2016-10-05,11,45,True
2016-10-05 12:05:00,7,0,2,"[12:05:00,12:25:00)",3,0,2016-10-05,12,5,True
2016-10-05 12:25:00,6,0,2,"[12:25:00,12:45:00)",3,0,2016-10-05,12,25,True
2016-10-05 12:45:00,8,0,2,"[12:45:00,13:05:00)",3,0,2016-10-05,12,45,True
2016-10-05 13:05:00,13,0,2,"[13:05:00,13:25:00)",3,0,2016-10-05,13,5,True
2016-10-05 13:25:00,8,0,2,"[13:25:00,13:45:00)",3,0,2016-10-05,13,25,True
2016-10-05 13:45:00,17,0,2,"[13:45:00,14:05:00)",3,0,2016-10-05,13,45,True
2016-10-05 14:05:00,21,0,2,"[14:05:00,14:25:00)",3,0,2016-10-05,14,5,True
2016-10-05 14:25:00,11,0,2,"[14:25:00,14:45:00)",3,0,2016-10-05,14,25,True
2016-10-05 14:45:00,18,0,2,"[14:45:00,15:05:00)",3,0,2016-10-05,14,45,True
2016-10-05 15:05:00,16,0,2,"[15:05:00,15:25:00)",3,0,2016-10-05,15,5,True
2016-10-05 15:25:00,7,0,2,"[15:25:00,15:45:00)",3,0,2016-10-05,15,25,True
2016-10-05 15:45:00,18,0,2,"[15:45:00,16:05:00)",3,0,2016-10-05,15,45,True
2016-10-05 16:05:00,18,0,2,"[16:05:00,16:25:00)",3,0,2016-10-05,16,5,True
2016-10-05 16:25:00,21,0,2,"[16:25:00,16:45:00)",3,0,2016-10-05,16,25,True
2016-10-05 16:45:00,22,0,2,"[16:45:00,17:05:00)",3,0,2016-10-05,16,45,True
2016-10-05 17:05:00,19,0,2,"[17:05:00,17:25:00)",3,0,2016-10-05,17,5,True
2016-10-05 17:25:00,17,0,2,"[17:25:00,17:45:00)",3,0,2016-10-05,17,25,True
2016-10-05 17:45:00,8,0,2,"[17:45:00,18:05:00)",3,0,2016-10-05,17,45,True
2016-10-05 18:05:00,13,0,2,"[18:05:00,18:25:00)",3,0,2016-10-05,18,5,True
2016-10-05 18:25:00,9,0,2,"[18:25:00,18:45:00)",3,0,2016-10-05,18,25,True
2016-10-05 18:45:00,6,0,2,"[18:45:00,19:05:00)",3,0,2016-10-05,18,45,True
2016-10-05 19:05:00,2,0,2,"[19:05:00,19:25:00)",3,0,2016-10-05,19,5,True
2016-10-05 19:25:00,0,0,2,"[19:25:00,19:45:00)",3,0,2016-10-05,19,25,True
2016-10-05 19:45:00,0,0,2,"[19:45:00,20:05:00)",3,0,2016-10-05,19,45,True
2016-10-05 20:05:00,15,0,2,"[20:05:00,20:25:00)",3,0,2016-10-05,20,5,True
2016-10-05 20:25:00,6,0,2,"[20:25:00,20:45:00)",3,0,2016-10-05,20,25,True
2016-10-05 20:45:00,7,0,2,"[20:45:00,21:05:00)",3,0,2016-10-05,20,45,True
2016-10-05 21:05:00,7,0,2,"[21:05:00,21:25:00)",3,0,2016-10-05,21,5,True
2016-10-05 21:25:00,4,0,2,"[21:25:00,21:45:00)",3,0,2016-10-05,21,25,True
2016-10-05 21:45:00,4,0,2,"[21:45:00,22:05:00)",3,0,2016-10-05,21,45,True
2016-10-05 22:05:00,4,0,2,"[22:05:00,22:25:00)",3,0,2016-10-05,22,5,True
2016-10-05 22:25:00,2,0,2,"[22:25:00,22:45:00)",3,0,2016-10-05,22,25,True
2016-10-05 22:45:00,2,0,2,"[22:45:00,23:05:00)",3,0,2016-10-05,22,45,True
2016-10-05 23:05:00,0,0,2,"[23:05:00,23:25:00)",3,0,2016-10-05,23,5,True
2016-10-05 23:25:00,0,0,2,"[23:25:00,23:45:00)",3,0,2016-10-05,23,25,True
2016-10-05 23:45:00,0,0,2,"[23:45:00,00:00:00)",3,0,2016-10-05,23,45,True
2016-10-06 00:05:00,0,0,2,"[00:05:00,00:25:00)",4,0,2016-10-06,0,5,True
2016-10-06 00:25:00,0,0,2,"[00:25:00,00:45:00)",4,0,2016-10-06,0,25,True
2016-10-06 00:45:00,0,0,2,"[00:45:00,01:05:00)",4,0,2016-10-06,0,45,True
2016-10-06 01:05:00,1,0,2,"[01:05:00,01:25:00)",4,0,2016-10-06,1,5,True
2016-10-06 01:25:00,0,0,2,"[01:25:00,01:45:00)",4,0,2016-10-06,1,25,True
2016-10-06 01:45:00,1,0,2,"[01:45:00,02:05:00)",4,0,2016-10-06,1,45,True
2016-10-06 02:05:00,0,0,2,"[02:05:00,02:25:00)",4,0,2016-10-06,2,5,True
2016-10-06 02:25:00,0,0,2,"[02:25:00,02:45:00)",4,0,2016-10-06,2,25,True
2016-10-06 02:45:00,0,0,2,"[02:45:00,03:05:00)",4,0,2016-10-06,2,45,True
2016-10-06 03:05:00,0,0,2,"[03:05:00,03:25:00)",4,0,2016-10-06,3,5,True
2016-10-06 03:25:00,0,0,2,"[03:25:00,03:45:00)",4,0,2016-10-06,3,25,True
2016-10-06 03:45:00,0,0,2,"[03:45:00,04:05:00)",4,0,2016-10-06,3,45,True
2016-10-06 04:05:00,0,0,2,"[04:05:00,04:25:00)",4,0,2016-10-06,4,5,True
2016-10-06 04:25:00,0,0,2,"[04:25:00,04:45:00)",4,0,2016-10-06,4,25,True
2016-10-06 04:45:00,1,0,2,"[04:45:00,05:05:00)",4,0,2016-10-06,4,45,True
2016-10-06 05:05:00,0,0,2,"[05:05:00,05:25:00)",4,0,2016-10-06,5,5,True
2016-10-06 05:25:00,0,0,2,"[05:25:00,05:45:00)",4,0,2016-10-06,5,25,True
2016-10-06 05:45:00,0,0,2,"[05:45:00,06:05:00)",4,0,2016-10-06,5,45,True
2016-10-06 06:05:00,1,0,2,"[06:05:00,06:25:00)",4,0,2016-10-06,6,5,True
2016-10-06 06:25:00,1,0,2,"[06:25:00,06:45:00)",4,0,2016-10-06,6,25,True
2016-10-06 06:45:00,2,0,2,"[06:45:00,07:05:00)",4,0,2016-10-06,6,45,True
2016-10-06 07:05:00,4,0,2,"[07:05:00,07:25:00)",4,0,2016-10-06,7,5,True
2016-10-06 07:25:00,10,0,2,"[07:25:00,07:45:00)",4,0,2016-10-06,7,25,True
2016-10-06 07:45:00,9,0,2,"[07:45:00,08:05:00)",4,0,2016-10-06,7,45,True
2016-10-06 08:05:00,11,0,2,"[08:05:00,08:25:00)",4,0,2016-10-06,8,5,True
2016-10-06 08:25:00,6,0,2,"[08:25:00,08:45:00)",4,0,2016-10-06,8,25,True
2016-10-06 08:45:00,20,0,2,"[08:45:00,09:05:00)",4,0,2016-10-06,8,45,True
2016-10-06 09:05:00,15,0,2,"[09:05:00,09:25:00)",4,0,2016-10-06,9,5,True
2016-10-06 09:25:00,13,0,2,"[09:25:00,09:45:00)",4,0,2016-10-06,9,25,True
2016-10-06 09:45:00,12,0,2,"[09:45:00,10:05:00)",4,0,2016-10-06,9,45,True
2016-10-06 10:05:00,17,0,2,"[10:05:00,10:25:00)",4,0,2016-10-06,10,5,True
2016-10-06 10:25:00,7,0,2,"[10:25:00,10:45:00)",4,0,2016-10-06,10,25,True
2016-10-06 10:45:00,8,0,2,"[10:45:00,11:05:00)",4,0,2016-10-06,10,45,True
2016-10-06 11:05:00,16,0,2,"[11:05:00,11:25:00)",4,0,2016-10-06,11,5,True
2016-10-06 11:25:00,12,0,2,"[11:25:00,11:45:00)",4,0,2016-10-06,11,25,True
2016-10-06 11:45:00,10,0,2,"[11:45:00,12:05:00)",4,0,2016-10-06,11,45,True
2016-10-06 12:05:00,6,0,2,"[12:05:00,12:25:00)",4,0,2016-10-06,12,5,True
2016-10-06 12:25:00,9,0,2,"[12:25:00,12:45:00)",4,0,2016-10-06,12,25,True
2016-10-06 12:45:00,10,0,2,"[12:45:00,13:05:00)",4,0,2016-10-06,12,45,True
2016-10-06 13:05:00,14,0,2,"[13:05:00,13:25:00)",4,0,2016-10-06,13,5,True
2016-10-06 13:25:00,24,0,2,"[13:25:00,13:45:00)",4,0,2016-10-06,13,25,True
2016-10-06 13:45:00,14,0,2,"[13:45:00,14:05:00)",4,0,2016-10-06,13,45,True
2016-10-06 14:05:00,12,0,2,"[14:05:00,14:25:00)",4,0,2016-10-06,14,5,True
2016-10-06 14:25:00,16,0,2,"[14:25:00,14:45:00)",4,0,2016-10-06,14,25,True
2016-10-06 14:45:00,13,0,2,"[14:45:00,15:05:00)",4,0,2016-10-06,14,45,True
2016-10-06 15:05:00,25,0,2,"[15:05:00,15:25:00)",4,0,2016-10-06,15,5,True
2016-10-06 15:25:00,14,0,2,"[15:25:00,15:45:00)",4,0,2016-10-06,15,25,True
2016-10-06 15:45:00,16,0,2,"[15:45:00,16:05:00)",4,0,2016-10-06,15,45,True
2016-10-06 16:05:00,12,0,2,"[16:05:00,16:25:00)",4,0,2016-10-06,16,5,True
2016-10-06 16:25:00,20,0,2,"[16:25:00,16:45:00)",4,0,2016-10-06,16,25,True
2016-10-06 16:45:00,13,0,2,"[16:45:00,17:05:00)",4,0,2016-10-06,16,45,True
2016-10-06 17:05:00,16,0,2,"[17:05:00,17:25:00)",4,0,2016-10-06,17,5,True
2016-10-06 17:25:00,13,0,2,"[17:25:00,17:45:00)",4,0,2016-10-06,17,25,True
2016-10-06 17:45:00,14,0,2,"[17:45:00,18:05:00)",4,0,2016-10-06,17,45,True
2016-10-06 18:05:00,9,0,2,"[18:05:00,18:25:00)",4,0,2016-10-06,18,5,True
2016-10-06 18:25:00,8,0,2,"[18:25:00,18:45:00)",4,0,2016-10-06,18,25,True
2016-10-06 18:45:00,7,0,2,"[18:45:00,19:05:00)",4,0,2016-10-06,18,45,True
2016-10-06 19:05:00,10,0,2,"[19:05:00,19:25:00)",4,0,2016-10-06,19,5,True
2016-10-06 19:25:00,11,0,2,"[19:25:00,19:45:00)",4,0,2016-10-06,19,25,True
2016-10-06 19:45:00,12,0,2,"[19:45:00,20:05:00)",4,0,2016-10-06,19,45,True
2016-10-06 20:05:00,10,0,2,"[20:05:00,20:25:00)",4,0,2016-10-06,20,5,True
2016-10-06 20:25:00,4,0,2,"[20:25:00,20:45:00)",4,0,2016-10-06,20,25,True
2016-10-06 20:45:00,2,0,2,"[20:45:00,21:05:00)",4,0,2016-10-06,20,45,True
2016-10-06 21:05:00,1,0,2,"[21:05:00,21:25:00)",4,0,2016-10-06,21,5,True
2016-10-06 21:25:00,1,0,2,"[21:25:00,21:45:00)",4,0,2016-10-06,21,25,True
2016-10-06 21:45:00,0,0,2,"[21:45:00,22:05:00)",4,0,2016-10-06,21,45,True
2016-10-06 22:05:00,3,0,2,"[22:05:00,22:25:00)",4,0,2016-10-06,22,5,True
2016-10-06 22:25:00,0,0,2,"[22:25:00,22:45:00)",4,0,2016-10-06,22,25,True
2016-10-06 22:45:00,2,0,2,"[22:45:00,23:05:00)",4,0,2016-10-06,22,45,True
2016-10-06 23:05:00,0,0,2,"[23:05:00,23:25:00)",4,0,2016-10-06,23,5,True
2016-10-06 23:25:00,0,0,2,"[23:25:00,23:45:00)",4,0,2016-10-06,23,25,True
2016-10-06 23:45:00,0,0,2,"[23:45:00,00:00:00)",4,0,2016-10-06,23,45,True
2016-10-07 00:05:00,0,0,2,"[00:05:00,00:25:00)",5,0,2016-10-07,0,5,True
2016-10-07 00:25:00,0,0,2,"[00:25:00,00:45:00)",5,0,2016-10-07,0,25,True
2016-10-07 00:45:00,0,0,2,"[00:45:00,01:05:00)",5,0,2016-10-07,0,45,True
2016-10-07 01:05:00,0,0,2,"[01:05:00,01:25:00)",5,0,2016-10-07,1,5,True
2016-10-07 01:25:00,0,0,2,"[01:25:00,01:45:00)",5,0,2016-10-07,1,25,True
2016-10-07 01:45:00,0,0,2,"[01:45:00,02:05:00)",5,0,2016-10-07,1,45,True
2016-10-07 02:05:00,0,0,2,"[02:05:00,02:25:00)",5,0,2016-10-07,2,5,True
2016-10-07 02:25:00,0,0,2,"[02:25:00,02:45:00)",5,0,2016-10-07,2,25,True
2016-10-07 02:45:00,0,0,2,"[02:45:00,03:05:00)",5,0,2016-10-07,2,45,True
2016-10-07 03:05:00,0,0,2,"[03:05:00,03:25:00)",5,0,2016-10-07,3,5,True
2016-10-07 03:25:00,0,0,2,"[03:25:00,03:45:00)",5,0,2016-10-07,3,25,True
2016-10-07 03:45:00,0,0,2,"[03:45:00,04:05:00)",5,0,2016-10-07,3,45,True
2016-10-07 04:05:00,0,0,2,"[04:05:00,04:25:00)",5,0,2016-10-07,4,5,True
2016-10-07 04:25:00,0,0,2,"[04:25:00,04:45:00)",5,0,2016-10-07,4,25,True
2016-10-07 04:45:00,0,0,2,"[04:45:00,05:05:00)",5,0,2016-10-07,4,45,True
2016-10-07 05:05:00,0,0,2,"[05:05:00,05:25:00)",5,0,2016-10-07,5,5,True
2016-10-07 05:25:00,0,0,2,"[05:25:00,05:45:00)",5,0,2016-10-07,5,25,True
2016-10-07 05:45:00,2,0,2,"[05:45:00,06:05:00)",5,0,2016-10-07,5,45,True
2016-10-07 06:05:00,1,0,2,"[06:05:00,06:25:00)",5,0,2016-10-07,6,5,True
2016-10-07 06:25:00,3,0,2,"[06:25:00,06:45:00)",5,0,2016-10-07,6,25,True
2016-10-07 06:45:00,1,0,2,"[06:45:00,07:05:00)",5,0,2016-10-07,6,45,True
2016-10-07 07:05:00,4,0,2,"[07:05:00,07:25:00)",5,0,2016-10-07,7,5,True
2016-10-07 07:25:00,10,0,2,"[07:25:00,07:45:00)",5,0,2016-10-07,7,25,True
2016-10-07 07:45:00,5,0,2,"[07:45:00,08:05:00)",5,0,2016-10-07,7,45,True
2016-10-07 08:05:00,15,0,2,"[08:05:00,08:25:00)",5,0,2016-10-07,8,5,True
2016-10-07 08:25:00,10,0,2,"[08:25:00,08:45:00)",5,0,2016-10-07,8,25,True
2016-10-07 08:45:00,9,0,2,"[08:45:00,09:05:00)",5,0,2016-10-07,8,45,True
2016-10-07 09:05:00,11,0,2,"[09:05:00,09:25:00)",5,0,2016-10-07,9,5,True
2016-10-07 09:25:00,7,0,2,"[09:25:00,09:45:00)",5,0,2016-10-07,9,25,True
2016-10-07 09:45:00,8,0,2,"[09:45:00,10:05:00)",5,0,2016-10-07,9,45,True
2016-10-07 10:05:00,12,0,2,"[10:05:00,10:25:00)",5,0,2016-10-07,10,5,True
2016-10-07 10:25:00,12,0,2,"[10:25:00,10:45:00)",5,0,2016-10-07,10,25,True
2016-10-07 10:45:00,7,0,2,"[10:45:00,11:05:00)",5,0,2016-10-07,10,45,True
2016-10-07 11:05:00,6,0,2,"[11:05:00,11:25:00)",5,0,2016-10-07,11,5,True
2016-10-07 11:25:00,7,0,2,"[11:25:00,11:45:00)",5,0,2016-10-07,11,25,True
2016-10-07 11:45:00,12,0,2,"[11:45:00,12:05:00)",5,0,2016-10-07,11,45,True
2016-10-07 12:05:00,3,0,2,"[12:05:00,12:25:00)",5,0,2016-10-07,12,5,True
2016-10-07 12:25:00,11,0,2,"[12:25:00,12:45:00)",5,0,2016-10-07,12,25,True
2016-10-07 12:45:00,10,0,2,"[12:45:00,13:05:00)",5,0,2016-10-07,12,45,True
2016-10-07 13:05:00,8,0,2,"[13:05:00,13:25:00)",5,0,2016-10-07,13,5,True
2016-10-07 13:25:00,11,0,2,"[13:25:00,13:45:00)",5,0,2016-10-07,13,25,True
2016-10-07 13:45:00,18,0,2,"[13:45:00,14:05:00)",5,0,2016-10-07,13,45,True
2016-10-07 14:05:00,16,0,2,"[14:05:00,14:25:00)",5,0,2016-10-07,14,5,True
2016-10-07 14:25:00,20,0,2,"[14:25:00,14:45:00)",5,0,2016-10-07,14,25,True
2016-10-07 14:45:00,14,0,2,"[14:45:00,15:05:00)",5,0,2016-10-07,14,45,True
2016-10-07 15:05:00,15,0,2,"[15:05:00,15:25:00)",5,0,2016-10-07,15,5,True
2016-10-07 15:25:00,19,0,2,"[15:25:00,15:45:00)",5,0,2016-10-07,15,25,True
2016-10-07 15:45:00,12,0,2,"[15:45:00,16:05:00)",5,0,2016-10-07,15,45,True
2016-10-07 16:05:00,11,0,2,"[16:05:00,16:25:00)",5,0,2016-10-07,16,5,True
2016-10-07 16:25:00,8,0,2,"[16:25:00,16:45:00)",5,0,2016-10-07,16,25,True
2016-10-07 16:45:00,13,0,2,"[16:45:00,17:05:00)",5,0,2016-10-07,16,45,True
2016-10-07 17:05:00,6,0,2,"[17:05:00,17:25:00)",5,0,2016-10-07,17,5,True
2016-10-07 17:25:00,13,0,2,"[17:25:00,17:45:00)",5,0,2016-10-07,17,25,True
2016-10-07 17:45:00,8,0,2,"[17:45:00,18:05:00)",5,0,2016-10-07,17,45,True
2016-10-07 18:05:00,9,0,2,"[18:05:00,18:25:00)",5,0,2016-10-07,18,5,True
2016-10-07 18:25:00,8,0,2,"[18:25:00,18:45:00)",5,0,2016-10-07,18,25,True
2016-10-07 18:45:00,3,0,2,"[18:45:00,19:05:00)",5,0,2016-10-07,18,45,True
2016-10-07 19:05:00,11,0,2,"[19:05:00,19:25:00)",5,0,2016-10-07,19,5,True
2016-10-07 19:25:00,7,0,2,"[19:25:00,19:45:00)",5,0,2016-10-07,19,25,True
2016-10-07 19:45:00,2,0,2,"[19:45:00,20:05:00)",5,0,2016-10-07,19,45,True
2016-10-07 20:05:00,4,0,2,"[20:05:00,20:25:00)",5,0,2016-10-07,20,5,True
2016-10-07 20:25:00,6,0,2,"[20:25:00,20:45:00)",5,0,2016-10-07,20,25,True
2016-10-07 20:45:00,8,0,2,"[20:45:00,21:05:00)",5,0,2016-10-07,20,45,True
2016-10-07 21:05:00,1,0,2,"[21:05:00,21:25:00)",5,0,2016-10-07,21,5,True
2016-10-07 21:25:00,2,0,2,"[21:25:00,21:45:00)",5,0,2016-10-07,21,25,True
2016-10-07 21:45:00,2,0,2,"[21:45:00,22:05:00)",5,0,2016-10-07,21,45,True
2016-10-07 22:05:00,5,0,2,"[22:05:00,22:25:00)",5,0,2016-10-07,22,5,True
2016-10-07 22:25:00,3,0,2,"[22:25:00,22:45:00)",5,0,2016-10-07,22,25,True
2016-10-07 22:45:00,2,0,2,"[22:45:00,23:05:00)",5,0,2016-10-07,22,45,True
2016-10-07 23:05:00,1,0,2,"[23:05:00,23:25:00)",5,0,2016-10-07,23,5,True
2016-10-07 23:25:00,1,0,2,"[23:25:00,23:45:00)",5,0,2016-10-07,23,25,True
2016-10-07 23:45:00,0,0,2,"[23:45:00,00:00:00)",5,0,2016-10-07,23,45,True
2016-10-08 00:05:00,0,0,2,"[00:05:00,00:25:00)",6,1,2016-10-08,0,5,False
2016-10-08 00:25:00,3,0,2,"[00:25:00,00:45:00)",6,1,2016-10-08,0,25,False
2016-10-08 00:45:00,1,0,2,"[00:45:00,01:05:00)",6,1,2016-10-08,0,45,False
2016-10-08 01:05:00,0,0,2,"[01:05:00,01:25:00)",6,1,2016-10-08,1,5,False
2016-10-08 01:25:00,0,0,2,"[01:25:00,01:45:00)",6,1,2016-10-08,1,25,False
2016-10-08 01:45:00,0,0,2,"[01:45:00,02:05:00)",6,1,2016-10-08,1,45,False
2016-10-08 02:05:00,0,0,2,"[02:05:00,02:25:00)",6,1,2016-10-08,2,5,False
2016-10-08 02:25:00,0,0,2,"[02:25:00,02:45:00)",6,1,2016-10-08,2,25,False
2016-10-08 02:45:00,0,0,2,"[02:45:00,03:05:00)",6,1,2016-10-08,2,45,False
2016-10-08 03:05:00,1,0,2,"[03:05:00,03:25:00)",6,1,2016-10-08,3,5,False
2016-10-08 03:25:00,0,0,2,"[03:25:00,03:45:00)",6,1,2016-10-08,3,25,False
2016-10-08 03:45:00,0,0,2,"[03:45:00,04:05:00)",6,1,2016-10-08,3,45,False
2016-10-08 04:05:00,0,0,2,"[04:05:00,04:25:00)",6,1,2016-10-08,4,5,False
2016-10-08 04:25:00,0,0,2,"[04:25:00,04:45:00)",6,1,2016-10-08,4,25,False
2016-10-08 04:45:00,3,0,2,"[04:45:00,05:05:00)",6,1,2016-10-08,4,45,False
2016-10-08 05:05:00,11,0,2,"[05:05:00,05:25:00)",6,1,2016-10-08,5,5,False
2016-10-08 05:25:00,13,0,2,"[05:25:00,05:45:00)",6,1,2016-10-08,5,25,False
2016-10-08 05:45:00,12,0,2,"[05:45:00,06:05:00)",6,1,2016-10-08,5,45,False
2016-10-08 06:05:00,26,0,2,"[06:05:00,06:25:00)",6,1,2016-10-08,6,5,False
2016-10-08 06:25:00,29,0,2,"[06:25:00,06:45:00)",6,1,2016-10-08,6,25,False
2016-10-08 06:45:00,46,0,2,"[06:45:00,07:05:00)",6,1,2016-10-08,6,45,False
2016-10-08 07:05:00,70,0,2,"[07:05:00,07:25:00)",6,1,2016-10-08,7,5,False
2016-10-08 07:25:00,81,0,2,"[07:25:00,07:45:00)",6,1,2016-10-08,7,25,False
2016-10-08 07:45:00,106,0,2,"[07:45:00,08:05:00)",6,1,2016-10-08,7,45,False
2016-10-08 08:05:00,99,0,2,"[08:05:00,08:25:00)",6,1,2016-10-08,8,5,False
2016-10-08 08:25:00,94,0,2,"[08:25:00,08:45:00)",6,1,2016-10-08,8,25,False
2016-10-08 08:45:00,85,0,2,"[08:45:00,09:05:00)",6,1,2016-10-08,8,45,False
2016-10-08 09:05:00,81,0,2,"[09:05:00,09:25:00)",6,1,2016-10-08,9,5,False
2016-10-08 09:25:00,96,0,2,"[09:25:00,09:45:00)",6,1,2016-10-08,9,25,False
2016-10-08 09:45:00,86,0,2,"[09:45:00,10:05:00)",6,1,2016-10-08,9,45,False
2016-10-08 10:05:00,58,0,2,"[10:05:00,10:25:00)",6,1,2016-10-08,10,5,False
2016-10-08 10:25:00,61,0,2,"[10:25:00,10:45:00)",6,1,2016-10-08,10,25,False
2016-10-08 10:45:00,61,0,2,"[10:45:00,11:05:00)",6,1,2016-10-08,10,45,False
2016-10-08 11:05:00,37,0,2,"[11:05:00,11:25:00)",6,1,2016-10-08,11,5,False
2016-10-08 11:25:00,50,0,2,"[11:25:00,11:45:00)",6,1,2016-10-08,11,25,False
2016-10-08 11:45:00,47,0,2,"[11:45:00,12:05:00)",6,1,2016-10-08,11,45,False
2016-10-08 12:05:00,49,0,2,"[12:05:00,12:25:00)",6,1,2016-10-08,12,5,False
2016-10-08 12:25:00,59,0,2,"[12:25:00,12:45:00)",6,1,2016-10-08,12,25,False
2016-10-08 12:45:00,63,0,2,"[12:45:00,13:05:00)",6,1,2016-10-08,12,45,False
2016-10-08 13:05:00,87,0,2,"[13:05:00,13:25:00)",6,1,2016-10-08,13,5,False
2016-10-08 13:25:00,65,0,2,"[13:25:00,13:45:00)",6,1,2016-10-08,13,25,False
2016-10-08 13:45:00,70,0,2,"[13:45:00,14:05:00)",6,1,2016-10-08,13,45,False
2016-10-08 14:05:00,63,0,2,"[14:05:00,14:25:00)",6,1,2016-10-08,14,5,False
2016-10-08 14:25:00,66,0,2,"[14:25:00,14:45:00)",6,1,2016-10-08,14,25,False
2016-10-08 14:45:00,50,0,2,"[14:45:00,15:05:00)",6,1,2016-10-08,14,45,False
2016-10-08 15:05:00,82,0,2,"[15:05:00,15:25:00)",6,1,2016-10-08,15,5,False
2016-10-08 15:25:00,61,0,2,"[15:25:00,15:45:00)",6,1,2016-10-08,15,25,False
2016-10-08 15:45:00,58,0,2,"[15:45:00,16:05:00)",6,1,2016-10-08,15,45,False
2016-10-08 16:05:00,72,0,2,"[16:05:00,16:25:00)",6,1,2016-10-08,16,5,False
2016-10-08 16:25:00,58,0,2,"[16:25:00,16:45:00)",6,1,2016-10-08,16,25,False
2016-10-08 16:45:00,59,0,2,"[16:45:00,17:05:00)",6,1,2016-10-08,16,45,False
2016-10-08 17:05:00,66,0,2,"[17:05:00,17:25:00)",6,1,2016-10-08,17,5,False
2016-10-08 17:25:00,59,0,2,"[17:25:00,17:45:00)",6,1,2016-10-08,17,25,False
2016-10-08 17:45:00,55,0,2,"[17:45:00,18:05:00)",6,1,2016-10-08,17,45,False
2016-10-08 18:05:00,46,0,2,"[18:05:00,18:25:00)",6,1,2016-10-08,18,5,False
2016-10-08 18:25:00,47,0,2,"[18:25:00,18:45:00)",6,1,2016-10-08,18,25,False
2016-10-08 18:45:00,45,0,2,"[18:45:00,19:05:00)",6,1,2016-10-08,18,45,False
2016-10-08 19:05:00,40,0,2,"[19:05:00,19:25:00)",6,1,2016-10-08,19,5,False
2016-10-08 19:25:00,35,0,2,"[19:25:00,19:45:00)",6,1,2016-10-08,19,25,False
2016-10-08 19:45:00,22,0,2,"[19:45:00,20:05:00)",6,1,2016-10-08,19,45,False
2016-10-08 20:05:00,36,0,2,"[20:05:00,20:25:00)",6,1,2016-10-08,20,5,False
2016-10-08 20:25:00,30,0,2,"[20:25:00,20:45:00)",6,1,2016-10-08,20,25,False
2016-10-08 20:45:00,25,0,2,"[20:45:00,21:05:00)",6,1,2016-10-08,20,45,False
2016-10-08 21:05:00,21,0,2,"[21:05:00,21:25:00)",6,1,2016-10-08,21,5,False
2016-10-08 21:25:00,23,0,2,"[21:25:00,21:45:00)",6,1,2016-10-08,21,25,False
2016-10-08 21:45:00,24,0,2,"[21:45:00,22:05:00)",6,1,2016-10-08,21,45,False
2016-10-08 22:05:00,12,0,2,"[22:05:00,22:25:00)",6,1,2016-10-08,22,5,False
2016-10-08 22:25:00,13,0,2,"[22:25:00,22:45:00)",6,1,2016-10-08,22,25,False
2016-10-08 22:45:00,12,0,2,"[22:45:00,23:05:00)",6,1,2016-10-08,22,45,False
2016-10-08 23:05:00,15,0,2,"[23:05:00,23:25:00)",6,1,2016-10-08,23,5,False
2016-10-08 23:25:00,0,0,2,"[23:25:00,23:45:00)",6,1,2016-10-08,23,25,False
2016-10-08 23:45:00,1,0,2,"[23:45:00,00:00:00)",6,1,2016-10-08,23,45,False
2016-10-09 00:05:00,0,0,2,"[00:05:00,00:25:00)",7,1,2016-10-09,0,5,False
2016-10-09 00:25:00,2,0,2,"[00:25:00,00:45:00)",7,1,2016-10-09,0,25,False
2016-10-09 00:45:00,1,0,2,"[00:45:00,01:05:00)",7,1,2016-10-09,0,45,False
2016-10-09 01:05:00,1,0,2,"[01:05:00,01:25:00)",7,1,2016-10-09,1,5,False
2016-10-09 01:25:00,1,0,2,"[01:25:00,01:45:00)",7,1,2016-10-09,1,25,False
2016-10-09 01:45:00,2,0,2,"[01:45:00,02:05:00)",7,1,2016-10-09,1,45,False
2016-10-09 02:05:00,1,0,2,"[02:05:00,02:25:00)",7,1,2016-10-09,2,5,False
2016-10-09 02:25:00,0,0,2,"[02:25:00,02:45:00)",7,1,2016-10-09,2,25,False
2016-10-09 02:45:00,0,0,2,"[02:45:00,03:05:00)",7,1,2016-10-09,2,45,False
2016-10-09 03:05:00,0,0,2,"[03:05:00,03:25:00)",7,1,2016-10-09,3,5,False
2016-10-09 03:25:00,0,0,2,"[03:25:00,03:45:00)",7,1,2016-10-09,3,25,False
2016-10-09 03:45:00,0,0,2,"[03:45:00,04:05:00)",7,1,2016-10-09,3,45,False
2016-10-09 04:05:00,0,0,2,"[04:05:00,04:25:00)",7,1,2016-10-09,4,5,False
2016-10-09 04:25:00,1,0,2,"[04:25:00,04:45:00)",7,1,2016-10-09,4,25,False
2016-10-09 04:45:00,5,0,2,"[04:45:00,05:05:00)",7,1,2016-10-09,4,45,False
2016-10-09 05:05:00,11,0,2,"[05:05:00,05:25:00)",7,1,2016-10-09,5,5,False
2016-10-09 05:25:00,9,0,2,"[05:25:00,05:45:00)",7,1,2016-10-09,5,25,False
2016-10-09 05:45:00,20,0,2,"[05:45:00,06:05:00)",7,1,2016-10-09,5,45,False
2016-10-09 06:05:00,28,0,2,"[06:05:00,06:25:00)",7,1,2016-10-09,6,5,False
2016-10-09 06:25:00,36,0,2,"[06:25:00,06:45:00)",7,1,2016-10-09,6,25,False
2016-10-09 06:45:00,41,0,2,"[06:45:00,07:05:00)",7,1,2016-10-09,6,45,False
2016-10-09 07:05:00,74,0,2,"[07:05:00,07:25:00)",7,1,2016-10-09,7,5,False
2016-10-09 07:25:00,101,0,2,"[07:25:00,07:45:00)",7,1,2016-10-09,7,25,False
2016-10-09 07:45:00,106,0,2,"[07:45:00,08:05:00)",7,1,2016-10-09,7,45,False
2016-10-09 08:05:00,123,0,2,"[08:05:00,08:25:00)",7,1,2016-10-09,8,5,False
2016-10-09 08:25:00,115,0,2,"[08:25:00,08:45:00)",7,1,2016-10-09,8,25,False
2016-10-09 08:45:00,120,0,2,"[08:45:00,09:05:00)",7,1,2016-10-09,8,45,False
2016-10-09 09:05:00,126,0,2,"[09:05:00,09:25:00)",7,1,2016-10-09,9,5,False
2016-10-09 09:25:00,83,0,2,"[09:25:00,09:45:00)",7,1,2016-10-09,9,25,False
2016-10-09 09:45:00,77,0,2,"[09:45:00,10:05:00)",7,1,2016-10-09,9,45,False
2016-10-09 10:05:00,66,0,2,"[10:05:00,10:25:00)",7,1,2016-10-09,10,5,False
2016-10-09 10:25:00,82,0,2,"[10:25:00,10:45:00)",7,1,2016-10-09,10,25,False
2016-10-09 10:45:00,58,0,2,"[10:45:00,11:05:00)",7,1,2016-10-09,10,45,False
2016-10-09 11:05:00,55,0,2,"[11:05:00,11:25:00)",7,1,2016-10-09,11,5,False
2016-10-09 11:25:00,59,0,2,"[11:25:00,11:45:00)",7,1,2016-10-09,11,25,False
2016-10-09 11:45:00,65,0,2,"[11:45:00,12:05:00)",7,1,2016-10-09,11,45,False
2016-10-09 12:05:00,64,0,2,"[12:05:00,12:25:00)",7,1,2016-10-09,12,5,False
2016-10-09 12:25:00,61,0,2,"[12:25:00,12:45:00)",7,1,2016-10-09,12,25,False
2016-10-09 12:45:00,66,0,2,"[12:45:00,13:05:00)",7,1,2016-10-09,12,45,False
2016-10-09 13:05:00,72,0,2,"[13:05:00,13:25:00)",7,1,2016-10-09,13,5,False
2016-10-09 13:25:00,50,0,2,"[13:25:00,13:45:00)",7,1,2016-10-09,13,25,False
2016-10-09 13:45:00,61,0,2,"[13:45:00,14:05:00)",7,1,2016-10-09,13,45,False
2016-10-09 14:05:00,58,0,2,"[14:05:00,14:25:00)",7,1,2016-10-09,14,5,False
2016-10-09 14:25:00,58,0,2,"[14:25:00,14:45:00)",7,1,2016-10-09,14,25,False
2016-10-09 14:45:00,66,0,2,"[14:45:00,15:05:00)",7,1,2016-10-09,14,45,False
2016-10-09 15:05:00,66,0,2,"[15:05:00,15:25:00)",7,1,2016-10-09,15,5,False
2016-10-09 15:25:00,64,0,2,"[15:25:00,15:45:00)",7,1,2016-10-09,15,25,False
2016-10-09 15:45:00,77,0,2,"[15:45:00,16:05:00)",7,1,2016-10-09,15,45,False
2016-10-09 16:05:00,47,0,2,"[16:05:00,16:25:00)",7,1,2016-10-09,16,5,False
2016-10-09 16:25:00,67,0,2,"[16:25:00,16:45:00)",7,1,2016-10-09,16,25,False
2016-10-09 16:45:00,77,0,2,"[16:45:00,17:05:00)",7,1,2016-10-09,16,45,False
2016-10-09 17:05:00,67,0,2,"[17:05:00,17:25:00)",7,1,2016-10-09,17,5,False
2016-10-09 17:25:00,86,0,2,"[17:25:00,17:45:00)",7,1,2016-10-09,17,25,False
2016-10-09 17:45:00,65,0,2,"[17:45:00,18:05:00)",7,1,2016-10-09,17,45,False
2016-10-09 18:05:00,71,0,2,"[18:05:00,18:25:00)",7,1,2016-10-09,18,5,False
2016-10-09 18:25:00,50,0,2,"[18:25:00,18:45:00)",7,1,2016-10-09,18,25,False
2016-10-09 18:45:00,54,0,2,"[18:45:00,19:05:00)",7,1,2016-10-09,18,45,False
2016-10-09 19:05:00,37,0,2,"[19:05:00,19:25:00)",7,1,2016-10-09,19,5,False
2016-10-09 19:25:00,40,0,2,"[19:25:00,19:45:00)",7,1,2016-10-09,19,25,False
2016-10-09 19:45:00,33,0,2,"[19:45:00,20:05:00)",7,1,2016-10-09,19,45,False
2016-10-09 20:05:00,38,0,2,"[20:05:00,20:25:00)",7,1,2016-10-09,20,5,False
2016-10-09 20:25:00,25,0,2,"[20:25:00,20:45:00)",7,1,2016-10-09,20,25,False
2016-10-09 20:45:00,29,0,2,"[20:45:00,21:05:00)",7,1,2016-10-09,20,45,False
2016-10-09 21:05:00,35,0,2,"[21:05:00,21:25:00)",7,1,2016-10-09,21,5,False
2016-10-09 21:25:00,26,0,2,"[21:25:00,21:45:00)",7,1,2016-10-09,21,25,False
2016-10-09 21:45:00,18,0,2,"[21:45:00,22:05:00)",7,1,2016-10-09,21,45,False
2016-10-09 22:05:00,13,0,2,"[22:05:00,22:25:00)",7,1,2016-10-09,22,5,False
2016-10-09 22:25:00,24,0,2,"[22:25:00,22:45:00)",7,1,2016-10-09,22,25,False
2016-10-09 22:45:00,9,0,2,"[22:45:00,23:05:00)",7,1,2016-10-09,22,45,False
2016-10-09 23:05:00,12,0,2,"[23:05:00,23:25:00)",7,1,2016-10-09,23,5,False
2016-10-09 23:25:00,8,0,2,"[23:25:00,23:45:00)",7,1,2016-10-09,23,25,False
2016-10-09 23:45:00,6,0,2,"[23:45:00,00:00:00)",7,1,2016-10-09,23,45,False
2016-10-10 00:05:00,2,0,2,"[00:05:00,00:25:00)",1,0,2016-10-10,0,5,False
2016-10-10 00:25:00,1,0,2,"[00:25:00,00:45:00)",1,0,2016-10-10,0,25,False
2016-10-10 00:45:00,0,0,2,"[00:45:00,01:05:00)",1,0,2016-10-10,0,45,False
2016-10-10 01:05:00,0,0,2,"[01:05:00,01:25:00)",1,0,2016-10-10,1,5,False
2016-10-10 01:25:00,0,0,2,"[01:25:00,01:45:00)",1,0,2016-10-10,1,25,False
2016-10-10 01:45:00,1,0,2,"[01:45:00,02:05:00)",1,0,2016-10-10,1,45,False
2016-10-10 02:05:00,0,0,2,"[02:05:00,02:25:00)",1,0,2016-10-10,2,5,False
2016-10-10 02:25:00,0,0,2,"[02:25:00,02:45:00)",1,0,2016-10-10,2,25,False
2016-10-10 02:45:00,0,0,2,"[02:45:00,03:05:00)",1,0,2016-10-10,2,45,False
2016-10-10 03:05:00,0,0,2,"[03:05:00,03:25:00)",1,0,2016-10-10,3,5,False
2016-10-10 03:25:00,0,0,2,"[03:25:00,03:45:00)",1,0,2016-10-10,3,25,False
2016-10-10 03:45:00,0,0,2,"[03:45:00,04:05:00)",1,0,2016-10-10,3,45,False
2016-10-10 04:05:00,0,0,2,"[04:05:00,04:25:00)",1,0,2016-10-10,4,5,False
2016-10-10 04:25:00,0,0,2,"[04:25:00,04:45:00)",1,0,2016-10-10,4,25,False
2016-10-10 04:45:00,3,0,2,"[04:45:00,05:05:00)",1,0,2016-10-10,4,45,False
2016-10-10 05:05:00,8,0,2,"[05:05:00,05:25:00)",1,0,2016-10-10,5,5,False
2016-10-10 05:25:00,24,0,2,"[05:25:00,05:45:00)",1,0,2016-10-10,5,25,False
2016-10-10 05:45:00,26,0,2,"[05:45:00,06:05:00)",1,0,2016-10-10,5,45,False
2016-10-10 06:05:00,27,0,2,"[06:05:00,06:25:00)",1,0,2016-10-10,6,5,False
2016-10-10 06:25:00,37,0,2,"[06:25:00,06:45:00)",1,0,2016-10-10,6,25,False
2016-10-10 06:45:00,58,0,2,"[06:45:00,07:05:00)",1,0,2016-10-10,6,45,False
2016-10-10 07:05:00,96,0,2,"[07:05:00,07:25:00)",1,0,2016-10-10,7,5,False
2016-10-10 07:25:00,110,0,2,"[07:25:00,07:45:00)",1,0,2016-10-10,7,25,False
2016-10-10 07:45:00,118,0,2,"[07:45:00,08:05:00)",1,0,2016-10-10,7,45,False
2016-10-10 08:05:00,117,0,2,"[08:05:00,08:25:00)",1,0,2016-10-10,8,5,False
2016-10-10 08:25:00,134,0,2,"[08:25:00,08:45:00)",1,0,2016-10-10,8,25,False
2016-10-10 08:45:00,125,0,2,"[08:45:00,09:05:00)",1,0,2016-10-10,8,45,False
2016-10-10 09:05:00,103,0,2,"[09:05:00,09:25:00)",1,0,2016-10-10,9,5,False
2016-10-10 09:25:00,91,0,2,"[09:25:00,09:45:00)",1,0,2016-10-10,9,25,False
2016-10-10 09:45:00,79,0,2,"[09:45:00,10:05:00)",1,0,2016-10-10,9,45,False
2016-10-10 10:05:00,58,0,2,"[10:05:00,10:25:00)",1,0,2016-10-10,10,5,False
2016-10-10 10:25:00,67,0,2,"[10:25:00,10:45:00)",1,0,2016-10-10,10,25,False
2016-10-10 10:45:00,71,0,2,"[10:45:00,11:05:00)",1,0,2016-10-10,10,45,False
2016-10-10 11:05:00,54,0,2,"[11:05:00,11:25:00)",1,0,2016-10-10,11,5,False
2016-10-10 11:25:00,57,0,2,"[11:25:00,11:45:00)",1,0,2016-10-10,11,25,False
2016-10-10 11:45:00,58,0,2,"[11:45:00,12:05:00)",1,0,2016-10-10,11,45,False
2016-10-10 12:05:00,69,0,2,"[12:05:00,12:25:00)",1,0,2016-10-10,12,5,False
2016-10-10 12:25:00,74,0,2,"[12:25:00,12:45:00)",1,0,2016-10-10,12,25,False
2016-10-10 12:45:00,59,0,2,"[12:45:00,13:05:00)",1,0,2016-10-10,12,45,False
2016-10-10 13:05:00,69,0,2,"[13:05:00,13:25:00)",1,0,2016-10-10,13,5,False
2016-10-10 13:25:00,67,0,2,"[13:25:00,13:45:00)",1,0,2016-10-10,13,25,False
2016-10-10 13:45:00,75,0,2,"[13:45:00,14:05:00)",1,0,2016-10-10,13,45,False
2016-10-10 14:05:00,67,0,2,"[14:05:00,14:25:00)",1,0,2016-10-10,14,5,False
2016-10-10 14:25:00,66,0,2,"[14:25:00,14:45:00)",1,0,2016-10-10,14,25,False
2016-10-10 14:45:00,68,0,2,"[14:45:00,15:05:00)",1,0,2016-10-10,14,45,False
2016-10-10 15:05:00,70,0,2,"[15:05:00,15:25:00)",1,0,2016-10-10,15,5,False
2016-10-10 15:25:00,66,0,2,"[15:25:00,15:45:00)",1,0,2016-10-10,15,25,False
2016-10-10 15:45:00,68,0,2,"[15:45:00,16:05:00)",1,0,2016-10-10,15,45,False
2016-10-10 16:05:00,76,0,2,"[16:05:00,16:25:00)",1,0,2016-10-10,16,5,False
2016-10-10 16:25:00,75,0,2,"[16:25:00,16:45:00)",1,0,2016-10-10,16,25,False
2016-10-10 16:45:00,78,0,2,"[16:45:00,17:05:00)",1,0,2016-10-10,16,45,False
2016-10-10 17:05:00,80,0,2,"[17:05:00,17:25:00)",1,0,2016-10-10,17,5,False
2016-10-10 17:25:00,62,0,2,"[17:25:00,17:45:00)",1,0,2016-10-10,17,25,False
2016-10-10 17:45:00,58,0,2,"[17:45:00,18:05:00)",1,0,2016-10-10,17,45,False
2016-10-10 18:05:00,55,0,2,"[18:05:00,18:25:00)",1,0,2016-10-10,18,5,False
2016-10-10 18:25:00,51,0,2,"[18:25:00,18:45:00)",1,0,2016-10-10,18,25,False
2016-10-10 18:45:00,37,0,2,"[18:45:00,19:05:00)",1,0,2016-10-10,18,45,False
2016-10-10 19:05:00,34,0,2,"[19:05:00,19:25:00)",1,0,2016-10-10,19,5,False
2016-10-10 19:25:00,28,0,2,"[19:25:00,19:45:00)",1,0,2016-10-10,19,25,False
2016-10-10 19:45:00,30,0,2,"[19:45:00,20:05:00)",1,0,2016-10-10,19,45,False
2016-10-10 20:05:00,36,0,2,"[20:05:00,20:25:00)",1,0,2016-10-10,20,5,False
2016-10-10 20:25:00,38,0,2,"[20:25:00,20:45:00)",1,0,2016-10-10,20,25,False
2016-10-10 20:45:00,26,0,2,"[20:45:00,21:05:00)",1,0,2016-10-10,20,45,False
2016-10-10 21:05:00,26,0,2,"[21:05:00,21:25:00)",1,0,2016-10-10,21,5,False
2016-10-10 21:25:00,29,0,2,"[21:25:00,21:45:00)",1,0,2016-10-10,21,25,False
2016-10-10 21:45:00,15,0,2,"[21:45:00,22:05:00)",1,0,2016-10-10,21,45,False
2016-10-10 22:05:00,25,0,2,"[22:05:00,22:25:00)",1,0,2016-10-10,22,5,False
2016-10-10 22:25:00,14,0,2,"[22:25:00,22:45:00)",1,0,2016-10-10,22,25,False
2016-10-10 22:45:00,8,0,2,"[22:45:00,23:05:00)",1,0,2016-10-10,22,45,False
2016-10-10 23:05:00,1,0,2,"[23:05:00,23:25:00)",1,0,2016-10-10,23,5,False
2016-10-10 23:25:00,14,0,2,"[23:25:00,23:45:00)",1,0,2016-10-10,23,25,False
2016-10-10 23:45:00,7,0,2,"[23:45:00,00:00:00)",1,0,2016-10-10,23,45,False
2016-10-11 00:05:00,3,0,2,"[00:05:00,00:25:00)",2,0,2016-10-11,0,5,False
2016-10-11 00:25:00,2,0,2,"[00:25:00,00:45:00)",2,0,2016-10-11,0,25,False
2016-10-11 00:45:00,2,0,2,"[00:45:00,01:05:00)",2,0,2016-10-11,0,45,False
2016-10-11 01:05:00,0,0,2,"[01:05:00,01:25:00)",2,0,2016-10-11,1,5,False
2016-10-11 01:25:00,0,0,2,"[01:25:00,01:45:00)",2,0,2016-10-11,1,25,False
2016-10-11 01:45:00,0,0,2,"[01:45:00,02:05:00)",2,0,2016-10-11,1,45,False
2016-10-11 02:05:00,0,0,2,"[02:05:00,02:25:00)",2,0,2016-10-11,2,5,False
2016-10-11 02:25:00,0,0,2,"[02:25:00,02:45:00)",2,0,2016-10-11,2,25,False
2016-10-11 02:45:00,0,0,2,"[02:45:00,03:05:00)",2,0,2016-10-11,2,45,False
2016-10-11 03:05:00,0,0,2,"[03:05:00,03:25:00)",2,0,2016-10-11,3,5,False
2016-10-11 03:25:00,0,0,2,"[03:25:00,03:45:00)",2,0,2016-10-11,3,25,False
2016-10-11 03:45:00,0,0,2,"[03:45:00,04:05:00)",2,0,2016-10-11,3,45,False
2016-10-11 04:05:00,0,0,2,"[04:05:00,04:25:00)",2,0,2016-10-11,4,5,False
2016-10-11 04:25:00,0,0,2,"[04:25:00,04:45:00)",2,0,2016-10-11,4,25,False
2016-10-11 04:45:00,1,0,2,"[04:45:00,05:05:00)",2,0,2016-10-11,4,45,False
2016-10-11 05:05:00,16,0,2,"[05:05:00,05:25:00)",2,0,2016-10-11,5,5,False
2016-10-11 05:25:00,10,0,2,"[05:25:00,05:45:00)",2,0,2016-10-11,5,25,False
2016-10-11 05:45:00,28,0,2,"[05:45:00,06:05:00)",2,0,2016-10-11,5,45,False
2016-10-11 06:05:00,24,0,2,"[06:05:00,06:25:00)",2,0,2016-10-11,6,5,False
2016-10-11 06:25:00,35,0,2,"[06:25:00,06:45:00)",2,0,2016-10-11,6,25,False
2016-10-11 06:45:00,60,0,2,"[06:45:00,07:05:00)",2,0,2016-10-11,6,45,False
2016-10-11 07:05:00,98,0,2,"[07:05:00,07:25:00)",2,0,2016-10-11,7,5,False
2016-10-11 07:25:00,115,0,2,"[07:25:00,07:45:00)",2,0,2016-10-11,7,25,False
2016-10-11 07:45:00,95,0,2,"[07:45:00,08:05:00)",2,0,2016-10-11,7,45,False
2016-10-11 08:05:00,132,0,2,"[08:05:00,08:25:00)",2,0,2016-10-11,8,5,False
2016-10-11 08:25:00,105,0,2,"[08:25:00,08:45:00)",2,0,2016-10-11,8,25,False
2016-10-11 08:45:00,117,0,2,"[08:45:00,09:05:00)",2,0,2016-10-11,8,45,False
2016-10-11 09:05:00,105,0,2,"[09:05:00,09:25:00)",2,0,2016-10-11,9,5,False
2016-10-11 09:25:00,83,0,2,"[09:25:00,09:45:00)",2,0,2016-10-11,9,25,False
2016-10-11 09:45:00,74,0,2,"[09:45:00,10:05:00)",2,0,2016-10-11,9,45,False
2016-10-11 10:05:00,71,0,2,"[10:05:00,10:25:00)",2,0,2016-10-11,10,5,False
2016-10-11 10:25:00,55,0,2,"[10:25:00,10:45:00)",2,0,2016-10-11,10,25,False
2016-10-11 10:45:00,63,0,2,"[10:45:00,11:05:00)",2,0,2016-10-11,10,45,False
2016-10-11 11:05:00,68,0,2,"[11:05:00,11:25:00)",2,0,2016-10-11,11,5,False
2016-10-11 11:25:00,69,0,2,"[11:25:00,11:45:00)",2,0,2016-10-11,11,25,False
2016-10-11 11:45:00,68,0,2,"[11:45:00,12:05:00)",2,0,2016-10-11,11,45,False
2016-10-11 12:05:00,60,0,2,"[12:05:00,12:25:00)",2,0,2016-10-11,12,5,False
2016-10-11 12:25:00,68,0,2,"[12:25:00,12:45:00)",2,0,2016-10-11,12,25,False
2016-10-11 12:45:00,72,0,2,"[12:45:00,13:05:00)",2,0,2016-10-11,12,45,False
2016-10-11 13:05:00,56,0,2,"[13:05:00,13:25:00)",2,0,2016-10-11,13,5,False
2016-10-11 13:25:00,52,0,2,"[13:25:00,13:45:00)",2,0,2016-10-11,13,25,False
2016-10-11 13:45:00,71,0,2,"[13:45:00,14:05:00)",2,0,2016-10-11,13,45,False
2016-10-11 14:05:00,65,0,2,"[14:05:00,14:25:00)",2,0,2016-10-11,14,5,False
2016-10-11 14:25:00,80,0,2,"[14:25:00,14:45:00)",2,0,2016-10-11,14,25,False
2016-10-11 14:45:00,63,0,2,"[14:45:00,15:05:00)",2,0,2016-10-11,14,45,False
2016-10-11 15:05:00,88,0,2,"[15:05:00,15:25:00)",2,0,2016-10-11,15,5,False
2016-10-11 15:25:00,85,0,2,"[15:25:00,15:45:00)",2,0,2016-10-11,15,25,False
2016-10-11 15:45:00,76,0,2,"[15:45:00,16:05:00)",2,0,2016-10-11,15,45,False
2016-10-11 16:05:00,63,0,2,"[16:05:00,16:25:00)",2,0,2016-10-11,16,5,False
2016-10-11 16:25:00,84,0,2,"[16:25:00,16:45:00)",2,0,2016-10-11,16,25,False
2016-10-11 16:45:00,71,0,2,"[16:45:00,17:05:00)",2,0,2016-10-11,16,45,False
2016-10-11 17:05:00,94,0,2,"[17:05:00,17:25:00)",2,0,2016-10-11,17,5,False
2016-10-11 17:25:00,65,0,2,"[17:25:00,17:45:00)",2,0,2016-10-11,17,25,False
2016-10-11 17:45:00,73,0,2,"[17:45:00,18:05:00)",2,0,2016-10-11,17,45,False
2016-10-11 18:05:00,52,0,2,"[18:05:00,18:25:00)",2,0,2016-10-11,18,5,False
2016-10-11 18:25:00,59,0,2,"[18:25:00,18:45:00)",2,0,2016-10-11,18,25,False
2016-10-11 18:45:00,46,0,2,"[18:45:00,19:05:00)",2,0,2016-10-11,18,45,False
2016-10-11 19:05:00,41,0,2,"[19:05:00,19:25:00)",2,0,2016-10-11,19,5,False
2016-10-11 19:25:00,26,0,2,"[19:25:00,19:45:00)",2,0,2016-10-11,19,25,False
2016-10-11 19:45:00,31,0,2,"[19:45:00,20:05:00)",2,0,2016-10-11,19,45,False
2016-10-11 20:05:00,37,0,2,"[20:05:00,20:25:00)",2,0,2016-10-11,20,5,False
2016-10-11 20:25:00,27,0,2,"[20:25:00,20:45:00)",2,0,2016-10-11,20,25,False
2016-10-11 20:45:00,39,0,2,"[20:45:00,21:05:00)",2,0,2016-10-11,20,45,False
2016-10-11 21:05:00,31,0,2,"[21:05:00,21:25:00)",2,0,2016-10-11,21,5,False
2016-10-11 21:25:00,24,0,2,"[21:25:00,21:45:00)",2,0,2016-10-11,21,25,False
2016-10-11 21:45:00,24,0,2,"[21:45:00,22:05:00)",2,0,2016-10-11,21,45,False
2016-10-11 22:05:00,23,0,2,"[22:05:00,22:25:00)",2,0,2016-10-11,22,5,False
2016-10-11 22:25:00,19,0,2,"[22:25:00,22:45:00)",2,0,2016-10-11,22,25,False
2016-10-11 22:45:00,19,0,2,"[22:45:00,23:05:00)",2,0,2016-10-11,22,45,False
2016-10-11 23:05:00,19,0,2,"[23:05:00,23:25:00)",2,0,2016-10-11,23,5,False
2016-10-11 23:25:00,9,0,2,"[23:25:00,23:45:00)",2,0,2016-10-11,23,25,False
2016-10-11 23:45:00,6,0,2,"[23:45:00,00:00:00)",2,0,2016-10-11,23,45,False
2016-10-12 00:05:00,3,0,2,"[00:05:00,00:25:00)",3,0,2016-10-12,0,5,False
2016-10-12 00:25:00,1,0,2,"[00:25:00,00:45:00)",3,0,2016-10-12,0,25,False
2016-10-12 00:45:00,1,0,2,"[00:45:00,01:05:00)",3,0,2016-10-12,0,45,False
2016-10-12 01:05:00,0,0,2,"[01:05:00,01:25:00)",3,0,2016-10-12,1,5,False
2016-10-12 01:25:00,0,0,2,"[01:25:00,01:45:00)",3,0,2016-10-12,1,25,False
2016-10-12 01:45:00,0,0,2,"[01:45:00,02:05:00)",3,0,2016-10-12,1,45,False
2016-10-12 02:05:00,0,0,2,"[02:05:00,02:25:00)",3,0,2016-10-12,2,5,False
2016-10-12 02:25:00,0,0,2,"[02:25:00,02:45:00)",3,0,2016-10-12,2,25,False
2016-10-12 02:45:00,0,0,2,"[02:45:00,03:05:00)",3,0,2016-10-12,2,45,False
2016-10-12 03:05:00,0,0,2,"[03:05:00,03:25:00)",3,0,2016-10-12,3,5,False
2016-10-12 03:25:00,0,0,2,"[03:25:00,03:45:00)",3,0,2016-10-12,3,25,False
2016-10-12 03:45:00,0,0,2,"[03:45:00,04:05:00)",3,0,2016-10-12,3,45,False
2016-10-12 04:05:00,0,0,2,"[04:05:00,04:25:00)",3,0,2016-10-12,4,5,False
2016-10-12 04:25:00,0,0,2,"[04:25:00,04:45:00)",3,0,2016-10-12,4,25,False
2016-10-12 04:45:00,3,0,2,"[04:45:00,05:05:00)",3,0,2016-10-12,4,45,False
2016-10-12 05:05:00,14,0,2,"[05:05:00,05:25:00)",3,0,2016-10-12,5,5,False
2016-10-12 05:25:00,12,0,2,"[05:25:00,05:45:00)",3,0,2016-10-12,5,25,False
2016-10-12 05:45:00,18,0,2,"[05:45:00,06:05:00)",3,0,2016-10-12,5,45,False
2016-10-12 06:05:00,34,0,2,"[06:05:00,06:25:00)",3,0,2016-10-12,6,5,False
2016-10-12 06:25:00,26,0,2,"[06:25:00,06:45:00)",3,0,2016-10-12,6,25,False
2016-10-12 06:45:00,49,0,2,"[06:45:00,07:05:00)",3,0,2016-10-12,6,45,False
2016-10-12 07:05:00,106,0,2,"[07:05:00,07:25:00)",3,0,2016-10-12,7,5,False
2016-10-12 07:25:00,93,0,2,"[07:25:00,07:45:00)",3,0,2016-10-12,7,25,False
2016-10-12 07:45:00,126,0,2,"[07:45:00,08:05:00)",3,0,2016-10-12,7,45,False
2016-10-12 08:05:00,130,0,2,"[08:05:00,08:25:00)",3,0,2016-10-12,8,5,False
2016-10-12 08:25:00,121,0,2,"[08:25:00,08:45:00)",3,0,2016-10-12,8,25,False
2016-10-12 08:45:00,118,0,2,"[08:45:00,09:05:00)",3,0,2016-10-12,8,45,False
2016-10-12 09:05:00,103,0,2,"[09:05:00,09:25:00)",3,0,2016-10-12,9,5,False
2016-10-12 09:25:00,106,0,2,"[09:25:00,09:45:00)",3,0,2016-10-12,9,25,False
2016-10-12 09:45:00,79,0,2,"[09:45:00,10:05:00)",3,0,2016-10-12,9,45,False
2016-10-12 10:05:00,82,0,2,"[10:05:00,10:25:00)",3,0,2016-10-12,10,5,False
2016-10-12 10:25:00,61,0,2,"[10:25:00,10:45:00)",3,0,2016-10-12,10,25,False
2016-10-12 10:45:00,65,0,2,"[10:45:00,11:05:00)",3,0,2016-10-12,10,45,False
2016-10-12 11:05:00,55,0,2,"[11:05:00,11:25:00)",3,0,2016-10-12,11,5,False
2016-10-12 11:25:00,50,0,2,"[11:25:00,11:45:00)",3,0,2016-10-12,11,25,False
2016-10-12 11:45:00,45,0,2,"[11:45:00,12:05:00)",3,0,2016-10-12,11,45,False
2016-10-12 12:05:00,53,0,2,"[12:05:00,12:25:00)",3,0,2016-10-12,12,5,False
2016-10-12 12:25:00,82,0,2,"[12:25:00,12:45:00)",3,0,2016-10-12,12,25,False
2016-10-12 12:45:00,62,0,2,"[12:45:00,13:05:00)",3,0,2016-10-12,12,45,False
2016-10-12 13:05:00,73,0,2,"[13:05:00,13:25:00)",3,0,2016-10-12,13,5,False
2016-10-12 13:25:00,70,0,2,"[13:25:00,13:45:00)",3,0,2016-10-12,13,25,False
2016-10-12 13:45:00,67,0,2,"[13:45:00,14:05:00)",3,0,2016-10-12,13,45,False
2016-10-12 14:05:00,69,0,2,"[14:05:00,14:25:00)",3,0,2016-10-12,14,5,False
2016-10-12 14:25:00,78,0,2,"[14:25:00,14:45:00)",3,0,2016-10-12,14,25,False
2016-10-12 14:45:00,65,0,2,"[14:45:00,15:05:00)",3,0,2016-10-12,14,45,False
2016-10-12 15:05:00,73,0,2,"[15:05:00,15:25:00)",3,0,2016-10-12,15,5,False
2016-10-12 15:25:00,67,0,2,"[15:25:00,15:45:00)",3,0,2016-10-12,15,25,False
2016-10-12 15:45:00,74,0,2,"[15:45:00,16:05:00)",3,0,2016-10-12,15,45,False
2016-10-12 16:05:00,73,0,2,"[16:05:00,16:25:00)",3,0,2016-10-12,16,5,False
2016-10-12 16:25:00,77,0,2,"[16:25:00,16:45:00)",3,0,2016-10-12,16,25,False
2016-10-12 16:45:00,80,0,2,"[16:45:00,17:05:00)",3,0,2016-10-12,16,45,False
2016-10-12 17:05:00,72,0,2,"[17:05:00,17:25:00)",3,0,2016-10-12,17,5,False
2016-10-12 17:25:00,80,0,2,"[17:25:00,17:45:00)",3,0,2016-10-12,17,25,False
2016-10-12 17:45:00,82,0,2,"[17:45:00,18:05:00)",3,0,2016-10-12,17,45,False
2016-10-12 18:05:00,61,0,2,"[18:05:00,18:25:00)",3,0,2016-10-12,18,5,False
2016-10-12 18:25:00,61,0,2,"[18:25:00,18:45:00)",3,0,2016-10-12,18,25,False
2016-10-12 18:45:00,54,0,2,"[18:45:00,19:05:00)",3,0,2016-10-12,18,45,False
2016-10-12 19:05:00,45,0,2,"[19:05:00,19:25:00)",3,0,2016-10-12,19,5,False
2016-10-12 19:25:00,44,0,2,"[19:25:00,19:45:00)",3,0,2016-10-12,19,25,False
2016-10-12 19:45:00,24,0,2,"[19:45:00,20:05:00)",3,0,2016-10-12,19,45,False
2016-10-12 20:05:00,33,0,2,"[20:05:00,20:25:00)",3,0,2016-10-12,20,5,False
2016-10-12 20:25:00,23,0,2,"[20:25:00,20:45:00)",3,0,2016-10-12,20,25,False
2016-10-12 20:45:00,38,0,2,"[20:45:00,21:05:00)",3,0,2016-10-12,20,45,False
2016-10-12 21:05:00,30,0,2,"[21:05:00,21:25:00)",3,0,2016-10-12,21,5,False
2016-10-12 21:25:00,20,0,2,"[21:25:00,21:45:00)",3,0,2016-10-12,21,25,False
2016-10-12 21:45:00,25,0,2,"[21:45:00,22:05:00)",3,0,2016-10-12,21,45,False
2016-10-12 22:05:00,17,0,2,"[22:05:00,22:25:00)",3,0,2016-10-12,22,5,False
2016-10-12 22:25:00,13,0,2,"[22:25:00,22:45:00)",3,0,2016-10-12,22,25,False
2016-10-12 22:45:00,14,0,2,"[22:45:00,23:05:00)",3,0,2016-10-12,22,45,False
2016-10-12 23:05:00,14,0,2,"[23:05:00,23:25:00)",3,0,2016-10-12,23,5,False
2016-10-12 23:25:00,10,0,2,"[23:25:00,23:45:00)",3,0,2016-10-12,23,25,False
2016-10-12 23:45:00,6,0,2,"[23:45:00,00:00:00)",3,0,2016-10-12,23,45,False
2016-10-13 00:05:00,5,0,2,"[00:05:00,00:25:00)",4,0,2016-10-13,0,5,False
2016-10-13 00:25:00,1,0,2,"[00:25:00,00:45:00)",4,0,2016-10-13,0,25,False
2016-10-13 00:45:00,0,0,2,"[00:45:00,01:05:00)",4,0,2016-10-13,0,45,False
2016-10-13 01:05:00,1,0,2,"[01:05:00,01:25:00)",4,0,2016-10-13,1,5,False
2016-10-13 01:25:00,2,0,2,"[01:25:00,01:45:00)",4,0,2016-10-13,1,25,False
2016-10-13 01:45:00,1,0,2,"[01:45:00,02:05:00)",4,0,2016-10-13,1,45,False
2016-10-13 02:05:00,0,0,2,"[02:05:00,02:25:00)",4,0,2016-10-13,2,5,False
2016-10-13 02:25:00,0,0,2,"[02:25:00,02:45:00)",4,0,2016-10-13,2,25,False
2016-10-13 02:45:00,0,0,2,"[02:45:00,03:05:00)",4,0,2016-10-13,2,45,False
2016-10-13 03:05:00,1,0,2,"[03:05:00,03:25:00)",4,0,2016-10-13,3,5,False
2016-10-13 03:25:00,0,0,2,"[03:25:00,03:45:00)",4,0,2016-10-13,3,25,False
2016-10-13 03:45:00,0,0,2,"[03:45:00,04:05:00)",4,0,2016-10-13,3,45,False
2016-10-13 04:05:00,0,0,2,"[04:05:00,04:25:00)",4,0,2016-10-13,4,5,False
2016-10-13 04:25:00,2,0,2,"[04:25:00,04:45:00)",4,0,2016-10-13,4,25,False
2016-10-13 04:45:00,1,0,2,"[04:45:00,05:05:00)",4,0,2016-10-13,4,45,False
2016-10-13 05:05:00,25,0,2,"[05:05:00,05:25:00)",4,0,2016-10-13,5,5,False
2016-10-13 05:25:00,20,0,2,"[05:25:00,05:45:00)",4,0,2016-10-13,5,25,False
2016-10-13 05:45:00,13,0,2,"[05:45:00,06:05:00)",4,0,2016-10-13,5,45,False
2016-10-13 06:05:00,32,0,2,"[06:05:00,06:25:00)",4,0,2016-10-13,6,5,False
2016-10-13 06:25:00,58,0,2,"[06:25:00,06:45:00)",4,0,2016-10-13,6,25,False
2016-10-13 06:45:00,63,0,2,"[06:45:00,07:05:00)",4,0,2016-10-13,6,45,False
2016-10-13 07:05:00,106,0,2,"[07:05:00,07:25:00)",4,0,2016-10-13,7,5,False
2016-10-13 07:25:00,113,0,2,"[07:25:00,07:45:00)",4,0,2016-10-13,7,25,False
2016-10-13 07:45:00,137,0,2,"[07:45:00,08:05:00)",4,0,2016-10-13,7,45,False
2016-10-13 08:05:00,119,0,2,"[08:05:00,08:25:00)",4,0,2016-10-13,8,5,False
2016-10-13 08:25:00,113,0,2,"[08:25:00,08:45:00)",4,0,2016-10-13,8,25,False
2016-10-13 08:45:00,124,0,2,"[08:45:00,09:05:00)",4,0,2016-10-13,8,45,False
2016-10-13 09:05:00,125,0,2,"[09:05:00,09:25:00)",4,0,2016-10-13,9,5,False
2016-10-13 09:25:00,97,0,2,"[09:25:00,09:45:00)",4,0,2016-10-13,9,25,False
2016-10-13 09:45:00,76,0,2,"[09:45:00,10:05:00)",4,0,2016-10-13,9,45,False
2016-10-13 10:05:00,66,0,2,"[10:05:00,10:25:00)",4,0,2016-10-13,10,5,False
2016-10-13 10:25:00,76,0,2,"[10:25:00,10:45:00)",4,0,2016-10-13,10,25,False
2016-10-13 10:45:00,76,0,2,"[10:45:00,11:05:00)",4,0,2016-10-13,10,45,False
2016-10-13 11:05:00,79,0,2,"[11:05:00,11:25:00)",4,0,2016-10-13,11,5,False
2016-10-13 11:25:00,58,0,2,"[11:25:00,11:45:00)",4,0,2016-10-13,11,25,False
2016-10-13 11:45:00,63,0,2,"[11:45:00,12:05:00)",4,0,2016-10-13,11,45,False
2016-10-13 12:05:00,66,0,2,"[12:05:00,12:25:00)",4,0,2016-10-13,12,5,False
2016-10-13 12:25:00,71,0,2,"[12:25:00,12:45:00)",4,0,2016-10-13,12,25,False
2016-10-13 12:45:00,72,0,2,"[12:45:00,13:05:00)",4,0,2016-10-13,12,45,False
2016-10-13 13:05:00,73,0,2,"[13:05:00,13:25:00)",4,0,2016-10-13,13,5,False
2016-10-13 13:25:00,81,0,2,"[13:25:00,13:45:00)",4,0,2016-10-13,13,25,False
2016-10-13 13:45:00,70,0,2,"[13:45:00,14:05:00)",4,0,2016-10-13,13,45,False
2016-10-13 14:05:00,91,0,2,"[14:05:00,14:25:00)",4,0,2016-10-13,14,5,False
2016-10-13 14:25:00,79,0,2,"[14:25:00,14:45:00)",4,0,2016-10-13,14,25,False
2016-10-13 14:45:00,88,0,2,"[14:45:00,15:05:00)",4,0,2016-10-13,14,45,False
2016-10-13 15:05:00,95,0,2,"[15:05:00,15:25:00)",4,0,2016-10-13,15,5,False
2016-10-13 15:25:00,74,0,2,"[15:25:00,15:45:00)",4,0,2016-10-13,15,25,False
2016-10-13 15:45:00,76,0,2,"[15:45:00,16:05:00)",4,0,2016-10-13,15,45,False
2016-10-13 16:05:00,72,0,2,"[16:05:00,16:25:00)",4,0,2016-10-13,16,5,False
2016-10-13 16:25:00,86,0,2,"[16:25:00,16:45:00)",4,0,2016-10-13,16,25,False
2016-10-13 16:45:00,68,0,2,"[16:45:00,17:05:00)",4,0,2016-10-13,16,45,False
2016-10-13 17:05:00,81,0,2,"[17:05:00,17:25:00)",4,0,2016-10-13,17,5,False
2016-10-13 17:25:00,81,0,2,"[17:25:00,17:45:00)",4,0,2016-10-13,17,25,False
2016-10-13 17:45:00,73,0,2,"[17:45:00,18:05:00)",4,0,2016-10-13,17,45,False
2016-10-13 18:05:00,75,0,2,"[18:05:00,18:25:00)",4,0,2016-10-13,18,5,False
2016-10-13 18:25:00,60,0,2,"[18:25:00,18:45:00)",4,0,2016-10-13,18,25,False
2016-10-13 18:45:00,58,0,2,"[18:45:00,19:05:00)",4,0,2016-10-13,18,45,False
2016-10-13 19:05:00,39,0,2,"[19:05:00,19:25:00)",4,0,2016-10-13,19,5,False
2016-10-13 19:25:00,47,0,2,"[19:25:00,19:45:00)",4,0,2016-10-13,19,25,False
2016-10-13 19:45:00,39,0,2,"[19:45:00,20:05:00)",4,0,2016-10-13,19,45,False
2016-10-13 20:05:00,45,0,2,"[20:05:00,20:25:00)",4,0,2016-10-13,20,5,False
2016-10-13 20:25:00,35,0,2,"[20:25:00,20:45:00)",4,0,2016-10-13,20,25,False
2016-10-13 20:45:00,33,0,2,"[20:45:00,21:05:00)",4,0,2016-10-13,20,45,False
2016-10-13 21:05:00,33,0,2,"[21:05:00,21:25:00)",4,0,2016-10-13,21,5,False
2016-10-13 21:25:00,25,0,2,"[21:25:00,21:45:00)",4,0,2016-10-13,21,25,False
2016-10-13 21:45:00,17,0,2,"[21:45:00,22:05:00)",4,0,2016-10-13,21,45,False
2016-10-13 22:05:00,19,0,2,"[22:05:00,22:25:00)",4,0,2016-10-13,22,5,False
2016-10-13 22:25:00,12,0,2,"[22:25:00,22:45:00)",4,0,2016-10-13,22,25,False
2016-10-13 22:45:00,16,0,2,"[22:45:00,23:05:00)",4,0,2016-10-13,22,45,False
2016-10-13 23:05:00,6,0,2,"[23:05:00,23:25:00)",4,0,2016-10-13,23,5,False
2016-10-13 23:25:00,10,0,2,"[23:25:00,23:45:00)",4,0,2016-10-13,23,25,False
2016-10-13 23:45:00,7,0,2,"[23:45:00,00:00:00)",4,0,2016-10-13,23,45,False
2016-10-14 00:05:00,1,0,2,"[00:05:00,00:25:00)",5,0,2016-10-14,0,5,False
2016-10-14 00:25:00,1,0,2,"[00:25:00,00:45:00)",5,0,2016-10-14,0,25,False
2016-10-14 00:45:00,1,0,2,"[00:45:00,01:05:00)",5,0,2016-10-14,0,45,False
2016-10-14 01:05:00,0,0,2,"[01:05:00,01:25:00)",5,0,2016-10-14,1,5,False
2016-10-14 01:25:00,0,0,2,"[01:25:00,01:45:00)",5,0,2016-10-14,1,25,False
2016-10-14 01:45:00,1,0,2,"[01:45:00,02:05:00)",5,0,2016-10-14,1,45,False
2016-10-14 02:05:00,0,0,2,"[02:05:00,02:25:00)",5,0,2016-10-14,2,5,False
2016-10-14 02:25:00,0,0,2,"[02:25:00,02:45:00)",5,0,2016-10-14,2,25,False
2016-10-14 02:45:00,2,0,2,"[02:45:00,03:05:00)",5,0,2016-10-14,2,45,False
2016-10-14 03:05:00,1,0,2,"[03:05:00,03:25:00)",5,0,2016-10-14,3,5,False
2016-10-14 03:25:00,1,0,2,"[03:25:00,03:45:00)",5,0,2016-10-14,3,25,False
2016-10-14 03:45:00,0,0,2,"[03:45:00,04:05:00)",5,0,2016-10-14,3,45,False
2016-10-14 04:05:00,0,0,2,"[04:05:00,04:25:00)",5,0,2016-10-14,4,5,False
2016-10-14 04:25:00,2,0,2,"[04:25:00,04:45:00)",5,0,2016-10-14,4,25,False
2016-10-14 04:45:00,9,0,2,"[04:45:00,05:05:00)",5,0,2016-10-14,4,45,False
2016-10-14 05:05:00,12,0,2,"[05:05:00,05:25:00)",5,0,2016-10-14,5,5,False
2016-10-14 05:25:00,14,0,2,"[05:25:00,05:45:00)",5,0,2016-10-14,5,25,False
2016-10-14 05:45:00,18,0,2,"[05:45:00,06:05:00)",5,0,2016-10-14,5,45,False
2016-10-14 06:05:00,29,0,2,"[06:05:00,06:25:00)",5,0,2016-10-14,6,5,False
2016-10-14 06:25:00,42,0,2,"[06:25:00,06:45:00)",5,0,2016-10-14,6,25,False
2016-10-14 06:45:00,54,0,2,"[06:45:00,07:05:00)",5,0,2016-10-14,6,45,False
2016-10-14 07:05:00,92,0,2,"[07:05:00,07:25:00)",5,0,2016-10-14,7,5,False
2016-10-14 07:25:00,106,0,2,"[07:25:00,07:45:00)",5,0,2016-10-14,7,25,False
2016-10-14 07:45:00,114,0,2,"[07:45:00,08:05:00)",5,0,2016-10-14,7,45,False
2016-10-14 08:05:00,112,0,2,"[08:05:00,08:25:00)",5,0,2016-10-14,8,5,False
2016-10-14 08:25:00,134,0,2,"[08:25:00,08:45:00)",5,0,2016-10-14,8,25,False
2016-10-14 08:45:00,131,0,2,"[08:45:00,09:05:00)",5,0,2016-10-14,8,45,False
2016-10-14 09:05:00,107,0,2,"[09:05:00,09:25:00)",5,0,2016-10-14,9,5,False
2016-10-14 09:25:00,105,0,2,"[09:25:00,09:45:00)",5,0,2016-10-14,9,25,False
2016-10-14 09:45:00,92,0,2,"[09:45:00,10:05:00)",5,0,2016-10-14,9,45,False
2016-10-14 10:05:00,112,0,2,"[10:05:00,10:25:00)",5,0,2016-10-14,10,5,False
2016-10-14 10:25:00,84,0,2,"[10:25:00,10:45:00)",5,0,2016-10-14,10,25,False
2016-10-14 10:45:00,60,0,2,"[10:45:00,11:05:00)",5,0,2016-10-14,10,45,False
2016-10-14 11:05:00,86,0,2,"[11:05:00,11:25:00)",5,0,2016-10-14,11,5,False
2016-10-14 11:25:00,62,0,2,"[11:25:00,11:45:00)",5,0,2016-10-14,11,25,False
2016-10-14 11:45:00,61,0,2,"[11:45:00,12:05:00)",5,0,2016-10-14,11,45,False
2016-10-14 12:05:00,73,0,2,"[12:05:00,12:25:00)",5,0,2016-10-14,12,5,False
2016-10-14 12:25:00,86,0,2,"[12:25:00,12:45:00)",5,0,2016-10-14,12,25,False
2016-10-14 12:45:00,83,0,2,"[12:45:00,13:05:00)",5,0,2016-10-14,12,45,False
2016-10-14 13:05:00,92,0,2,"[13:05:00,13:25:00)",5,0,2016-10-14,13,5,False
2016-10-14 13:25:00,79,0,2,"[13:25:00,13:45:00)",5,0,2016-10-14,13,25,False
2016-10-14 13:45:00,107,0,2,"[13:45:00,14:05:00)",5,0,2016-10-14,13,45,False
2016-10-14 14:05:00,97,0,2,"[14:05:00,14:25:00)",5,0,2016-10-14,14,5,False
2016-10-14 14:25:00,95,0,2,"[14:25:00,14:45:00)",5,0,2016-10-14,14,25,False
2016-10-14 14:45:00,78,0,2,"[14:45:00,15:05:00)",5,0,2016-10-14,14,45,False
2016-10-14 15:05:00,90,0,2,"[15:05:00,15:25:00)",5,0,2016-10-14,15,5,False
2016-10-14 15:25:00,107,0,2,"[15:25:00,15:45:00)",5,0,2016-10-14,15,25,False
2016-10-14 15:45:00,94,0,2,"[15:45:00,16:05:00)",5,0,2016-10-14,15,45,False
2016-10-14 16:05:00,99,0,2,"[16:05:00,16:25:00)",5,0,2016-10-14,16,5,False
2016-10-14 16:25:00,98,0,2,"[16:25:00,16:45:00)",5,0,2016-10-14,16,25,False
2016-10-14 16:45:00,75,0,2,"[16:45:00,17:05:00)",5,0,2016-10-14,16,45,False
2016-10-14 17:05:00,92,0,2,"[17:05:00,17:25:00)",5,0,2016-10-14,17,5,False
2016-10-14 17:25:00,94,0,2,"[17:25:00,17:45:00)",5,0,2016-10-14,17,25,False
2016-10-14 17:45:00,68,0,2,"[17:45:00,18:05:00)",5,0,2016-10-14,17,45,False
2016-10-14 18:05:00,79,0,2,"[18:05:00,18:25:00)",5,0,2016-10-14,18,5,False
2016-10-14 18:25:00,87,0,2,"[18:25:00,18:45:00)",5,0,2016-10-14,18,25,False
2016-10-14 18:45:00,71,0,2,"[18:45:00,19:05:00)",5,0,2016-10-14,18,45,False
2016-10-14 19:05:00,46,0,2,"[19:05:00,19:25:00)",5,0,2016-10-14,19,5,False
2016-10-14 19:25:00,51,0,2,"[19:25:00,19:45:00)",5,0,2016-10-14,19,25,False
2016-10-14 19:45:00,45,0,2,"[19:45:00,20:05:00)",5,0,2016-10-14,19,45,False
2016-10-14 20:05:00,52,0,2,"[20:05:00,20:25:00)",5,0,2016-10-14,20,5,False
2016-10-14 20:25:00,32,0,2,"[20:25:00,20:45:00)",5,0,2016-10-14,20,25,False
2016-10-14 20:45:00,38,0,2,"[20:45:00,21:05:00)",5,0,2016-10-14,20,45,False
2016-10-14 21:05:00,24,0,2,"[21:05:00,21:25:00)",5,0,2016-10-14,21,5,False
2016-10-14 21:25:00,30,0,2,"[21:25:00,21:45:00)",5,0,2016-10-14,21,25,False
2016-10-14 21:45:00,33,0,2,"[21:45:00,22:05:00)",5,0,2016-10-14,21,45,False
2016-10-14 22:05:00,23,0,2,"[22:05:00,22:25:00)",5,0,2016-10-14,22,5,False
2016-10-14 22:25:00,26,0,2,"[22:25:00,22:45:00)",5,0,2016-10-14,22,25,False
2016-10-14 22:45:00,17,0,2,"[22:45:00,23:05:00)",5,0,2016-10-14,22,45,False
2016-10-14 23:05:00,11,0,2,"[23:05:00,23:25:00)",5,0,2016-10-14,23,5,False
2016-10-14 23:25:00,9,0,2,"[23:25:00,23:45:00)",5,0,2016-10-14,23,25,False
2016-10-14 23:45:00,7,0,2,"[23:45:00,00:00:00)",5,0,2016-10-14,23,45,False
2016-10-15 00:05:00,2,0,2,"[00:05:00,00:25:00)",6,1,2016-10-15,0,5,False
2016-10-15 00:25:00,2,0,2,"[00:25:00,00:45:00)",6,1,2016-10-15,0,25,False
2016-10-15 00:45:00,1,0,2,"[00:45:00,01:05:00)",6,1,2016-10-15,0,45,False
2016-10-15 01:05:00,1,0,2,"[01:05:00,01:25:00)",6,1,2016-10-15,1,5,False
2016-10-15 01:25:00,2,0,2,"[01:25:00,01:45:00)",6,1,2016-10-15,1,25,False
2016-10-15 01:45:00,1,0,2,"[01:45:00,02:05:00)",6,1,2016-10-15,1,45,False
2016-10-15 02:05:00,0,0,2,"[02:05:00,02:25:00)",6,1,2016-10-15,2,5,False
2016-10-15 02:25:00,1,0,2,"[02:25:00,02:45:00)",6,1,2016-10-15,2,25,False
2016-10-15 02:45:00,1,0,2,"[02:45:00,03:05:00)",6,1,2016-10-15,2,45,False
2016-10-15 03:05:00,0,0,2,"[03:05:00,03:25:00)",6,1,2016-10-15,3,5,False
2016-10-15 03:25:00,0,0,2,"[03:25:00,03:45:00)",6,1,2016-10-15,3,25,False
2016-10-15 03:45:00,0,0,2,"[03:45:00,04:05:00)",6,1,2016-10-15,3,45,False
2016-10-15 04:05:00,0,0,2,"[04:05:00,04:25:00)",6,1,2016-10-15,4,5,False
2016-10-15 04:25:00,1,0,2,"[04:25:00,04:45:00)",6,1,2016-10-15,4,25,False
2016-10-15 04:45:00,6,0,2,"[04:45:00,05:05:00)",6,1,2016-10-15,4,45,False
2016-10-15 05:05:00,16,0,2,"[05:05:00,05:25:00)",6,1,2016-10-15,5,5,False
2016-10-15 05:25:00,18,0,2,"[05:25:00,05:45:00)",6,1,2016-10-15,5,25,False
2016-10-15 05:45:00,19,0,2,"[05:45:00,06:05:00)",6,1,2016-10-15,5,45,False
2016-10-15 06:05:00,26,0,2,"[06:05:00,06:25:00)",6,1,2016-10-15,6,5,False
2016-10-15 06:25:00,2,0,2,"[06:25:00,06:45:00)",6,1,2016-10-15,6,25,False
2016-10-15 06:45:00,0,0,2,"[06:45:00,07:05:00)",6,1,2016-10-15,6,45,False
2016-10-15 07:05:00,0,0,2,"[07:05:00,07:25:00)",6,1,2016-10-15,7,5,False
2016-10-15 07:25:00,71,0,2,"[07:25:00,07:45:00)",6,1,2016-10-15,7,25,False
2016-10-15 07:45:00,81,0,2,"[07:45:00,08:05:00)",6,1,2016-10-15,7,45,False
2016-10-15 08:05:00,116,0,2,"[08:05:00,08:25:00)",6,1,2016-10-15,8,5,False
2016-10-15 08:25:00,106,0,2,"[08:25:00,08:45:00)",6,1,2016-10-15,8,25,False
2016-10-15 08:45:00,111,0,2,"[08:45:00,09:05:00)",6,1,2016-10-15,8,45,False
2016-10-15 09:05:00,102,0,2,"[09:05:00,09:25:00)",6,1,2016-10-15,9,5,False
2016-10-15 09:25:00,130,0,2,"[09:25:00,09:45:00)",6,1,2016-10-15,9,25,False
2016-10-15 09:45:00,96,0,2,"[09:45:00,10:05:00)",6,1,2016-10-15,9,45,False
2016-10-15 10:05:00,103,0,2,"[10:05:00,10:25:00)",6,1,2016-10-15,10,5,False
2016-10-15 10:25:00,106,0,2,"[10:25:00,10:45:00)",6,1,2016-10-15,10,25,False
2016-10-15 10:45:00,99,0,2,"[10:45:00,11:05:00)",6,1,2016-10-15,10,45,False
2016-10-15 11:05:00,79,0,2,"[11:05:00,11:25:00)",6,1,2016-10-15,11,5,False
2016-10-15 11:25:00,64,0,2,"[11:25:00,11:45:00)",6,1,2016-10-15,11,25,False
2016-10-15 11:45:00,69,0,2,"[11:45:00,12:05:00)",6,1,2016-10-15,11,45,False
2016-10-15 12:05:00,63,0,2,"[12:05:00,12:25:00)",6,1,2016-10-15,12,5,False
2016-10-15 12:25:00,86,0,2,"[12:25:00,12:45:00)",6,1,2016-10-15,12,25,False
2016-10-15 12:45:00,80,0,2,"[12:45:00,13:05:00)",6,1,2016-10-15,12,45,False
2016-10-15 13:05:00,85,0,2,"[13:05:00,13:25:00)",6,1,2016-10-15,13,5,False
2016-10-15 13:25:00,84,0,2,"[13:25:00,13:45:00)",6,1,2016-10-15,13,25,False
2016-10-15 13:45:00,96,0,2,"[13:45:00,14:05:00)",6,1,2016-10-15,13,45,False
2016-10-15 14:05:00,77,0,2,"[14:05:00,14:25:00)",6,1,2016-10-15,14,5,False
2016-10-15 14:25:00,87,0,2,"[14:25:00,14:45:00)",6,1,2016-10-15,14,25,False
2016-10-15 14:45:00,60,0,2,"[14:45:00,15:05:00)",6,1,2016-10-15,14,45,False
2016-10-15 15:05:00,80,0,2,"[15:05:00,15:25:00)",6,1,2016-10-15,15,5,False
2016-10-15 15:25:00,87,0,2,"[15:25:00,15:45:00)",6,1,2016-10-15,15,25,False
2016-10-15 15:45:00,81,0,2,"[15:45:00,16:05:00)",6,1,2016-10-15,15,45,False
2016-10-15 16:05:00,82,0,2,"[16:05:00,16:25:00)",6,1,2016-10-15,16,5,False
2016-10-15 16:25:00,84,0,2,"[16:25:00,16:45:00)",6,1,2016-10-15,16,25,False
2016-10-15 16:45:00,80,0,2,"[16:45:00,17:05:00)",6,1,2016-10-15,16,45,False
2016-10-15 17:05:00,79,0,2,"[17:05:00,17:25:00)",6,1,2016-10-15,17,5,False
2016-10-15 17:25:00,75,0,2,"[17:25:00,17:45:00)",6,1,2016-10-15,17,25,False
2016-10-15 17:45:00,54,0,2,"[17:45:00,18:05:00)",6,1,2016-10-15,17,45,False
2016-10-15 18:05:00,33,0,2,"[18:05:00,18:25:00)",6,1,2016-10-15,18,5,False
2016-10-15 18:25:00,36,0,2,"[18:25:00,18:45:00)",6,1,2016-10-15,18,25,False
2016-10-15 18:45:00,38,0,2,"[18:45:00,19:05:00)",6,1,2016-10-15,18,45,False
2016-10-15 19:05:00,41,0,2,"[19:05:00,19:25:00)",6,1,2016-10-15,19,5,False
2016-10-15 19:25:00,33,0,2,"[19:25:00,19:45:00)",6,1,2016-10-15,19,25,False
2016-10-15 19:45:00,34,0,2,"[19:45:00,20:05:00)",6,1,2016-10-15,19,45,False
2016-10-15 20:05:00,38,0,2,"[20:05:00,20:25:00)",6,1,2016-10-15,20,5,False
2016-10-15 20:25:00,47,0,2,"[20:25:00,20:45:00)",6,1,2016-10-15,20,25,False
2016-10-15 20:45:00,31,0,2,"[20:45:00,21:05:00)",6,1,2016-10-15,20,45,False
2016-10-15 21:05:00,29,0,2,"[21:05:00,21:25:00)",6,1,2016-10-15,21,5,False
2016-10-15 21:25:00,17,0,2,"[21:25:00,21:45:00)",6,1,2016-10-15,21,25,False
2016-10-15 21:45:00,24,0,2,"[21:45:00,22:05:00)",6,1,2016-10-15,21,45,False
2016-10-15 22:05:00,15,0,2,"[22:05:00,22:25:00)",6,1,2016-10-15,22,5,False
2016-10-15 22:25:00,13,0,2,"[22:25:00,22:45:00)",6,1,2016-10-15,22,25,False
2016-10-15 22:45:00,7,0,2,"[22:45:00,23:05:00)",6,1,2016-10-15,22,45,False
2016-10-15 23:05:00,7,0,2,"[23:05:00,23:25:00)",6,1,2016-10-15,23,5,False
2016-10-15 23:25:00,8,0,2,"[23:25:00,23:45:00)",6,1,2016-10-15,23,25,False
2016-10-15 23:45:00,7,0,2,"[23:45:00,00:00:00)",6,1,2016-10-15,23,45,False
2016-10-16 00:05:00,1,0,2,"[00:05:00,00:25:00)",7,1,2016-10-16,0,5,False
2016-10-16 00:25:00,0,0,2,"[00:25:00,00:45:00)",7,1,2016-10-16,0,25,False
2016-10-16 00:45:00,1,0,2,"[00:45:00,01:05:00)",7,1,2016-10-16,0,45,False
2016-10-16 01:05:00,2,0,2,"[01:05:00,01:25:00)",7,1,2016-10-16,1,5,False
2016-10-16 01:25:00,1,0,2,"[01:25:00,01:45:00)",7,1,2016-10-16,1,25,False
2016-10-16 01:45:00,0,0,2,"[01:45:00,02:05:00)",7,1,2016-10-16,1,45,False
2016-10-16 02:05:00,0,0,2,"[02:05:00,02:25:00)",7,1,2016-10-16,2,5,False
2016-10-16 02:25:00,0,0,2,"[02:25:00,02:45:00)",7,1,2016-10-16,2,25,False
2016-10-16 02:45:00,0,0,2,"[02:45:00,03:05:00)",7,1,2016-10-16,2,45,False
2016-10-16 03:05:00,0,0,2,"[03:05:00,03:25:00)",7,1,2016-10-16,3,5,False
2016-10-16 03:25:00,1,0,2,"[03:25:00,03:45:00)",7,1,2016-10-16,3,25,False
2016-10-16 03:45:00,0,0,2,"[03:45:00,04:05:00)",7,1,2016-10-16,3,45,False
2016-10-16 04:05:00,0,0,2,"[04:05:00,04:25:00)",7,1,2016-10-16,4,5,False
2016-10-16 04:25:00,0,0,2,"[04:25:00,04:45:00)",7,1,2016-10-16,4,25,False
2016-10-16 04:45:00,1,0,2,"[04:45:00,05:05:00)",7,1,2016-10-16,4,45,False
2016-10-16 05:05:00,17,0,2,"[05:05:00,05:25:00)",7,1,2016-10-16,5,5,False
2016-10-16 05:25:00,11,0,2,"[05:25:00,05:45:00)",7,1,2016-10-16,5,25,False
2016-10-16 05:45:00,21,0,2,"[05:45:00,06:05:00)",7,1,2016-10-16,5,45,False
2016-10-16 06:05:00,20,0,2,"[06:05:00,06:25:00)",7,1,2016-10-16,6,5,False
2016-10-16 06:25:00,29,0,2,"[06:25:00,06:45:00)",7,1,2016-10-16,6,25,False
2016-10-16 06:45:00,30,0,2,"[06:45:00,07:05:00)",7,1,2016-10-16,6,45,False
2016-10-16 07:05:00,52,0,2,"[07:05:00,07:25:00)",7,1,2016-10-16,7,5,False
2016-10-16 07:25:00,70,0,2,"[07:25:00,07:45:00)",7,1,2016-10-16,7,25,False
2016-10-16 07:45:00,56,0,2,"[07:45:00,08:05:00)",7,1,2016-10-16,7,45,False
2016-10-16 08:05:00,92,0,2,"[08:05:00,08:25:00)",7,1,2016-10-16,8,5,False
2016-10-16 08:25:00,87,0,2,"[08:25:00,08:45:00)",7,1,2016-10-16,8,25,False
2016-10-16 08:45:00,105,0,2,"[08:45:00,09:05:00)",7,1,2016-10-16,8,45,False
2016-10-16 09:05:00,97,0,2,"[09:05:00,09:25:00)",7,1,2016-10-16,9,5,False
2016-10-16 09:25:00,98,0,2,"[09:25:00,09:45:00)",7,1,2016-10-16,9,25,False
2016-10-16 09:45:00,92,0,2,"[09:45:00,10:05:00)",7,1,2016-10-16,9,45,False
2016-10-16 10:05:00,83,0,2,"[10:05:00,10:25:00)",7,1,2016-10-16,10,5,False
2016-10-16 10:25:00,81,0,2,"[10:25:00,10:45:00)",7,1,2016-10-16,10,25,False
2016-10-16 10:45:00,93,0,2,"[10:45:00,11:05:00)",7,1,2016-10-16,10,45,False
2016-10-16 11:05:00,73,0,2,"[11:05:00,11:25:00)",7,1,2016-10-16,11,5,False
2016-10-16 11:25:00,67,0,2,"[11:25:00,11:45:00)",7,1,2016-10-16,11,25,False
2016-10-16 11:45:00,65,0,2,"[11:45:00,12:05:00)",7,1,2016-10-16,11,45,False
2016-10-16 12:05:00,61,0,2,"[12:05:00,12:25:00)",7,1,2016-10-16,12,5,False
2016-10-16 12:25:00,65,0,2,"[12:25:00,12:45:00)",7,1,2016-10-16,12,25,False
2016-10-16 12:45:00,82,0,2,"[12:45:00,13:05:00)",7,1,2016-10-16,12,45,False
2016-10-16 13:05:00,69,0,2,"[13:05:00,13:25:00)",7,1,2016-10-16,13,5,False
2016-10-16 13:25:00,71,0,2,"[13:25:00,13:45:00)",7,1,2016-10-16,13,25,False
2016-10-16 13:45:00,78,0,2,"[13:45:00,14:05:00)",7,1,2016-10-16,13,45,False
2016-10-16 14:05:00,65,0,2,"[14:05:00,14:25:00)",7,1,2016-10-16,14,5,False
2016-10-16 14:25:00,74,0,2,"[14:25:00,14:45:00)",7,1,2016-10-16,14,25,False
2016-10-16 14:45:00,81,0,2,"[14:45:00,15:05:00)",7,1,2016-10-16,14,45,False
2016-10-16 15:05:00,66,0,2,"[15:05:00,15:25:00)",7,1,2016-10-16,15,5,False
2016-10-16 15:25:00,93,0,2,"[15:25:00,15:45:00)",7,1,2016-10-16,15,25,False
2016-10-16 15:45:00,62,0,2,"[15:45:00,16:05:00)",7,1,2016-10-16,15,45,False
2016-10-16 16:05:00,92,0,2,"[16:05:00,16:25:00)",7,1,2016-10-16,16,5,False
2016-10-16 16:25:00,94,0,2,"[16:25:00,16:45:00)",7,1,2016-10-16,16,25,False
2016-10-16 16:45:00,68,0,2,"[16:45:00,17:05:00)",7,1,2016-10-16,16,45,False
2016-10-16 17:05:00,87,0,2,"[17:05:00,17:25:00)",7,1,2016-10-16,17,5,False
2016-10-16 17:25:00,65,0,2,"[17:25:00,17:45:00)",7,1,2016-10-16,17,25,False
2016-10-16 17:45:00,63,0,2,"[17:45:00,18:05:00)",7,1,2016-10-16,17,45,False
2016-10-16 18:05:00,56,0,2,"[18:05:00,18:25:00)",7,1,2016-10-16,18,5,False
2016-10-16 18:25:00,45,0,2,"[18:25:00,18:45:00)",7,1,2016-10-16,18,25,False
2016-10-16 18:45:00,37,0,2,"[18:45:00,19:05:00)",7,1,2016-10-16,18,45,False
2016-10-16 19:05:00,39,0,2,"[19:05:00,19:25:00)",7,1,2016-10-16,19,5,False
2016-10-16 19:25:00,37,0,2,"[19:25:00,19:45:00)",7,1,2016-10-16,19,25,False
2016-10-16 19:45:00,36,0,2,"[19:45:00,20:05:00)",7,1,2016-10-16,19,45,False
2016-10-16 20:05:00,31,0,2,"[20:05:00,20:25:00)",7,1,2016-10-16,20,5,False
2016-10-16 20:25:00,40,0,2,"[20:25:00,20:45:00)",7,1,2016-10-16,20,25,False
2016-10-16 20:45:00,32,0,2,"[20:45:00,21:05:00)",7,1,2016-10-16,20,45,False
2016-10-16 21:05:00,32,0,2,"[21:05:00,21:25:00)",7,1,2016-10-16,21,5,False
2016-10-16 21:25:00,16,0,2,"[21:25:00,21:45:00)",7,1,2016-10-16,21,25,False
2016-10-16 21:45:00,19,0,2,"[21:45:00,22:05:00)",7,1,2016-10-16,21,45,False
2016-10-16 22:05:00,11,0,2,"[22:05:00,22:25:00)",7,1,2016-10-16,22,5,False
2016-10-16 22:25:00,11,0,2,"[22:25:00,22:45:00)",7,1,2016-10-16,22,25,False
2016-10-16 22:45:00,5,0,2,"[22:45:00,23:05:00)",7,1,2016-10-16,22,45,False
2016-10-16 23:05:00,4,0,2,"[23:05:00,23:25:00)",7,1,2016-10-16,23,5,False
2016-10-16 23:25:00,8,0,2,"[23:25:00,23:45:00)",7,1,2016-10-16,23,25,False
2016-10-16 23:45:00,1,0,2,"[23:45:00,00:00:00)",7,1,2016-10-16,23,45,False
2016-10-17 00:05:00,3,0,2,"[00:05:00,00:25:00)",1,0,2016-10-17,0,5,False
2016-10-17 00:25:00,2,0,2,"[00:25:00,00:45:00)",1,0,2016-10-17,0,25,False
2016-10-17 00:45:00,4,0,2,"[00:45:00,01:05:00)",1,0,2016-10-17,0,45,False
2016-10-17 01:05:00,1,0,2,"[01:05:00,01:25:00)",1,0,2016-10-17,1,5,False
2016-10-17 01:25:00,1,0,2,"[01:25:00,01:45:00)",1,0,2016-10-17,1,25,False
2016-10-17 01:45:00,1,0,2,"[01:45:00,02:05:00)",1,0,2016-10-17,1,45,False
2016-10-17 02:05:00,2,0,2,"[02:05:00,02:25:00)",1,0,2016-10-17,2,5,False
2016-10-17 02:25:00,1,0,2,"[02:25:00,02:45:00)",1,0,2016-10-17,2,25,False
2016-10-17 02:45:00,0,0,2,"[02:45:00,03:05:00)",1,0,2016-10-17,2,45,False
2016-10-17 03:05:00,0,0,2,"[03:05:00,03:25:00)",1,0,2016-10-17,3,5,False
2016-10-17 03:25:00,0,0,2,"[03:25:00,03:45:00)",1,0,2016-10-17,3,25,False
2016-10-17 03:45:00,0,0,2,"[03:45:00,04:05:00)",1,0,2016-10-17,3,45,False
2016-10-17 04:05:00,0,0,2,"[04:05:00,04:25:00)",1,0,2016-10-17,4,5,False
2016-10-17 04:25:00,0,0,2,"[04:25:00,04:45:00)",1,0,2016-10-17,4,25,False
2016-10-17 04:45:00,1,0,2,"[04:45:00,05:05:00)",1,0,2016-10-17,4,45,False
2016-10-17 05:05:00,17,0,2,"[05:05:00,05:25:00)",1,0,2016-10-17,5,5,False
2016-10-17 05:25:00,18,0,2,"[05:25:00,05:45:00)",1,0,2016-10-17,5,25,False
2016-10-17 05:45:00,23,0,2,"[05:45:00,06:05:00)",1,0,2016-10-17,5,45,False
2016-10-17 06:05:00,36,0,2,"[06:05:00,06:25:00)",1,0,2016-10-17,6,5,False
2016-10-17 06:25:00,54,0,2,"[06:25:00,06:45:00)",1,0,2016-10-17,6,25,False
2016-10-17 06:45:00,48,0,2,"[06:45:00,07:05:00)",1,0,2016-10-17,6,45,False
2016-10-17 07:05:00,100,0,2,"[07:05:00,07:25:00)",1,0,2016-10-17,7,5,False
2016-10-17 07:25:00,128,0,2,"[07:25:00,07:45:00)",1,0,2016-10-17,7,25,False
2016-10-17 07:45:00,119,0,2,"[07:45:00,08:05:00)",1,0,2016-10-17,7,45,False
2016-10-17 08:05:00,136,0,2,"[08:05:00,08:25:00)",1,0,2016-10-17,8,5,False
2016-10-17 08:25:00,123,0,2,"[08:25:00,08:45:00)",1,0,2016-10-17,8,25,False
2016-10-17 08:45:00,111,0,2,"[08:45:00,09:05:00)",1,0,2016-10-17,8,45,False
2016-10-17 09:05:00,112,0,2,"[09:05:00,09:25:00)",1,0,2016-10-17,9,5,False
2016-10-17 09:25:00,95,0,2,"[09:25:00,09:45:00)",1,0,2016-10-17,9,25,False
2016-10-17 09:45:00,88,0,2,"[09:45:00,10:05:00)",1,0,2016-10-17,9,45,False
2016-10-17 10:05:00,70,0,2,"[10:05:00,10:25:00)",1,0,2016-10-17,10,5,False
2016-10-17 10:25:00,61,0,2,"[10:25:00,10:45:00)",1,0,2016-10-17,10,25,False
2016-10-17 10:45:00,49,0,2,"[10:45:00,11:05:00)",1,0,2016-10-17,10,45,False
2016-10-17 11:05:00,66,0,2,"[11:05:00,11:25:00)",1,0,2016-10-17,11,5,False
2016-10-17 11:25:00,54,0,2,"[11:25:00,11:45:00)",1,0,2016-10-17,11,25,False
2016-10-17 11:45:00,50,0,2,"[11:45:00,12:05:00)",1,0,2016-10-17,11,45,False
2016-10-17 12:05:00,65,0,2,"[12:05:00,12:25:00)",1,0,2016-10-17,12,5,False
2016-10-17 12:25:00,61,0,2,"[12:25:00,12:45:00)",1,0,2016-10-17,12,25,False
2016-10-17 12:45:00,67,0,2,"[12:45:00,13:05:00)",1,0,2016-10-17,12,45,False
2016-10-17 13:05:00,69,0,2,"[13:05:00,13:25:00)",1,0,2016-10-17,13,5,False
2016-10-17 13:25:00,67,0,2,"[13:25:00,13:45:00)",1,0,2016-10-17,13,25,False
2016-10-17 13:45:00,67,0,2,"[13:45:00,14:05:00)",1,0,2016-10-17,13,45,False
2016-10-17 14:05:00,78,0,2,"[14:05:00,14:25:00)",1,0,2016-10-17,14,5,False
2016-10-17 14:25:00,69,0,2,"[14:25:00,14:45:00)",1,0,2016-10-17,14,25,False
2016-10-17 14:45:00,55,0,2,"[14:45:00,15:05:00)",1,0,2016-10-17,14,45,False
2016-10-17 15:05:00,63,0,2,"[15:05:00,15:25:00)",1,0,2016-10-17,15,5,False
2016-10-17 15:25:00,83,0,2,"[15:25:00,15:45:00)",1,0,2016-10-17,15,25,False
2016-10-17 15:45:00,72,0,2,"[15:45:00,16:05:00)",1,0,2016-10-17,15,45,False
2016-10-17 16:05:00,74,0,2,"[16:05:00,16:25:00)",1,0,2016-10-17,16,5,False
2016-10-17 16:25:00,88,0,2,"[16:25:00,16:45:00)",1,0,2016-10-17,16,25,False
2016-10-17 16:45:00,76,0,2,"[16:45:00,17:05:00)",1,0,2016-10-17,16,45,False
2016-10-17 17:05:00,82,0,2,"[17:05:00,17:25:00)",1,0,2016-10-17,17,5,False
2016-10-17 17:25:00,85,0,2,"[17:25:00,17:45:00)",1,0,2016-10-17,17,25,False
2016-10-17 17:45:00,49,0,2,"[17:45:00,18:05:00)",1,0,2016-10-17,17,45,False
2016-10-17 18:05:00,66,0,2,"[18:05:00,18:25:00)",1,0,2016-10-17,18,5,False
2016-10-17 18:25:00,44,0,2,"[18:25:00,18:45:00)",1,0,2016-10-17,18,25,False
2016-10-17 18:45:00,47,0,2,"[18:45:00,19:05:00)",1,0,2016-10-17,18,45,False
2016-10-17 19:05:00,46,0,2,"[19:05:00,19:25:00)",1,0,2016-10-17,19,5,False
2016-10-17 19:25:00,40,0,2,"[19:25:00,19:45:00)",1,0,2016-10-17,19,25,False
2016-10-17 19:45:00,24,0,2,"[19:45:00,20:05:00)",1,0,2016-10-17,19,45,False
2016-10-17 20:05:00,35,0,2,"[20:05:00,20:25:00)",1,0,2016-10-17,20,5,False
2016-10-17 20:25:00,25,0,2,"[20:25:00,20:45:00)",1,0,2016-10-17,20,25,False
2016-10-17 20:45:00,28,0,2,"[20:45:00,21:05:00)",1,0,2016-10-17,20,45,False
2016-10-17 21:05:00,29,0,2,"[21:05:00,21:25:00)",1,0,2016-10-17,21,5,False
2016-10-17 21:25:00,17,0,2,"[21:25:00,21:45:00)",1,0,2016-10-17,21,25,False
2016-10-17 21:45:00,17,0,2,"[21:45:00,22:05:00)",1,0,2016-10-17,21,45,False
2016-10-17 22:05:00,23,0,2,"[22:05:00,22:25:00)",1,0,2016-10-17,22,5,False
2016-10-17 22:25:00,23,0,2,"[22:25:00,22:45:00)",1,0,2016-10-17,22,25,False
2016-10-17 22:45:00,19,0,2,"[22:45:00,23:05:00)",1,0,2016-10-17,22,45,False
2016-10-17 23:05:00,8,0,2,"[23:05:00,23:25:00)",1,0,2016-10-17,23,5,False
2016-10-17 23:25:00,15,0,2,"[23:25:00,23:45:00)",1,0,2016-10-17,23,25,False
2016-10-17 23:45:00,11,0,2,"[23:45:00,00:00:00)",1,0,2016-10-17,23,45,False
2016-10-18 00:05:00,0,0,2,"[00:05:00,00:25:00)",2,0,2016-10-18,0,5,False
2016-10-18 00:25:00,1,0,2,"[00:25:00,00:45:00)",2,0,2016-10-18,0,25,False
2016-10-18 00:45:00,2,0,2,"[00:45:00,01:05:00)",2,0,2016-10-18,0,45,False
2016-10-18 01:05:00,1,0,2,"[01:05:00,01:25:00)",2,0,2016-10-18,1,5,False
2016-10-18 01:25:00,0,0,2,"[01:25:00,01:45:00)",2,0,2016-10-18,1,25,False
2016-10-18 01:45:00,0,0,2,"[01:45:00,02:05:00)",2,0,2016-10-18,1,45,False
2016-10-18 02:05:00,0,0,2,"[02:05:00,02:25:00)",2,0,2016-10-18,2,5,False
2016-10-18 02:25:00,0,0,2,"[02:25:00,02:45:00)",2,0,2016-10-18,2,25,False
2016-10-18 02:45:00,0,0,2,"[02:45:00,03:05:00)",2,0,2016-10-18,2,45,False
2016-10-18 03:05:00,0,0,2,"[03:05:00,03:25:00)",2,0,2016-10-18,3,5,False
2016-10-18 03:25:00,0,0,2,"[03:25:00,03:45:00)",2,0,2016-10-18,3,25,False
2016-10-18 03:45:00,0,0,2,"[03:45:00,04:05:00)",2,0,2016-10-18,3,45,False
2016-10-18 04:05:00,0,0,2,"[04:05:00,04:25:00)",2,0,2016-10-18,4,5,False
2016-10-18 04:25:00,0,0,2,"[04:25:00,04:45:00)",2,0,2016-10-18,4,25,False
2016-10-18 04:45:00,6,0,2,"[04:45:00,05:05:00)",2,0,2016-10-18,4,45,False
2016-10-18 05:05:00,17,0,2,"[05:05:00,05:25:00)",2,0,2016-10-18,5,5,False
2016-10-18 05:25:00,21,0,2,"[05:25:00,05:45:00)",2,0,2016-10-18,5,25,False
2016-10-18 05:45:00,16,0,2,"[05:45:00,06:05:00)",2,0,2016-10-18,5,45,False
2016-10-18 06:05:00,32,0,2,"[06:05:00,06:25:00)",2,0,2016-10-18,6,5,False
2016-10-18 06:25:00,37,0,2,"[06:25:00,06:45:00)",2,0,2016-10-18,6,25,False
2016-10-18 06:45:00,59,0,2,"[06:45:00,07:05:00)",2,0,2016-10-18,6,45,False
2016-10-18 07:05:00,79,0,2,"[07:05:00,07:25:00)",2,0,2016-10-18,7,5,False
2016-10-18 07:25:00,87,0,2,"[07:25:00,07:45:00)",2,0,2016-10-18,7,25,False
2016-10-18 07:45:00,109,0,2,"[07:45:00,08:05:00)",2,0,2016-10-18,7,45,False
2016-10-18 08:05:00,114,0,2,"[08:05:00,08:25:00)",2,0,2016-10-18,8,5,False
2016-10-18 08:25:00,134,0,2,"[08:25:00,08:45:00)",2,0,2016-10-18,8,25,False
2016-10-18 08:45:00,108,0,2,"[08:45:00,09:05:00)",2,0,2016-10-18,8,45,False
2016-10-18 09:05:00,92,0,2,"[09:05:00,09:25:00)",2,0,2016-10-18,9,5,False
2016-10-18 09:25:00,89,0,2,"[09:25:00,09:45:00)",2,0,2016-10-18,9,25,False
2016-10-18 09:45:00,81,0,2,"[09:45:00,10:05:00)",2,0,2016-10-18,9,45,False
2016-10-18 10:05:00,85,0,2,"[10:05:00,10:25:00)",2,0,2016-10-18,10,5,False
2016-10-18 10:25:00,62,0,2,"[10:25:00,10:45:00)",2,0,2016-10-18,10,25,False
2016-10-18 10:45:00,72,0,2,"[10:45:00,11:05:00)",2,0,2016-10-18,10,45,False
2016-10-18 11:05:00,38,0,2,"[11:05:00,11:25:00)",2,0,2016-10-18,11,5,False
2016-10-18 11:25:00,56,0,2,"[11:25:00,11:45:00)",2,0,2016-10-18,11,25,False
2016-10-18 11:45:00,48,0,2,"[11:45:00,12:05:00)",2,0,2016-10-18,11,45,False
2016-10-18 12:05:00,77,0,2,"[12:05:00,12:25:00)",2,0,2016-10-18,12,5,False
2016-10-18 12:25:00,83,0,2,"[12:25:00,12:45:00)",2,0,2016-10-18,12,25,False
2016-10-18 12:45:00,64,0,2,"[12:45:00,13:05:00)",2,0,2016-10-18,12,45,False
2016-10-18 13:05:00,85,0,2,"[13:05:00,13:25:00)",2,0,2016-10-18,13,5,False
2016-10-18 13:25:00,67,0,2,"[13:25:00,13:45:00)",2,0,2016-10-18,13,25,False
2016-10-18 13:45:00,65,0,2,"[13:45:00,14:05:00)",2,0,2016-10-18,13,45,False
2016-10-18 14:05:00,56,0,2,"[14:05:00,14:25:00)",2,0,2016-10-18,14,5,False
2016-10-18 14:25:00,70,0,2,"[14:25:00,14:45:00)",2,0,2016-10-18,14,25,False
2016-10-18 14:45:00,65,0,2,"[14:45:00,15:05:00)",2,0,2016-10-18,14,45,False
2016-10-18 15:05:00,76,0,2,"[15:05:00,15:25:00)",2,0,2016-10-18,15,5,False
2016-10-18 15:25:00,71,0,2,"[15:25:00,15:45:00)",2,0,2016-10-18,15,25,False
2016-10-18 15:45:00,58,0,2,"[15:45:00,16:05:00)",2,0,2016-10-18,15,45,False
2016-10-18 16:05:00,68,0,2,"[16:05:00,16:25:00)",2,0,2016-10-18,16,5,False
2016-10-18 16:25:00,59,0,2,"[16:25:00,16:45:00)",2,0,2016-10-18,16,25,False
2016-10-18 16:45:00,75,0,2,"[16:45:00,17:05:00)",2,0,2016-10-18,16,45,False
2016-10-18 17:05:00,70,0,2,"[17:05:00,17:25:00)",2,0,2016-10-18,17,5,False
2016-10-18 17:25:00,59,0,2,"[17:25:00,17:45:00)",2,0,2016-10-18,17,25,False
2016-10-18 17:45:00,71,0,2,"[17:45:00,18:05:00)",2,0,2016-10-18,17,45,False
2016-10-18 18:05:00,55,0,2,"[18:05:00,18:25:00)",2,0,2016-10-18,18,5,False
2016-10-18 18:25:00,51,0,2,"[18:25:00,18:45:00)",2,0,2016-10-18,18,25,False
2016-10-18 18:45:00,41,0,2,"[18:45:00,19:05:00)",2,0,2016-10-18,18,45,False
2016-10-18 19:05:00,42,0,2,"[19:05:00,19:25:00)",2,0,2016-10-18,19,5,False
2016-10-18 19:25:00,30,0,2,"[19:25:00,19:45:00)",2,0,2016-10-18,19,25,False
2016-10-18 19:45:00,28,0,2,"[19:45:00,20:05:00)",2,0,2016-10-18,19,45,False
2016-10-18 20:05:00,37,0,2,"[20:05:00,20:25:00)",2,0,2016-10-18,20,5,False
2016-10-18 20:25:00,29,0,2,"[20:25:00,20:45:00)",2,0,2016-10-18,20,25,False
2016-10-18 20:45:00,37,0,2,"[20:45:00,21:05:00)",2,0,2016-10-18,20,45,False
2016-10-18 21:05:00,20,0,2,"[21:05:00,21:25:00)",2,0,2016-10-18,21,5,False
2016-10-18 21:25:00,24,0,2,"[21:25:00,21:45:00)",2,0,2016-10-18,21,25,False
2016-10-18 21:45:00,24,0,2,"[21:45:00,22:05:00)",2,0,2016-10-18,21,45,False
2016-10-18 22:05:00,19,0,2,"[22:05:00,22:25:00)",2,0,2016-10-18,22,5,False
2016-10-18 22:25:00,17,0,2,"[22:25:00,22:45:00)",2,0,2016-10-18,22,25,False
2016-10-18 22:45:00,10,0,2,"[22:45:00,23:05:00)",2,0,2016-10-18,22,45,False
2016-10-18 23:05:00,14,0,2,"[23:05:00,23:25:00)",2,0,2016-10-18,23,5,False
2016-10-18 23:25:00,10,0,2,"[23:25:00,23:45:00)",2,0,2016-10-18,23,25,False
2016-10-18 23:45:00,5,0,2,"[23:45:00,00:00:00)",2,0,2016-10-18,23,45,False
2016-10-19 00:05:00,3,0,2,"[00:05:00,00:25:00)",3,0,2016-10-19,0,5,False
2016-10-19 00:25:00,0,0,2,"[00:25:00,00:45:00)",3,0,2016-10-19,0,25,False
2016-10-19 00:45:00,1,0,2,"[00:45:00,01:05:00)",3,0,2016-10-19,0,45,False
2016-10-19 01:05:00,0,0,2,"[01:05:00,01:25:00)",3,0,2016-10-19,1,5,False
2016-10-19 01:25:00,0,0,2,"[01:25:00,01:45:00)",3,0,2016-10-19,1,25,False
2016-10-19 01:45:00,1,0,2,"[01:45:00,02:05:00)",3,0,2016-10-19,1,45,False
2016-10-19 02:05:00,0,0,2,"[02:05:00,02:25:00)",3,0,2016-10-19,2,5,False
2016-10-19 02:25:00,0,0,2,"[02:25:00,02:45:00)",3,0,2016-10-19,2,25,False
2016-10-19 02:45:00,1,0,2,"[02:45:00,03:05:00)",3,0,2016-10-19,2,45,False
2016-10-19 03:05:00,0,0,2,"[03:05:00,03:25:00)",3,0,2016-10-19,3,5,False
2016-10-19 03:25:00,0,0,2,"[03:25:00,03:45:00)",3,0,2016-10-19,3,25,False
2016-10-19 03:45:00,0,0,2,"[03:45:00,04:05:00)",3,0,2016-10-19,3,45,False
2016-10-19 04:05:00,0,0,2,"[04:05:00,04:25:00)",3,0,2016-10-19,4,5,False
2016-10-19 04:25:00,0,0,2,"[04:25:00,04:45:00)",3,0,2016-10-19,4,25,False
2016-10-19 04:45:00,7,0,2,"[04:45:00,05:05:00)",3,0,2016-10-19,4,45,False
2016-10-19 05:05:00,15,0,2,"[05:05:00,05:25:00)",3,0,2016-10-19,5,5,False
2016-10-19 05:25:00,16,0,2,"[05:25:00,05:45:00)",3,0,2016-10-19,5,25,False
2016-10-19 05:45:00,22,0,2,"[05:45:00,06:05:00)",3,0,2016-10-19,5,45,False
2016-10-19 06:05:00,29,0,2,"[06:05:00,06:25:00)",3,0,2016-10-19,6,5,False
2016-10-19 06:25:00,45,0,2,"[06:25:00,06:45:00)",3,0,2016-10-19,6,25,False
2016-10-19 06:45:00,47,0,2,"[06:45:00,07:05:00)",3,0,2016-10-19,6,45,False
2016-10-19 07:05:00,106,0,2,"[07:05:00,07:25:00)",3,0,2016-10-19,7,5,False
2016-10-19 07:25:00,94,0,2,"[07:25:00,07:45:00)",3,0,2016-10-19,7,25,False
2016-10-19 07:45:00,103,0,2,"[07:45:00,08:05:00)",3,0,2016-10-19,7,45,False
2016-10-19 08:05:00,126,0,2,"[08:05:00,08:25:00)",3,0,2016-10-19,8,5,False
2016-10-19 08:25:00,129,0,2,"[08:25:00,08:45:00)",3,0,2016-10-19,8,25,False
2016-10-19 08:45:00,114,0,2,"[08:45:00,09:05:00)",3,0,2016-10-19,8,45,False
2016-10-19 09:05:00,102,0,2,"[09:05:00,09:25:00)",3,0,2016-10-19,9,5,False
2016-10-19 09:25:00,94,0,2,"[09:25:00,09:45:00)",3,0,2016-10-19,9,25,False
2016-10-19 09:45:00,83,0,2,"[09:45:00,10:05:00)",3,0,2016-10-19,9,45,False
2016-10-19 10:05:00,65,0,2,"[10:05:00,10:25:00)",3,0,2016-10-19,10,5,False
2016-10-19 10:25:00,63,0,2,"[10:25:00,10:45:00)",3,0,2016-10-19,10,25,False
2016-10-19 10:45:00,63,0,2,"[10:45:00,11:05:00)",3,0,2016-10-19,10,45,False
2016-10-19 11:05:00,59,0,2,"[11:05:00,11:25:00)",3,0,2016-10-19,11,5,False
2016-10-19 11:25:00,48,0,2,"[11:25:00,11:45:00)",3,0,2016-10-19,11,25,False
2016-10-19 11:45:00,52,0,2,"[11:45:00,12:05:00)",3,0,2016-10-19,11,45,False
2016-10-19 12:05:00,65,0,2,"[12:05:00,12:25:00)",3,0,2016-10-19,12,5,False
2016-10-19 12:25:00,44,0,2,"[12:25:00,12:45:00)",3,0,2016-10-19,12,25,False
2016-10-19 12:45:00,68,0,2,"[12:45:00,13:05:00)",3,0,2016-10-19,12,45,False
2016-10-19 13:05:00,77,0,2,"[13:05:00,13:25:00)",3,0,2016-10-19,13,5,False
2016-10-19 13:25:00,71,0,2,"[13:25:00,13:45:00)",3,0,2016-10-19,13,25,False
2016-10-19 13:45:00,74,0,2,"[13:45:00,14:05:00)",3,0,2016-10-19,13,45,False
2016-10-19 14:05:00,72,0,2,"[14:05:00,14:25:00)",3,0,2016-10-19,14,5,False
2016-10-19 14:25:00,59,0,2,"[14:25:00,14:45:00)",3,0,2016-10-19,14,25,False
2016-10-19 14:45:00,59,0,2,"[14:45:00,15:05:00)",3,0,2016-10-19,14,45,False
2016-10-19 15:05:00,74,0,2,"[15:05:00,15:25:00)",3,0,2016-10-19,15,5,False
2016-10-19 15:25:00,68,0,2,"[15:25:00,15:45:00)",3,0,2016-10-19,15,25,False
2016-10-19 15:45:00,51,0,2,"[15:45:00,16:05:00)",3,0,2016-10-19,15,45,False
2016-10-19 16:05:00,55,0,2,"[16:05:00,16:25:00)",3,0,2016-10-19,16,5,False
2016-10-19 16:25:00,64,0,2,"[16:25:00,16:45:00)",3,0,2016-10-19,16,25,False
2016-10-19 16:45:00,64,0,2,"[16:45:00,17:05:00)",3,0,2016-10-19,16,45,False
2016-10-19 17:05:00,91,0,2,"[17:05:00,17:25:00)",3,0,2016-10-19,17,5,False
2016-10-19 17:25:00,53,0,2,"[17:25:00,17:45:00)",3,0,2016-10-19,17,25,False
2016-10-19 17:45:00,62,0,2,"[17:45:00,18:05:00)",3,0,2016-10-19,17,45,False
2016-10-19 18:05:00,68,0,2,"[18:05:00,18:25:00)",3,0,2016-10-19,18,5,False
2016-10-19 18:25:00,45,0,2,"[18:25:00,18:45:00)",3,0,2016-10-19,18,25,False
2016-10-19 18:45:00,65,0,2,"[18:45:00,19:05:00)",3,0,2016-10-19,18,45,False
2016-10-19 19:05:00,42,0,2,"[19:05:00,19:25:00)",3,0,2016-10-19,19,5,False
2016-10-19 19:25:00,36,0,2,"[19:25:00,19:45:00)",3,0,2016-10-19,19,25,False
2016-10-19 19:45:00,25,0,2,"[19:45:00,20:05:00)",3,0,2016-10-19,19,45,False
2016-10-19 20:05:00,30,0,2,"[20:05:00,20:25:00)",3,0,2016-10-19,20,5,False
2016-10-19 20:25:00,27,0,2,"[20:25:00,20:45:00)",3,0,2016-10-19,20,25,False
2016-10-19 20:45:00,28,0,2,"[20:45:00,21:05:00)",3,0,2016-10-19,20,45,False
2016-10-19 21:05:00,20,0,2,"[21:05:00,21:25:00)",3,0,2016-10-19,21,5,False
2016-10-19 21:25:00,8,0,2,"[21:25:00,21:45:00)",3,0,2016-10-19,21,25,False
2016-10-19 21:45:00,0,0,2,"[21:45:00,22:05:00)",3,0,2016-10-19,21,45,False
2016-10-19 22:05:00,0,0,2,"[22:05:00,22:25:00)",3,0,2016-10-19,22,5,False
2016-10-19 22:25:00,0,0,2,"[22:25:00,22:45:00)",3,0,2016-10-19,22,25,False
2016-10-19 22:45:00,13,0,2,"[22:45:00,23:05:00)",3,0,2016-10-19,22,45,False
2016-10-19 23:05:00,12,0,2,"[23:05:00,23:25:00)",3,0,2016-10-19,23,5,False
2016-10-19 23:25:00,5,0,2,"[23:25:00,23:45:00)",3,0,2016-10-19,23,25,False
2016-10-19 23:45:00,9,0,2,"[23:45:00,00:00:00)",3,0,2016-10-19,23,45,False
2016-10-20 00:05:00,0,0,2,"[00:05:00,00:25:00)",4,0,2016-10-20,0,5,False
2016-10-20 00:25:00,0,0,2,"[00:25:00,00:45:00)",4,0,2016-10-20,0,25,False
2016-10-20 00:45:00,2,0,2,"[00:45:00,01:05:00)",4,0,2016-10-20,0,45,False
2016-10-20 01:05:00,2,0,2,"[01:05:00,01:25:00)",4,0,2016-10-20,1,5,False
2016-10-20 01:25:00,1,0,2,"[01:25:00,01:45:00)",4,0,2016-10-20,1,25,False
2016-10-20 01:45:00,0,0,2,"[01:45:00,02:05:00)",4,0,2016-10-20,1,45,False
2016-10-20 02:05:00,0,0,2,"[02:05:00,02:25:00)",4,0,2016-10-20,2,5,False
2016-10-20 02:25:00,0,0,2,"[02:25:00,02:45:00)",4,0,2016-10-20,2,25,False
2016-10-20 02:45:00,0,0,2,"[02:45:00,03:05:00)",4,0,2016-10-20,2,45,False
2016-10-20 03:05:00,0,0,2,"[03:05:00,03:25:00)",4,0,2016-10-20,3,5,False
2016-10-20 03:25:00,0,0,2,"[03:25:00,03:45:00)",4,0,2016-10-20,3,25,False
2016-10-20 03:45:00,0,0,2,"[03:45:00,04:05:00)",4,0,2016-10-20,3,45,False
2016-10-20 04:05:00,0,0,2,"[04:05:00,04:25:00)",4,0,2016-10-20,4,5,False
2016-10-20 04:25:00,1,0,2,"[04:25:00,04:45:00)",4,0,2016-10-20,4,25,False
2016-10-20 04:45:00,0,0,2,"[04:45:00,05:05:00)",4,0,2016-10-20,4,45,False
2016-10-20 05:05:00,16,0,2,"[05:05:00,05:25:00)",4,0,2016-10-20,5,5,False
2016-10-20 05:25:00,11,0,2,"[05:25:00,05:45:00)",4,0,2016-10-20,5,25,False
2016-10-20 05:45:00,15,0,2,"[05:45:00,06:05:00)",4,0,2016-10-20,5,45,False
2016-10-20 06:05:00,25,0,2,"[06:05:00,06:25:00)",4,0,2016-10-20,6,5,False
2016-10-20 06:25:00,28,0,2,"[06:25:00,06:45:00)",4,0,2016-10-20,6,25,False
2016-10-20 06:45:00,46,0,2,"[06:45:00,07:05:00)",4,0,2016-10-20,6,45,False
2016-10-20 07:05:00,79,0,2,"[07:05:00,07:25:00)",4,0,2016-10-20,7,5,False
2016-10-20 07:25:00,106,0,2,"[07:25:00,07:45:00)",4,0,2016-10-20,7,25,False
2016-10-20 07:45:00,102,0,2,"[07:45:00,08:05:00)",4,0,2016-10-20,7,45,False
2016-10-20 08:05:00,104,0,2,"[08:05:00,08:25:00)",4,0,2016-10-20,8,5,False
2016-10-20 08:25:00,121,0,2,"[08:25:00,08:45:00)",4,0,2016-10-20,8,25,False
2016-10-20 08:45:00,116,0,2,"[08:45:00,09:05:00)",4,0,2016-10-20,8,45,False
2016-10-20 09:05:00,118,0,2,"[09:05:00,09:25:00)",4,0,2016-10-20,9,5,False
2016-10-20 09:25:00,102,0,2,"[09:25:00,09:45:00)",4,0,2016-10-20,9,25,False
2016-10-20 09:45:00,72,0,2,"[09:45:00,10:05:00)",4,0,2016-10-20,9,45,False
2016-10-20 10:05:00,69,0,2,"[10:05:00,10:25:00)",4,0,2016-10-20,10,5,False
2016-10-20 10:25:00,63,0,2,"[10:25:00,10:45:00)",4,0,2016-10-20,10,25,False
2016-10-20 10:45:00,57,0,2,"[10:45:00,11:05:00)",4,0,2016-10-20,10,45,False
2016-10-20 11:05:00,50,0,2,"[11:05:00,11:25:00)",4,0,2016-10-20,11,5,False
2016-10-20 11:25:00,46,0,2,"[11:25:00,11:45:00)",4,0,2016-10-20,11,25,False
2016-10-20 11:45:00,49,0,2,"[11:45:00,12:05:00)",4,0,2016-10-20,11,45,False
2016-10-20 12:05:00,54,0,2,"[12:05:00,12:25:00)",4,0,2016-10-20,12,5,False
2016-10-20 12:25:00,55,0,2,"[12:25:00,12:45:00)",4,0,2016-10-20,12,25,False
2016-10-20 12:45:00,61,0,2,"[12:45:00,13:05:00)",4,0,2016-10-20,12,45,False
2016-10-20 13:05:00,66,0,2,"[13:05:00,13:25:00)",4,0,2016-10-20,13,5,False
2016-10-20 13:25:00,54,0,2,"[13:25:00,13:45:00)",4,0,2016-10-20,13,25,False
2016-10-20 13:45:00,67,0,2,"[13:45:00,14:05:00)",4,0,2016-10-20,13,45,False
2016-10-20 14:05:00,58,0,2,"[14:05:00,14:25:00)",4,0,2016-10-20,14,5,False
2016-10-20 14:25:00,65,0,2,"[14:25:00,14:45:00)",4,0,2016-10-20,14,25,False
2016-10-20 14:45:00,58,0,2,"[14:45:00,15:05:00)",4,0,2016-10-20,14,45,False
2016-10-20 15:05:00,74,0,2,"[15:05:00,15:25:00)",4,0,2016-10-20,15,5,False
2016-10-20 15:25:00,73,0,2,"[15:25:00,15:45:00)",4,0,2016-10-20,15,25,False
2016-10-20 15:45:00,76,0,2,"[15:45:00,16:05:00)",4,0,2016-10-20,15,45,False
2016-10-20 16:05:00,62,0,2,"[16:05:00,16:25:00)",4,0,2016-10-20,16,5,False
2016-10-20 16:25:00,70,0,2,"[16:25:00,16:45:00)",4,0,2016-10-20,16,25,False
2016-10-20 16:45:00,68,0,2,"[16:45:00,17:05:00)",4,0,2016-10-20,16,45,False
2016-10-20 17:05:00,77,0,2,"[17:05:00,17:25:00)",4,0,2016-10-20,17,5,False
2016-10-20 17:25:00,65,0,2,"[17:25:00,17:45:00)",4,0,2016-10-20,17,25,False
2016-10-20 17:45:00,59,0,2,"[17:45:00,18:05:00)",4,0,2016-10-20,17,45,False
2016-10-20 18:05:00,38,0,2,"[18:05:00,18:25:00)",4,0,2016-10-20,18,5,False
2016-10-20 18:25:00,45,0,2,"[18:25:00,18:45:00)",4,0,2016-10-20,18,25,False
2016-10-20 18:45:00,37,0,2,"[18:45:00,19:05:00)",4,0,2016-10-20,18,45,False
2016-10-20 19:05:00,40,0,2,"[19:05:00,19:25:00)",4,0,2016-10-20,19,5,False
2016-10-20 19:25:00,36,0,2,"[19:25:00,19:45:00)",4,0,2016-10-20,19,25,False
2016-10-20 19:45:00,33,0,2,"[19:45:00,20:05:00)",4,0,2016-10-20,19,45,False
2016-10-20 20:05:00,22,0,2,"[20:05:00,20:25:00)",4,0,2016-10-20,20,5,False
2016-10-20 20:25:00,31,0,2,"[20:25:00,20:45:00)",4,0,2016-10-20,20,25,False
2016-10-20 20:45:00,24,0,2,"[20:45:00,21:05:00)",4,0,2016-10-20,20,45,False
2016-10-20 21:05:00,30,0,2,"[21:05:00,21:25:00)",4,0,2016-10-20,21,5,False
2016-10-20 21:25:00,28,0,2,"[21:25:00,21:45:00)",4,0,2016-10-20,21,25,False
2016-10-20 21:45:00,25,0,2,"[21:45:00,22:05:00)",4,0,2016-10-20,21,45,False
2016-10-20 22:05:00,20,0,2,"[22:05:00,22:25:00)",4,0,2016-10-20,22,5,False
2016-10-20 22:25:00,22,0,2,"[22:25:00,22:45:00)",4,0,2016-10-20,22,25,False
2016-10-20 22:45:00,15,0,2,"[22:45:00,23:05:00)",4,0,2016-10-20,22,45,False
2016-10-20 23:05:00,11,0,2,"[23:05:00,23:25:00)",4,0,2016-10-20,23,5,False
2016-10-20 23:25:00,5,0,2,"[23:25:00,23:45:00)",4,0,2016-10-20,23,25,False
2016-10-20 23:45:00,1,0,2,"[23:45:00,00:00:00)",4,0,2016-10-20,23,45,False
2016-10-21 00:05:00,2,0,2,"[00:05:00,00:25:00)",5,0,2016-10-21,0,5,False
2016-10-21 00:25:00,0,0,2,"[00:25:00,00:45:00)",5,0,2016-10-21,0,25,False
2016-10-21 00:45:00,1,0,2,"[00:45:00,01:05:00)",5,0,2016-10-21,0,45,False
2016-10-21 01:05:00,2,0,2,"[01:05:00,01:25:00)",5,0,2016-10-21,1,5,False
2016-10-21 01:25:00,0,0,2,"[01:25:00,01:45:00)",5,0,2016-10-21,1,25,False
2016-10-21 01:45:00,2,0,2,"[01:45:00,02:05:00)",5,0,2016-10-21,1,45,False
2016-10-21 02:05:00,1,0,2,"[02:05:00,02:25:00)",5,0,2016-10-21,2,5,False
2016-10-21 02:25:00,2,0,2,"[02:25:00,02:45:00)",5,0,2016-10-21,2,25,False
2016-10-21 02:45:00,1,0,2,"[02:45:00,03:05:00)",5,0,2016-10-21,2,45,False
2016-10-21 03:05:00,0,0,2,"[03:05:00,03:25:00)",5,0,2016-10-21,3,5,False
2016-10-21 03:25:00,0,0,2,"[03:25:00,03:45:00)",5,0,2016-10-21,3,25,False
2016-10-21 03:45:00,0,0,2,"[03:45:00,04:05:00)",5,0,2016-10-21,3,45,False
2016-10-21 04:05:00,0,0,2,"[04:05:00,04:25:00)",5,0,2016-10-21,4,5,False
2016-10-21 04:25:00,0,0,2,"[04:25:00,04:45:00)",5,0,2016-10-21,4,25,False
2016-10-21 04:45:00,3,0,2,"[04:45:00,05:05:00)",5,0,2016-10-21,4,45,False
2016-10-21 05:05:00,10,0,2,"[05:05:00,05:25:00)",5,0,2016-10-21,5,5,False
2016-10-21 05:25:00,17,0,2,"[05:25:00,05:45:00)",5,0,2016-10-21,5,25,False
2016-10-21 05:45:00,18,0,2,"[05:45:00,06:05:00)",5,0,2016-10-21,5,45,False
2016-10-21 06:05:00,20,0,2,"[06:05:00,06:25:00)",5,0,2016-10-21,6,5,False
2016-10-21 06:25:00,27,0,2,"[06:25:00,06:45:00)",5,0,2016-10-21,6,25,False
2016-10-21 06:45:00,38,0,2,"[06:45:00,07:05:00)",5,0,2016-10-21,6,45,False
2016-10-21 07:05:00,80,0,2,"[07:05:00,07:25:00)",5,0,2016-10-21,7,5,False
2016-10-21 07:25:00,78,0,2,"[07:25:00,07:45:00)",5,0,2016-10-21,7,25,False
2016-10-21 07:45:00,93,0,2,"[07:45:00,08:05:00)",5,0,2016-10-21,7,45,False
2016-10-21 08:05:00,97,0,2,"[08:05:00,08:25:00)",5,0,2016-10-21,8,5,False
2016-10-21 08:25:00,127,0,2,"[08:25:00,08:45:00)",5,0,2016-10-21,8,25,False
2016-10-21 08:45:00,86,0,2,"[08:45:00,09:05:00)",5,0,2016-10-21,8,45,False
2016-10-21 09:05:00,98,0,2,"[09:05:00,09:25:00)",5,0,2016-10-21,9,5,False
2016-10-21 09:25:00,98,0,2,"[09:25:00,09:45:00)",5,0,2016-10-21,9,25,False
2016-10-21 09:45:00,96,0,2,"[09:45:00,10:05:00)",5,0,2016-10-21,9,45,False
2016-10-21 10:05:00,64,0,2,"[10:05:00,10:25:00)",5,0,2016-10-21,10,5,False
2016-10-21 10:25:00,54,0,2,"[10:25:00,10:45:00)",5,0,2016-10-21,10,25,False
2016-10-21 10:45:00,61,0,2,"[10:45:00,11:05:00)",5,0,2016-10-21,10,45,False
2016-10-21 11:05:00,52,0,2,"[11:05:00,11:25:00)",5,0,2016-10-21,11,5,False
2016-10-21 11:25:00,67,0,2,"[11:25:00,11:45:00)",5,0,2016-10-21,11,25,False
2016-10-21 11:45:00,66,0,2,"[11:45:00,12:05:00)",5,0,2016-10-21,11,45,False
2016-10-21 12:05:00,65,0,2,"[12:05:00,12:25:00)",5,0,2016-10-21,12,5,False
2016-10-21 12:25:00,73,0,2,"[12:25:00,12:45:00)",5,0,2016-10-21,12,25,False
2016-10-21 12:45:00,81,0,2,"[12:45:00,13:05:00)",5,0,2016-10-21,12,45,False
2016-10-21 13:05:00,76,0,2,"[13:05:00,13:25:00)",5,0,2016-10-21,13,5,False
2016-10-21 13:25:00,68,0,2,"[13:25:00,13:45:00)",5,0,2016-10-21,13,25,False
2016-10-21 13:45:00,60,0,2,"[13:45:00,14:05:00)",5,0,2016-10-21,13,45,False
2016-10-21 14:05:00,63,0,2,"[14:05:00,14:25:00)",5,0,2016-10-21,14,5,False
2016-10-21 14:25:00,76,0,2,"[14:25:00,14:45:00)",5,0,2016-10-21,14,25,False
2016-10-21 14:45:00,75,0,2,"[14:45:00,15:05:00)",5,0,2016-10-21,14,45,False
2016-10-21 15:05:00,88,0,2,"[15:05:00,15:25:00)",5,0,2016-10-21,15,5,False
2016-10-21 15:25:00,91,0,2,"[15:25:00,15:45:00)",5,0,2016-10-21,15,25,False
2016-10-21 15:45:00,81,0,2,"[15:45:00,16:05:00)",5,0,2016-10-21,15,45,False
2016-10-21 16:05:00,81,0,2,"[16:05:00,16:25:00)",5,0,2016-10-21,16,5,False
2016-10-21 16:25:00,93,0,2,"[16:25:00,16:45:00)",5,0,2016-10-21,16,25,False
2016-10-21 16:45:00,81,0,2,"[16:45:00,17:05:00)",5,0,2016-10-21,16,45,False
2016-10-21 17:05:00,88,0,2,"[17:05:00,17:25:00)",5,0,2016-10-21,17,5,False
2016-10-21 17:25:00,81,0,2,"[17:25:00,17:45:00)",5,0,2016-10-21,17,25,False
2016-10-21 17:45:00,58,0,2,"[17:45:00,18:05:00)",5,0,2016-10-21,17,45,False
2016-10-21 18:05:00,76,0,2,"[18:05:00,18:25:00)",5,0,2016-10-21,18,5,False
2016-10-21 18:25:00,56,0,2,"[18:25:00,18:45:00)",5,0,2016-10-21,18,25,False
2016-10-21 18:45:00,56,0,2,"[18:45:00,19:05:00)",5,0,2016-10-21,18,45,False
2016-10-21 19:05:00,66,0,2,"[19:05:00,19:25:00)",5,0,2016-10-21,19,5,False
2016-10-21 19:25:00,66,0,2,"[19:25:00,19:45:00)",5,0,2016-10-21,19,25,False
2016-10-21 19:45:00,52,0,2,"[19:45:00,20:05:00)",5,0,2016-10-21,19,45,False
2016-10-21 20:05:00,33,0,2,"[20:05:00,20:25:00)",5,0,2016-10-21,20,5,False
2016-10-21 20:25:00,35,0,2,"[20:25:00,20:45:00)",5,0,2016-10-21,20,25,False
2016-10-21 20:45:00,36,0,2,"[20:45:00,21:05:00)",5,0,2016-10-21,20,45,False
2016-10-21 21:05:00,19,0,2,"[21:05:00,21:25:00)",5,0,2016-10-21,21,5,False
2016-10-21 21:25:00,29,0,2,"[21:25:00,21:45:00)",5,0,2016-10-21,21,25,False
2016-10-21 21:45:00,21,0,2,"[21:45:00,22:05:00)",5,0,2016-10-21,21,45,False
2016-10-21 22:05:00,18,0,2,"[22:05:00,22:25:00)",5,0,2016-10-21,22,5,False
2016-10-21 22:25:00,14,0,2,"[22:25:00,22:45:00)",5,0,2016-10-21,22,25,False
2016-10-21 22:45:00,12,0,2,"[22:45:00,23:05:00)",5,0,2016-10-21,22,45,False
2016-10-21 23:05:00,1,0,2,"[23:05:00,23:25:00)",5,0,2016-10-21,23,5,False
2016-10-21 23:25:00,6,0,2,"[23:25:00,23:45:00)",5,0,2016-10-21,23,25,False
2016-10-21 23:45:00,10,0,2,"[23:45:00,00:00:00)",5,0,2016-10-21,23,45,False
2016-10-22 00:05:00,1,0,2,"[00:05:00,00:25:00)",6,1,2016-10-22,0,5,False
2016-10-22 00:25:00,1,0,2,"[00:25:00,00:45:00)",6,1,2016-10-22,0,25,False
2016-10-22 00:45:00,1,0,2,"[00:45:00,01:05:00)",6,1,2016-10-22,0,45,False
2016-10-22 01:05:00,0,0,2,"[01:05:00,01:25:00)",6,1,2016-10-22,1,5,False
2016-10-22 01:25:00,1,0,2,"[01:25:00,01:45:00)",6,1,2016-10-22,1,25,False
2016-10-22 01:45:00,1,0,2,"[01:45:00,02:05:00)",6,1,2016-10-22,1,45,False
2016-10-22 02:05:00,1,0,2,"[02:05:00,02:25:00)",6,1,2016-10-22,2,5,False
2016-10-22 02:25:00,0,0,2,"[02:25:00,02:45:00)",6,1,2016-10-22,2,25,False
2016-10-22 02:45:00,0,0,2,"[02:45:00,03:05:00)",6,1,2016-10-22,2,45,False
2016-10-22 03:05:00,1,0,2,"[03:05:00,03:25:00)",6,1,2016-10-22,3,5,False
2016-10-22 03:25:00,0,0,2,"[03:25:00,03:45:00)",6,1,2016-10-22,3,25,False
2016-10-22 03:45:00,1,0,2,"[03:45:00,04:05:00)",6,1,2016-10-22,3,45,False
2016-10-22 04:05:00,0,0,2,"[04:05:00,04:25:00)",6,1,2016-10-22,4,5,False
2016-10-22 04:25:00,0,0,2,"[04:25:00,04:45:00)",6,1,2016-10-22,4,25,False
2016-10-22 04:45:00,3,0,2,"[04:45:00,05:05:00)",6,1,2016-10-22,4,45,False
2016-10-22 05:05:00,15,0,2,"[05:05:00,05:25:00)",6,1,2016-10-22,5,5,False
2016-10-22 05:25:00,6,0,2,"[05:25:00,05:45:00)",6,1,2016-10-22,5,25,False
2016-10-22 05:45:00,16,0,2,"[05:45:00,06:05:00)",6,1,2016-10-22,5,45,False
2016-10-22 06:05:00,15,0,2,"[06:05:00,06:25:00)",6,1,2016-10-22,6,5,False
2016-10-22 06:25:00,29,0,2,"[06:25:00,06:45:00)",6,1,2016-10-22,6,25,False
2016-10-22 06:45:00,39,0,2,"[06:45:00,07:05:00)",6,1,2016-10-22,6,45,False
2016-10-22 07:05:00,30,0,2,"[07:05:00,07:25:00)",6,1,2016-10-22,7,5,False
2016-10-22 07:25:00,57,0,2,"[07:25:00,07:45:00)",6,1,2016-10-22,7,25,False
2016-10-22 07:45:00,51,0,2,"[07:45:00,08:05:00)",6,1,2016-10-22,7,45,False
2016-10-22 08:05:00,87,0,2,"[08:05:00,08:25:00)",6,1,2016-10-22,8,5,False
2016-10-22 08:25:00,74,0,2,"[08:25:00,08:45:00)",6,1,2016-10-22,8,25,False
2016-10-22 08:45:00,100,0,2,"[08:45:00,09:05:00)",6,1,2016-10-22,8,45,False
2016-10-22 09:05:00,68,0,2,"[09:05:00,09:25:00)",6,1,2016-10-22,9,5,False
2016-10-22 09:25:00,84,0,2,"[09:25:00,09:45:00)",6,1,2016-10-22,9,25,False
2016-10-22 09:45:00,86,0,2,"[09:45:00,10:05:00)",6,1,2016-10-22,9,45,False
2016-10-22 10:05:00,68,0,2,"[10:05:00,10:25:00)",6,1,2016-10-22,10,5,False
2016-10-22 10:25:00,76,0,2,"[10:25:00,10:45:00)",6,1,2016-10-22,10,25,False
2016-10-22 10:45:00,66,0,2,"[10:45:00,11:05:00)",6,1,2016-10-22,10,45,False
2016-10-22 11:05:00,57,0,2,"[11:05:00,11:25:00)",6,1,2016-10-22,11,5,False
2016-10-22 11:25:00,65,0,2,"[11:25:00,11:45:00)",6,1,2016-10-22,11,25,False
2016-10-22 11:45:00,50,0,2,"[11:45:00,12:05:00)",6,1,2016-10-22,11,45,False
2016-10-22 12:05:00,24,0,2,"[12:05:00,12:25:00)",6,1,2016-10-22,12,5,False
2016-10-22 12:25:00,10,0,2,"[12:25:00,12:45:00)",6,1,2016-10-22,12,25,False
2016-10-22 12:45:00,49,0,2,"[12:45:00,13:05:00)",6,1,2016-10-22,12,45,False
2016-10-22 13:05:00,86,0,2,"[13:05:00,13:25:00)",6,1,2016-10-22,13,5,False
2016-10-22 13:25:00,85,0,2,"[13:25:00,13:45:00)",6,1,2016-10-22,13,25,False
2016-10-22 13:45:00,59,0,2,"[13:45:00,14:05:00)",6,1,2016-10-22,13,45,False
2016-10-22 14:05:00,57,0,2,"[14:05:00,14:25:00)",6,1,2016-10-22,14,5,False
2016-10-22 14:25:00,64,0,2,"[14:25:00,14:45:00)",6,1,2016-10-22,14,25,False
2016-10-22 14:45:00,82,0,2,"[14:45:00,15:05:00)",6,1,2016-10-22,14,45,False
2016-10-22 15:05:00,73,0,2,"[15:05:00,15:25:00)",6,1,2016-10-22,15,5,False
2016-10-22 15:25:00,78,0,2,"[15:25:00,15:45:00)",6,1,2016-10-22,15,25,False
2016-10-22 15:45:00,63,0,2,"[15:45:00,16:05:00)",6,1,2016-10-22,15,45,False
2016-10-22 16:05:00,79,0,2,"[16:05:00,16:25:00)",6,1,2016-10-22,16,5,False
2016-10-22 16:25:00,71,0,2,"[16:25:00,16:45:00)",6,1,2016-10-22,16,25,False
2016-10-22 16:45:00,65,0,2,"[16:45:00,17:05:00)",6,1,2016-10-22,16,45,False
2016-10-22 17:05:00,66,0,2,"[17:05:00,17:25:00)",6,1,2016-10-22,17,5,False
2016-10-22 17:25:00,43,0,2,"[17:25:00,17:45:00)",6,1,2016-10-22,17,25,False
2016-10-22 17:45:00,52,0,2,"[17:45:00,18:05:00)",6,1,2016-10-22,17,45,False
2016-10-22 18:05:00,38,0,2,"[18:05:00,18:25:00)",6,1,2016-10-22,18,5,False
2016-10-22 18:25:00,32,0,2,"[18:25:00,18:45:00)",6,1,2016-10-22,18,25,False
2016-10-22 18:45:00,32,0,2,"[18:45:00,19:05:00)",6,1,2016-10-22,18,45,False
2016-10-22 19:05:00,41,0,2,"[19:05:00,19:25:00)",6,1,2016-10-22,19,5,False
2016-10-22 19:25:00,28,0,2,"[19:25:00,19:45:00)",6,1,2016-10-22,19,25,False
2016-10-22 19:45:00,28,0,2,"[19:45:00,20:05:00)",6,1,2016-10-22,19,45,False
2016-10-22 20:05:00,34,0,2,"[20:05:00,20:25:00)",6,1,2016-10-22,20,5,False
2016-10-22 20:25:00,29,0,2,"[20:25:00,20:45:00)",6,1,2016-10-22,20,25,False
2016-10-22 20:45:00,21,0,2,"[20:45:00,21:05:00)",6,1,2016-10-22,20,45,False
2016-10-22 21:05:00,24,0,2,"[21:05:00,21:25:00)",6,1,2016-10-22,21,5,False
2016-10-22 21:25:00,16,0,2,"[21:25:00,21:45:00)",6,1,2016-10-22,21,25,False
2016-10-22 21:45:00,15,0,2,"[21:45:00,22:05:00)",6,1,2016-10-22,21,45,False
2016-10-22 22:05:00,12,0,2,"[22:05:00,22:25:00)",6,1,2016-10-22,22,5,False
2016-10-22 22:25:00,12,0,2,"[22:25:00,22:45:00)",6,1,2016-10-22,22,25,False
2016-10-22 22:45:00,7,0,2,"[22:45:00,23:05:00)",6,1,2016-10-22,22,45,False
2016-10-22 23:05:00,10,0,2,"[23:05:00,23:25:00)",6,1,2016-10-22,23,5,False
2016-10-22 23:25:00,10,0,2,"[23:25:00,23:45:00)",6,1,2016-10-22,23,25,False
2016-10-22 23:45:00,11,0,2,"[23:45:00,00:00:00)",6,1,2016-10-22,23,45,False
2016-10-23 00:05:00,3,0,2,"[00:05:00,00:25:00)",7,1,2016-10-23,0,5,False
2016-10-23 00:25:00,0,0,2,"[00:25:00,00:45:00)",7,1,2016-10-23,0,25,False
2016-10-23 00:45:00,3,0,2,"[00:45:00,01:05:00)",7,1,2016-10-23,0,45,False
2016-10-23 01:05:00,0,0,2,"[01:05:00,01:25:00)",7,1,2016-10-23,1,5,False
2016-10-23 01:25:00,0,0,2,"[01:25:00,01:45:00)",7,1,2016-10-23,1,25,False
2016-10-23 01:45:00,0,0,2,"[01:45:00,02:05:00)",7,1,2016-10-23,1,45,False
2016-10-23 02:05:00,0,0,2,"[02:05:00,02:25:00)",7,1,2016-10-23,2,5,False
2016-10-23 02:25:00,0,0,2,"[02:25:00,02:45:00)",7,1,2016-10-23,2,25,False
2016-10-23 02:45:00,0,0,2,"[02:45:00,03:05:00)",7,1,2016-10-23,2,45,False
2016-10-23 03:05:00,0,0,2,"[03:05:00,03:25:00)",7,1,2016-10-23,3,5,False
2016-10-23 03:25:00,0,0,2,"[03:25:00,03:45:00)",7,1,2016-10-23,3,25,False
2016-10-23 03:45:00,0,0,2,"[03:45:00,04:05:00)",7,1,2016-10-23,3,45,False
2016-10-23 04:05:00,1,0,2,"[04:05:00,04:25:00)",7,1,2016-10-23,4,5,False
2016-10-23 04:25:00,0,0,2,"[04:25:00,04:45:00)",7,1,2016-10-23,4,25,False
2016-10-23 04:45:00,2,0,2,"[04:45:00,05:05:00)",7,1,2016-10-23,4,45,False
2016-10-23 05:05:00,11,0,2,"[05:05:00,05:25:00)",7,1,2016-10-23,5,5,False
2016-10-23 05:25:00,18,0,2,"[05:25:00,05:45:00)",7,1,2016-10-23,5,25,False
2016-10-23 05:45:00,10,0,2,"[05:45:00,06:05:00)",7,1,2016-10-23,5,45,False
2016-10-23 06:05:00,6,0,2,"[06:05:00,06:25:00)",7,1,2016-10-23,6,5,False
2016-10-23 06:25:00,18,0,2,"[06:25:00,06:45:00)",7,1,2016-10-23,6,25,False
2016-10-23 06:45:00,29,0,2,"[06:45:00,07:05:00)",7,1,2016-10-23,6,45,False
2016-10-23 07:05:00,29,0,2,"[07:05:00,07:25:00)",7,1,2016-10-23,7,5,False
2016-10-23 07:25:00,36,0,2,"[07:25:00,07:45:00)",7,1,2016-10-23,7,25,False
2016-10-23 07:45:00,41,0,2,"[07:45:00,08:05:00)",7,1,2016-10-23,7,45,False
2016-10-23 08:05:00,51,0,2,"[08:05:00,08:25:00)",7,1,2016-10-23,8,5,False
2016-10-23 08:25:00,65,0,2,"[08:25:00,08:45:00)",7,1,2016-10-23,8,25,False
2016-10-23 08:45:00,58,0,2,"[08:45:00,09:05:00)",7,1,2016-10-23,8,45,False
2016-10-23 09:05:00,64,0,2,"[09:05:00,09:25:00)",7,1,2016-10-23,9,5,False
2016-10-23 09:25:00,65,0,2,"[09:25:00,09:45:00)",7,1,2016-10-23,9,25,False
2016-10-23 09:45:00,83,0,2,"[09:45:00,10:05:00)",7,1,2016-10-23,9,45,False
2016-10-23 10:05:00,72,0,2,"[10:05:00,10:25:00)",7,1,2016-10-23,10,5,False
2016-10-23 10:25:00,58,0,2,"[10:25:00,10:45:00)",7,1,2016-10-23,10,25,False
2016-10-23 10:45:00,61,0,2,"[10:45:00,11:05:00)",7,1,2016-10-23,10,45,False
2016-10-23 11:05:00,62,0,2,"[11:05:00,11:25:00)",7,1,2016-10-23,11,5,False
2016-10-23 11:25:00,49,0,2,"[11:25:00,11:45:00)",7,1,2016-10-23,11,25,False
2016-10-23 11:45:00,42,0,2,"[11:45:00,12:05:00)",7,1,2016-10-23,11,45,False
2016-10-23 12:05:00,54,0,2,"[12:05:00,12:25:00)",7,1,2016-10-23,12,5,False
2016-10-23 12:25:00,59,0,2,"[12:25:00,12:45:00)",7,1,2016-10-23,12,25,False
2016-10-23 12:45:00,66,0,2,"[12:45:00,13:05:00)",7,1,2016-10-23,12,45,False
2016-10-23 13:05:00,80,0,2,"[13:05:00,13:25:00)",7,1,2016-10-23,13,5,False
2016-10-23 13:25:00,80,0,2,"[13:25:00,13:45:00)",7,1,2016-10-23,13,25,False
2016-10-23 13:45:00,63,0,2,"[13:45:00,14:05:00)",7,1,2016-10-23,13,45,False
2016-10-23 14:05:00,81,0,2,"[14:05:00,14:25:00)",7,1,2016-10-23,14,5,False
2016-10-23 14:25:00,85,0,2,"[14:25:00,14:45:00)",7,1,2016-10-23,14,25,False
2016-10-23 14:45:00,78,0,2,"[14:45:00,15:05:00)",7,1,2016-10-23,14,45,False
2016-10-23 15:05:00,77,0,2,"[15:05:00,15:25:00)",7,1,2016-10-23,15,5,False
2016-10-23 15:25:00,82,0,2,"[15:25:00,15:45:00)",7,1,2016-10-23,15,25,False
2016-10-23 15:45:00,74,0,2,"[15:45:00,16:05:00)",7,1,2016-10-23,15,45,False
2016-10-23 16:05:00,54,0,2,"[16:05:00,16:25:00)",7,1,2016-10-23,16,5,False
2016-10-23 16:25:00,71,0,2,"[16:25:00,16:45:00)",7,1,2016-10-23,16,25,False
2016-10-23 16:45:00,73,0,2,"[16:45:00,17:05:00)",7,1,2016-10-23,16,45,False
2016-10-23 17:05:00,78,0,2,"[17:05:00,17:25:00)",7,1,2016-10-23,17,5,False
2016-10-23 17:25:00,60,0,2,"[17:25:00,17:45:00)",7,1,2016-10-23,17,25,False
2016-10-23 17:45:00,56,0,2,"[17:45:00,18:05:00)",7,1,2016-10-23,17,45,False
2016-10-23 18:05:00,42,0,2,"[18:05:00,18:25:00)",7,1,2016-10-23,18,5,False
2016-10-23 18:25:00,45,0,2,"[18:25:00,18:45:00)",7,1,2016-10-23,18,25,False
2016-10-23 18:45:00,48,0,2,"[18:45:00,19:05:00)",7,1,2016-10-23,18,45,False
2016-10-23 19:05:00,32,0,2,"[19:05:00,19:25:00)",7,1,2016-10-23,19,5,False
2016-10-23 19:25:00,34,0,2,"[19:25:00,19:45:00)",7,1,2016-10-23,19,25,False
2016-10-23 19:45:00,24,0,2,"[19:45:00,20:05:00)",7,1,2016-10-23,19,45,False
2016-10-23 20:05:00,44,0,2,"[20:05:00,20:25:00)",7,1,2016-10-23,20,5,False
2016-10-23 20:25:00,29,0,2,"[20:25:00,20:45:00)",7,1,2016-10-23,20,25,False
2016-10-23 20:45:00,31,0,2,"[20:45:00,21:05:00)",7,1,2016-10-23,20,45,False
2016-10-23 21:05:00,25,0,2,"[21:05:00,21:25:00)",7,1,2016-10-23,21,5,False
2016-10-23 21:25:00,23,0,2,"[21:25:00,21:45:00)",7,1,2016-10-23,21,25,False
2016-10-23 21:45:00,22,0,2,"[21:45:00,22:05:00)",7,1,2016-10-23,21,45,False
2016-10-23 22:05:00,17,0,2,"[22:05:00,22:25:00)",7,1,2016-10-23,22,5,False
2016-10-23 22:25:00,13,0,2,"[22:25:00,22:45:00)",7,1,2016-10-23,22,25,False
2016-10-23 22:45:00,10,0,2,"[22:45:00,23:05:00)",7,1,2016-10-23,22,45,False
2016-10-23 23:05:00,20,0,2,"[23:05:00,23:25:00)",7,1,2016-10-23,23,5,False
2016-10-23 23:25:00,12,0,2,"[23:25:00,23:45:00)",7,1,2016-10-23,23,25,False
2016-10-23 23:45:00,5,0,2,"[23:45:00,00:00:00)",7,1,2016-10-23,23,45,False
2016-10-24 00:05:00,2,0,2,"[00:05:00,00:25:00)",1,0,2016-10-24,0,5,False
2016-10-24 00:25:00,1,0,2,"[00:25:00,00:45:00)",1,0,2016-10-24,0,25,False
2016-10-24 00:45:00,0,0,2,"[00:45:00,01:05:00)",1,0,2016-10-24,0,45,False
2016-10-24 01:05:00,0,0,2,"[01:05:00,01:25:00)",1,0,2016-10-24,1,5,False
2016-10-24 01:25:00,1,0,2,"[01:25:00,01:45:00)",1,0,2016-10-24,1,25,False
2016-10-24 01:45:00,0,0,2,"[01:45:00,02:05:00)",1,0,2016-10-24,1,45,False
2016-10-24 02:05:00,0,0,2,"[02:05:00,02:25:00)",1,0,2016-10-24,2,5,False
2016-10-24 02:25:00,0,0,2,"[02:25:00,02:45:00)",1,0,2016-10-24,2,25,False
2016-10-24 02:45:00,0,0,2,"[02:45:00,03:05:00)",1,0,2016-10-24,2,45,False
2016-10-24 03:05:00,0,0,2,"[03:05:00,03:25:00)",1,0,2016-10-24,3,5,False
2016-10-24 03:25:00,0,0,2,"[03:25:00,03:45:00)",1,0,2016-10-24,3,25,False
2016-10-24 03:45:00,0,0,2,"[03:45:00,04:05:00)",1,0,2016-10-24,3,45,False
2016-10-24 04:05:00,0,0,2,"[04:05:00,04:25:00)",1,0,2016-10-24,4,5,False
2016-10-24 04:25:00,0,0,2,"[04:25:00,04:45:00)",1,0,2016-10-24,4,25,False
2016-10-24 04:45:00,2,0,2,"[04:45:00,05:05:00)",1,0,2016-10-24,4,45,False
2016-10-24 05:05:00,25,0,2,"[05:05:00,05:25:00)",1,0,2016-10-24,5,5,False
2016-10-24 05:25:00,23,0,2,"[05:25:00,05:45:00)",1,0,2016-10-24,5,25,False
2016-10-24 05:45:00,29,0,2,"[05:45:00,06:05:00)",1,0,2016-10-24,5,45,False
2016-10-24 06:05:00,30,0,2,"[06:05:00,06:25:00)",1,0,2016-10-24,6,5,False
2016-10-24 06:25:00,35,0,2,"[06:25:00,06:45:00)",1,0,2016-10-24,6,25,False
2016-10-24 06:45:00,62,0,2,"[06:45:00,07:05:00)",1,0,2016-10-24,6,45,False
2016-10-24 07:05:00,110,0,2,"[07:05:00,07:25:00)",1,0,2016-10-24,7,5,False
2016-10-24 07:25:00,117,0,2,"[07:25:00,07:45:00)",1,0,2016-10-24,7,25,False
2016-10-24 07:45:00,121,0,2,"[07:45:00,08:05:00)",1,0,2016-10-24,7,45,False
2016-10-24 08:05:00,124,0,2,"[08:05:00,08:25:00)",1,0,2016-10-24,8,5,False
2016-10-24 08:25:00,125,0,2,"[08:25:00,08:45:00)",1,0,2016-10-24,8,25,False
2016-10-24 08:45:00,109,0,2,"[08:45:00,09:05:00)",1,0,2016-10-24,8,45,False
2016-10-24 09:05:00,110,0,2,"[09:05:00,09:25:00)",1,0,2016-10-24,9,5,False
2016-10-24 09:25:00,87,0,2,"[09:25:00,09:45:00)",1,0,2016-10-24,9,25,False
2016-10-24 09:45:00,85,0,2,"[09:45:00,10:05:00)",1,0,2016-10-24,9,45,False
2016-10-24 10:05:00,58,0,2,"[10:05:00,10:25:00)",1,0,2016-10-24,10,5,False
2016-10-24 10:25:00,63,0,2,"[10:25:00,10:45:00)",1,0,2016-10-24,10,25,False
2016-10-24 10:45:00,67,0,2,"[10:45:00,11:05:00)",1,0,2016-10-24,10,45,False
2016-10-24 11:05:00,64,0,2,"[11:05:00,11:25:00)",1,0,2016-10-24,11,5,False
2016-10-24 11:25:00,49,0,2,"[11:25:00,11:45:00)",1,0,2016-10-24,11,25,False
2016-10-24 11:45:00,60,0,2,"[11:45:00,12:05:00)",1,0,2016-10-24,11,45,False
2016-10-24 12:05:00,45,0,2,"[12:05:00,12:25:00)",1,0,2016-10-24,12,5,False
2016-10-24 12:25:00,58,0,2,"[12:25:00,12:45:00)",1,0,2016-10-24,12,25,False
2016-10-24 12:45:00,63,0,2,"[12:45:00,13:05:00)",1,0,2016-10-24,12,45,False
2016-10-24 13:05:00,77,0,2,"[13:05:00,13:25:00)",1,0,2016-10-24,13,5,False
2016-10-24 13:25:00,68,0,2,"[13:25:00,13:45:00)",1,0,2016-10-24,13,25,False
2016-10-24 13:45:00,55,0,2,"[13:45:00,14:05:00)",1,0,2016-10-24,13,45,False
2016-10-24 14:05:00,67,0,2,"[14:05:00,14:25:00)",1,0,2016-10-24,14,5,False
2016-10-24 14:25:00,57,0,2,"[14:25:00,14:45:00)",1,0,2016-10-24,14,25,False
2016-10-24 14:45:00,73,0,2,"[14:45:00,15:05:00)",1,0,2016-10-24,14,45,False
2016-10-24 15:05:00,64,0,2,"[15:05:00,15:25:00)",1,0,2016-10-24,15,5,False
2016-10-24 15:25:00,71,0,2,"[15:25:00,15:45:00)",1,0,2016-10-24,15,25,False
2016-10-24 15:45:00,68,0,2,"[15:45:00,16:05:00)",1,0,2016-10-24,15,45,False
2016-10-24 16:05:00,80,0,2,"[16:05:00,16:25:00)",1,0,2016-10-24,16,5,False
2016-10-24 16:25:00,81,0,2,"[16:25:00,16:45:00)",1,0,2016-10-24,16,25,False
2016-10-24 16:45:00,67,0,2,"[16:45:00,17:05:00)",1,0,2016-10-24,16,45,False
2016-10-24 17:05:00,75,0,2,"[17:05:00,17:25:00)",1,0,2016-10-24,17,5,False
2016-10-24 17:25:00,58,0,2,"[17:25:00,17:45:00)",1,0,2016-10-24,17,25,False
2016-10-24 17:45:00,63,0,2,"[17:45:00,18:05:00)",1,0,2016-10-24,17,45,False
2016-10-24 18:05:00,51,0,2,"[18:05:00,18:25:00)",1,0,2016-10-24,18,5,False
2016-10-24 18:25:00,39,0,2,"[18:25:00,18:45:00)",1,0,2016-10-24,18,25,False
2016-10-24 18:45:00,43,0,2,"[18:45:00,19:05:00)",1,0,2016-10-24,18,45,False
2016-10-24 19:05:00,52,0,2,"[19:05:00,19:25:00)",1,0,2016-10-24,19,5,False
2016-10-24 19:25:00,29,0,2,"[19:25:00,19:45:00)",1,0,2016-10-24,19,25,False
2016-10-24 19:45:00,32,0,2,"[19:45:00,20:05:00)",1,0,2016-10-24,19,45,False
2016-10-24 20:05:00,32,0,2,"[20:05:00,20:25:00)",1,0,2016-10-24,20,5,False
2016-10-24 20:25:00,35,0,2,"[20:25:00,20:45:00)",1,0,2016-10-24,20,25,False
2016-10-24 20:45:00,35,0,2,"[20:45:00,21:05:00)",1,0,2016-10-24,20,45,False
2016-10-24 21:05:00,28,0,2,"[21:05:00,21:25:00)",1,0,2016-10-24,21,5,False
2016-10-24 21:25:00,29,0,2,"[21:25:00,21:45:00)",1,0,2016-10-24,21,25,False
2016-10-24 21:45:00,13,0,2,"[21:45:00,22:05:00)",1,0,2016-10-24,21,45,False
2016-10-24 22:05:00,26,0,2,"[22:05:00,22:25:00)",1,0,2016-10-24,22,5,False
2016-10-24 22:25:00,22,0,2,"[22:25:00,22:45:00)",1,0,2016-10-24,22,25,False
2016-10-24 22:45:00,13,0,2,"[22:45:00,23:05:00)",1,0,2016-10-24,22,45,False
2016-10-24 23:05:00,4,0,2,"[23:05:00,23:25:00)",1,0,2016-10-24,23,5,False
2016-10-24 23:25:00,4,0,2,"[23:25:00,23:45:00)",1,0,2016-10-24,23,25,False
2016-09-19 00:05:00,16,0,3,"[00:05:00,00:25:00)",1,0,2016-09-19,0,5,False
2016-09-19 00:25:00,21,0,3,"[00:25:00,00:45:00)",1,0,2016-09-19,0,25,False
2016-09-19 00:45:00,15,0,3,"[00:45:00,01:05:00)",1,0,2016-09-19,0,45,False
2016-09-19 01:05:00,14,0,3,"[01:05:00,01:25:00)",1,0,2016-09-19,1,5,False
2016-09-19 01:25:00,14,0,3,"[01:25:00,01:45:00)",1,0,2016-09-19,1,25,False
2016-09-19 01:45:00,15,0,3,"[01:45:00,02:05:00)",1,0,2016-09-19,1,45,False
2016-09-19 02:05:00,13,0,3,"[02:05:00,02:25:00)",1,0,2016-09-19,2,5,False
2016-09-19 02:25:00,14,0,3,"[02:25:00,02:45:00)",1,0,2016-09-19,2,25,False
2016-09-19 02:45:00,15,0,3,"[02:45:00,03:05:00)",1,0,2016-09-19,2,45,False
2016-09-19 03:05:00,10,0,3,"[03:05:00,03:25:00)",1,0,2016-09-19,3,5,False
2016-09-19 03:25:00,9,0,3,"[03:25:00,03:45:00)",1,0,2016-09-19,3,25,False
2016-09-19 03:45:00,10,0,3,"[03:45:00,04:05:00)",1,0,2016-09-19,3,45,False
2016-09-19 04:05:00,9,0,3,"[04:05:00,04:25:00)",1,0,2016-09-19,4,5,False
2016-09-19 04:25:00,9,0,3,"[04:25:00,04:45:00)",1,0,2016-09-19,4,25,False
2016-09-19 04:45:00,10,0,3,"[04:45:00,05:05:00)",1,0,2016-09-19,4,45,False
2016-09-19 05:05:00,10,0,3,"[05:05:00,05:25:00)",1,0,2016-09-19,5,5,False
2016-09-19 05:25:00,18,0,3,"[05:25:00,05:45:00)",1,0,2016-09-19,5,25,False
2016-09-19 05:45:00,31,0,3,"[05:45:00,06:05:00)",1,0,2016-09-19,5,45,False
2016-09-19 06:05:00,42,0,3,"[06:05:00,06:25:00)",1,0,2016-09-19,6,5,False
2016-09-19 06:25:00,55,0,3,"[06:25:00,06:45:00)",1,0,2016-09-19,6,25,False
2016-09-19 06:45:00,81,0,3,"[06:45:00,07:05:00)",1,0,2016-09-19,6,45,False
2016-09-19 07:05:00,141,0,3,"[07:05:00,07:25:00)",1,0,2016-09-19,7,5,False
2016-09-19 07:25:00,119,0,3,"[07:25:00,07:45:00)",1,0,2016-09-19,7,25,False
2016-09-19 07:45:00,163,0,3,"[07:45:00,08:05:00)",1,0,2016-09-19,7,45,False
2016-09-19 08:05:00,172,0,3,"[08:05:00,08:25:00)",1,0,2016-09-19,8,5,False
2016-09-19 08:25:00,157,0,3,"[08:25:00,08:45:00)",1,0,2016-09-19,8,25,False
2016-09-19 08:45:00,142,0,3,"[08:45:00,09:05:00)",1,0,2016-09-19,8,45,False
2016-09-19 09:05:00,171,0,3,"[09:05:00,09:25:00)",1,0,2016-09-19,9,5,False
2016-09-19 09:25:00,137,0,3,"[09:25:00,09:45:00)",1,0,2016-09-19,9,25,False
2016-09-19 09:45:00,132,0,3,"[09:45:00,10:05:00)",1,0,2016-09-19,9,45,False
2016-09-19 10:05:00,113,0,3,"[10:05:00,10:25:00)",1,0,2016-09-19,10,5,False
2016-09-19 10:25:00,113,0,3,"[10:25:00,10:45:00)",1,0,2016-09-19,10,25,False
2016-09-19 10:45:00,125,0,3,"[10:45:00,11:05:00)",1,0,2016-09-19,10,45,False
2016-09-19 11:05:00,96,0,3,"[11:05:00,11:25:00)",1,0,2016-09-19,11,5,False
2016-09-19 11:25:00,91,0,3,"[11:25:00,11:45:00)",1,0,2016-09-19,11,25,False
2016-09-19 11:45:00,86,0,3,"[11:45:00,12:05:00)",1,0,2016-09-19,11,45,False
2016-09-19 12:05:00,109,0,3,"[12:05:00,12:25:00)",1,0,2016-09-19,12,5,False
2016-09-19 12:25:00,91,0,3,"[12:25:00,12:45:00)",1,0,2016-09-19,12,25,False
2016-09-19 12:45:00,128,0,3,"[12:45:00,13:05:00)",1,0,2016-09-19,12,45,False
2016-09-19 13:05:00,110,0,3,"[13:05:00,13:25:00)",1,0,2016-09-19,13,5,False
2016-09-19 13:25:00,121,0,3,"[13:25:00,13:45:00)",1,0,2016-09-19,13,25,False
2016-09-19 13:45:00,119,0,3,"[13:45:00,14:05:00)",1,0,2016-09-19,13,45,False
2016-09-19 14:05:00,99,0,3,"[14:05:00,14:25:00)",1,0,2016-09-19,14,5,False
2016-09-19 14:25:00,82,0,3,"[14:25:00,14:45:00)",1,0,2016-09-19,14,25,False
2016-09-19 14:45:00,115,0,3,"[14:45:00,15:05:00)",1,0,2016-09-19,14,45,False
2016-09-19 15:05:00,108,0,3,"[15:05:00,15:25:00)",1,0,2016-09-19,15,5,False
2016-09-19 15:25:00,116,0,3,"[15:25:00,15:45:00)",1,0,2016-09-19,15,25,False
2016-09-19 15:45:00,118,0,3,"[15:45:00,16:05:00)",1,0,2016-09-19,15,45,False
2016-09-19 16:05:00,111,0,3,"[16:05:00,16:25:00)",1,0,2016-09-19,16,5,False
2016-09-19 16:25:00,114,0,3,"[16:25:00,16:45:00)",1,0,2016-09-19,16,25,False
2016-09-19 16:45:00,122,0,3,"[16:45:00,17:05:00)",1,0,2016-09-19,16,45,False
2016-09-19 17:05:00,106,0,3,"[17:05:00,17:25:00)",1,0,2016-09-19,17,5,False
2016-09-19 17:25:00,119,0,3,"[17:25:00,17:45:00)",1,0,2016-09-19,17,25,False
2016-09-19 17:45:00,93,0,3,"[17:45:00,18:05:00)",1,0,2016-09-19,17,45,False
2016-09-19 18:05:00,84,0,3,"[18:05:00,18:25:00)",1,0,2016-09-19,18,5,False
2016-09-19 18:25:00,59,0,3,"[18:25:00,18:45:00)",1,0,2016-09-19,18,25,False
2016-09-19 18:45:00,57,0,3,"[18:45:00,19:05:00)",1,0,2016-09-19,18,45,False
2016-09-19 19:05:00,54,0,3,"[19:05:00,19:25:00)",1,0,2016-09-19,19,5,False
2016-09-19 19:25:00,55,0,3,"[19:25:00,19:45:00)",1,0,2016-09-19,19,25,False
2016-09-19 19:45:00,51,0,3,"[19:45:00,20:05:00)",1,0,2016-09-19,19,45,False
2016-09-19 20:05:00,48,0,3,"[20:05:00,20:25:00)",1,0,2016-09-19,20,5,False
2016-09-19 20:25:00,36,0,3,"[20:25:00,20:45:00)",1,0,2016-09-19,20,25,False
2016-09-19 20:45:00,38,0,3,"[20:45:00,21:05:00)",1,0,2016-09-19,20,45,False
2016-09-19 21:05:00,25,0,3,"[21:05:00,21:25:00)",1,0,2016-09-19,21,5,False
2016-09-19 21:25:00,40,0,3,"[21:25:00,21:45:00)",1,0,2016-09-19,21,25,False
2016-09-19 21:45:00,24,0,3,"[21:45:00,22:05:00)",1,0,2016-09-19,21,45,False
2016-09-19 22:05:00,25,0,3,"[22:05:00,22:25:00)",1,0,2016-09-19,22,5,False
2016-09-19 22:25:00,21,0,3,"[22:25:00,22:45:00)",1,0,2016-09-19,22,25,False
2016-09-19 22:45:00,12,0,3,"[22:45:00,23:05:00)",1,0,2016-09-19,22,45,False
2016-09-19 23:05:00,4,0,3,"[23:05:00,23:25:00)",1,0,2016-09-19,23,5,False
2016-09-19 23:25:00,17,0,3,"[23:25:00,23:45:00)",1,0,2016-09-19,23,25,False
2016-09-19 23:45:00,17,0,3,"[23:45:00,00:00:00)",1,0,2016-09-19,23,45,False
2016-09-20 00:05:00,17,0,3,"[00:05:00,00:25:00)",2,0,2016-09-20,0,5,False
2016-09-20 00:25:00,14,0,3,"[00:25:00,00:45:00)",2,0,2016-09-20,0,25,False
2016-09-20 00:45:00,16,0,3,"[00:45:00,01:05:00)",2,0,2016-09-20,0,45,False
2016-09-20 01:05:00,16,0,3,"[01:05:00,01:25:00)",2,0,2016-09-20,1,5,False
2016-09-20 01:25:00,14,0,3,"[01:25:00,01:45:00)",2,0,2016-09-20,1,25,False
2016-09-20 01:45:00,17,0,3,"[01:45:00,02:05:00)",2,0,2016-09-20,1,45,False
2016-09-20 02:05:00,13,0,3,"[02:05:00,02:25:00)",2,0,2016-09-20,2,5,False
2016-09-20 02:25:00,16,0,3,"[02:25:00,02:45:00)",2,0,2016-09-20,2,25,False
2016-09-20 02:45:00,13,0,3,"[02:45:00,03:05:00)",2,0,2016-09-20,2,45,False
2016-09-20 03:05:00,8,0,3,"[03:05:00,03:25:00)",2,0,2016-09-20,3,5,False
2016-09-20 03:25:00,7,0,3,"[03:25:00,03:45:00)",2,0,2016-09-20,3,25,False
2016-09-20 03:45:00,12,0,3,"[03:45:00,04:05:00)",2,0,2016-09-20,3,45,False
2016-09-20 04:05:00,8,0,3,"[04:05:00,04:25:00)",2,0,2016-09-20,4,5,False
2016-09-20 04:25:00,11,0,3,"[04:25:00,04:45:00)",2,0,2016-09-20,4,25,False
2016-09-20 04:45:00,11,0,3,"[04:45:00,05:05:00)",2,0,2016-09-20,4,45,False
2016-09-20 05:05:00,15,0,3,"[05:05:00,05:25:00)",2,0,2016-09-20,5,5,False
2016-09-20 05:25:00,12,0,3,"[05:25:00,05:45:00)",2,0,2016-09-20,5,25,False
2016-09-20 05:45:00,26,0,3,"[05:45:00,06:05:00)",2,0,2016-09-20,5,45,False
2016-09-20 06:05:00,31,0,3,"[06:05:00,06:25:00)",2,0,2016-09-20,6,5,False
2016-09-20 06:25:00,48,0,3,"[06:25:00,06:45:00)",2,0,2016-09-20,6,25,False
2016-09-20 06:45:00,92,0,3,"[06:45:00,07:05:00)",2,0,2016-09-20,6,45,False
2016-09-20 07:05:00,133,0,3,"[07:05:00,07:25:00)",2,0,2016-09-20,7,5,False
2016-09-20 07:25:00,130,0,3,"[07:25:00,07:45:00)",2,0,2016-09-20,7,25,False
2016-09-20 07:45:00,142,0,3,"[07:45:00,08:05:00)",2,0,2016-09-20,7,45,False
2016-09-20 08:05:00,147,0,3,"[08:05:00,08:25:00)",2,0,2016-09-20,8,5,False
2016-09-20 08:25:00,172,0,3,"[08:25:00,08:45:00)",2,0,2016-09-20,8,25,False
2016-09-20 08:45:00,149,0,3,"[08:45:00,09:05:00)",2,0,2016-09-20,8,45,False
2016-09-20 09:05:00,142,0,3,"[09:05:00,09:25:00)",2,0,2016-09-20,9,5,False
2016-09-20 09:25:00,144,0,3,"[09:25:00,09:45:00)",2,0,2016-09-20,9,25,False
2016-09-20 09:45:00,137,0,3,"[09:45:00,10:05:00)",2,0,2016-09-20,9,45,False
2016-09-20 10:05:00,122,0,3,"[10:05:00,10:25:00)",2,0,2016-09-20,10,5,False
2016-09-20 10:25:00,138,0,3,"[10:25:00,10:45:00)",2,0,2016-09-20,10,25,False
2016-09-20 10:45:00,114,0,3,"[10:45:00,11:05:00)",2,0,2016-09-20,10,45,False
2016-09-20 11:05:00,116,0,3,"[11:05:00,11:25:00)",2,0,2016-09-20,11,5,False
2016-09-20 11:25:00,109,0,3,"[11:25:00,11:45:00)",2,0,2016-09-20,11,25,False
2016-09-20 11:45:00,104,0,3,"[11:45:00,12:05:00)",2,0,2016-09-20,11,45,False
2016-09-20 12:05:00,110,0,3,"[12:05:00,12:25:00)",2,0,2016-09-20,12,5,False
2016-09-20 12:25:00,121,0,3,"[12:25:00,12:45:00)",2,0,2016-09-20,12,25,False
2016-09-20 12:45:00,127,0,3,"[12:45:00,13:05:00)",2,0,2016-09-20,12,45,False
2016-09-20 13:05:00,138,0,3,"[13:05:00,13:25:00)",2,0,2016-09-20,13,5,False
2016-09-20 13:25:00,149,0,3,"[13:25:00,13:45:00)",2,0,2016-09-20,13,25,False
2016-09-20 13:45:00,131,0,3,"[13:45:00,14:05:00)",2,0,2016-09-20,13,45,False
2016-09-20 14:05:00,127,0,3,"[14:05:00,14:25:00)",2,0,2016-09-20,14,5,False
2016-09-20 14:25:00,137,0,3,"[14:25:00,14:45:00)",2,0,2016-09-20,14,25,False
2016-09-20 14:45:00,117,0,3,"[14:45:00,15:05:00)",2,0,2016-09-20,14,45,False
2016-09-20 15:05:00,130,0,3,"[15:05:00,15:25:00)",2,0,2016-09-20,15,5,False
2016-09-20 15:25:00,139,0,3,"[15:25:00,15:45:00)",2,0,2016-09-20,15,25,False
2016-09-20 15:45:00,131,0,3,"[15:45:00,16:05:00)",2,0,2016-09-20,15,45,False
2016-09-20 16:05:00,109,0,3,"[16:05:00,16:25:00)",2,0,2016-09-20,16,5,False
2016-09-20 16:25:00,121,0,3,"[16:25:00,16:45:00)",2,0,2016-09-20,16,25,False
2016-09-20 16:45:00,125,0,3,"[16:45:00,17:05:00)",2,0,2016-09-20,16,45,False
2016-09-20 17:05:00,122,0,3,"[17:05:00,17:25:00)",2,0,2016-09-20,17,5,False
2016-09-20 17:25:00,107,0,3,"[17:25:00,17:45:00)",2,0,2016-09-20,17,25,False
2016-09-20 17:45:00,98,0,3,"[17:45:00,18:05:00)",2,0,2016-09-20,17,45,False
2016-09-20 18:05:00,86,0,3,"[18:05:00,18:25:00)",2,0,2016-09-20,18,5,False
2016-09-20 18:25:00,91,0,3,"[18:25:00,18:45:00)",2,0,2016-09-20,18,25,False
2016-09-20 18:45:00,60,0,3,"[18:45:00,19:05:00)",2,0,2016-09-20,18,45,False
2016-09-20 19:05:00,54,0,3,"[19:05:00,19:25:00)",2,0,2016-09-20,19,5,False
2016-09-20 19:25:00,58,0,3,"[19:25:00,19:45:00)",2,0,2016-09-20,19,25,False
2016-09-20 19:45:00,50,0,3,"[19:45:00,20:05:00)",2,0,2016-09-20,19,45,False
2016-09-20 20:05:00,53,0,3,"[20:05:00,20:25:00)",2,0,2016-09-20,20,5,False
2016-09-20 20:25:00,56,0,3,"[20:25:00,20:45:00)",2,0,2016-09-20,20,25,False
2016-09-20 20:45:00,47,0,3,"[20:45:00,21:05:00)",2,0,2016-09-20,20,45,False
2016-09-20 21:05:00,41,0,3,"[21:05:00,21:25:00)",2,0,2016-09-20,21,5,False
2016-09-20 21:25:00,39,0,3,"[21:25:00,21:45:00)",2,0,2016-09-20,21,25,False
2016-09-20 21:45:00,32,0,3,"[21:45:00,22:05:00)",2,0,2016-09-20,21,45,False
2016-09-20 22:05:00,24,0,3,"[22:05:00,22:25:00)",2,0,2016-09-20,22,5,False
2016-09-20 22:25:00,27,0,3,"[22:25:00,22:45:00)",2,0,2016-09-20,22,25,False
2016-09-20 22:45:00,22,0,3,"[22:45:00,23:05:00)",2,0,2016-09-20,22,45,False
2016-09-20 23:05:00,13,0,3,"[23:05:00,23:25:00)",2,0,2016-09-20,23,5,False
2016-09-20 23:25:00,30,0,3,"[23:25:00,23:45:00)",2,0,2016-09-20,23,25,False
2016-09-20 23:45:00,19,0,3,"[23:45:00,00:00:00)",2,0,2016-09-20,23,45,False
2016-09-21 00:05:00,23,0,3,"[00:05:00,00:25:00)",3,0,2016-09-21,0,5,False
2016-09-21 00:25:00,14,0,3,"[00:25:00,00:45:00)",3,0,2016-09-21,0,25,False
2016-09-21 00:45:00,14,0,3,"[00:45:00,01:05:00)",3,0,2016-09-21,0,45,False
2016-09-21 01:05:00,17,0,3,"[01:05:00,01:25:00)",3,0,2016-09-21,1,5,False
2016-09-21 01:25:00,19,0,3,"[01:25:00,01:45:00)",3,0,2016-09-21,1,25,False
2016-09-21 01:45:00,11,0,3,"[01:45:00,02:05:00)",3,0,2016-09-21,1,45,False
2016-09-21 02:05:00,10,0,3,"[02:05:00,02:25:00)",3,0,2016-09-21,2,5,False
2016-09-21 02:25:00,13,0,3,"[02:25:00,02:45:00)",3,0,2016-09-21,2,25,False
2016-09-21 02:45:00,12,0,3,"[02:45:00,03:05:00)",3,0,2016-09-21,2,45,False
2016-09-21 03:05:00,13,0,3,"[03:05:00,03:25:00)",3,0,2016-09-21,3,5,False
2016-09-21 03:25:00,8,0,3,"[03:25:00,03:45:00)",3,0,2016-09-21,3,25,False
2016-09-21 03:45:00,12,0,3,"[03:45:00,04:05:00)",3,0,2016-09-21,3,45,False
2016-09-21 04:05:00,15,0,3,"[04:05:00,04:25:00)",3,0,2016-09-21,4,5,False
2016-09-21 04:25:00,14,0,3,"[04:25:00,04:45:00)",3,0,2016-09-21,4,25,False
2016-09-21 04:45:00,14,0,3,"[04:45:00,05:05:00)",3,0,2016-09-21,4,45,False
2016-09-21 05:05:00,15,0,3,"[05:05:00,05:25:00)",3,0,2016-09-21,5,5,False
2016-09-21 05:25:00,22,0,3,"[05:25:00,05:45:00)",3,0,2016-09-21,5,25,False
2016-09-21 05:45:00,24,0,3,"[05:45:00,06:05:00)",3,0,2016-09-21,5,45,False
2016-09-21 06:05:00,35,0,3,"[06:05:00,06:25:00)",3,0,2016-09-21,6,5,False
2016-09-21 06:25:00,52,0,3,"[06:25:00,06:45:00)",3,0,2016-09-21,6,25,False
2016-09-21 06:45:00,100,0,3,"[06:45:00,07:05:00)",3,0,2016-09-21,6,45,False
2016-09-21 07:05:00,133,0,3,"[07:05:00,07:25:00)",3,0,2016-09-21,7,5,False
2016-09-21 07:25:00,109,0,3,"[07:25:00,07:45:00)",3,0,2016-09-21,7,25,False
2016-09-21 07:45:00,157,0,3,"[07:45:00,08:05:00)",3,0,2016-09-21,7,45,False
2016-09-21 08:05:00,142,0,3,"[08:05:00,08:25:00)",3,0,2016-09-21,8,5,False
2016-09-21 08:25:00,160,0,3,"[08:25:00,08:45:00)",3,0,2016-09-21,8,25,False
2016-09-21 08:45:00,117,0,3,"[08:45:00,09:05:00)",3,0,2016-09-21,8,45,False
2016-09-21 09:05:00,137,0,3,"[09:05:00,09:25:00)",3,0,2016-09-21,9,5,False
2016-09-21 09:25:00,126,0,3,"[09:25:00,09:45:00)",3,0,2016-09-21,9,25,False
2016-09-21 09:45:00,120,0,3,"[09:45:00,10:05:00)",3,0,2016-09-21,9,45,False
2016-09-21 10:05:00,118,0,3,"[10:05:00,10:25:00)",3,0,2016-09-21,10,5,False
2016-09-21 10:25:00,118,0,3,"[10:25:00,10:45:00)",3,0,2016-09-21,10,25,False
2016-09-21 10:45:00,107,0,3,"[10:45:00,11:05:00)",3,0,2016-09-21,10,45,False
2016-09-21 11:05:00,79,0,3,"[11:05:00,11:25:00)",3,0,2016-09-21,11,5,False
2016-09-21 11:25:00,104,0,3,"[11:25:00,11:45:00)",3,0,2016-09-21,11,25,False
2016-09-21 11:45:00,87,0,3,"[11:45:00,12:05:00)",3,0,2016-09-21,11,45,False
2016-09-21 12:05:00,74,0,3,"[12:05:00,12:25:00)",3,0,2016-09-21,12,5,False
2016-09-21 12:25:00,93,0,3,"[12:25:00,12:45:00)",3,0,2016-09-21,12,25,False
2016-09-21 12:45:00,98,0,3,"[12:45:00,13:05:00)",3,0,2016-09-21,12,45,False
2016-09-21 13:05:00,101,0,3,"[13:05:00,13:25:00)",3,0,2016-09-21,13,5,False
2016-09-21 13:25:00,110,0,3,"[13:25:00,13:45:00)",3,0,2016-09-21,13,25,False
2016-09-21 13:45:00,98,0,3,"[13:45:00,14:05:00)",3,0,2016-09-21,13,45,False
2016-09-21 14:05:00,107,0,3,"[14:05:00,14:25:00)",3,0,2016-09-21,14,5,False
2016-09-21 14:25:00,95,0,3,"[14:25:00,14:45:00)",3,0,2016-09-21,14,25,False
2016-09-21 14:45:00,102,0,3,"[14:45:00,15:05:00)",3,0,2016-09-21,14,45,False
2016-09-21 15:05:00,113,0,3,"[15:05:00,15:25:00)",3,0,2016-09-21,15,5,False
2016-09-21 15:25:00,112,0,3,"[15:25:00,15:45:00)",3,0,2016-09-21,15,25,False
2016-09-21 15:45:00,88,0,3,"[15:45:00,16:05:00)",3,0,2016-09-21,15,45,False
2016-09-21 16:05:00,103,0,3,"[16:05:00,16:25:00)",3,0,2016-09-21,16,5,False
2016-09-21 16:25:00,129,0,3,"[16:25:00,16:45:00)",3,0,2016-09-21,16,25,False
2016-09-21 16:45:00,124,0,3,"[16:45:00,17:05:00)",3,0,2016-09-21,16,45,False
2016-09-21 17:05:00,123,0,3,"[17:05:00,17:25:00)",3,0,2016-09-21,17,5,False
2016-09-21 17:25:00,106,0,3,"[17:25:00,17:45:00)",3,0,2016-09-21,17,25,False
2016-09-21 17:45:00,99,0,3,"[17:45:00,18:05:00)",3,0,2016-09-21,17,45,False
2016-09-21 18:05:00,86,0,3,"[18:05:00,18:25:00)",3,0,2016-09-21,18,5,False
2016-09-21 18:25:00,63,0,3,"[18:25:00,18:45:00)",3,0,2016-09-21,18,25,False
2016-09-21 18:45:00,61,0,3,"[18:45:00,19:05:00)",3,0,2016-09-21,18,45,False
2016-09-21 19:05:00,65,0,3,"[19:05:00,19:25:00)",3,0,2016-09-21,19,5,False
2016-09-21 19:25:00,50,0,3,"[19:25:00,19:45:00)",3,0,2016-09-21,19,25,False
2016-09-21 19:45:00,55,0,3,"[19:45:00,20:05:00)",3,0,2016-09-21,19,45,False
2016-09-21 20:05:00,44,0,3,"[20:05:00,20:25:00)",3,0,2016-09-21,20,5,False
2016-09-21 20:25:00,36,0,3,"[20:25:00,20:45:00)",3,0,2016-09-21,20,25,False
2016-09-21 20:45:00,39,0,3,"[20:45:00,21:05:00)",3,0,2016-09-21,20,45,False
2016-09-21 21:05:00,44,0,3,"[21:05:00,21:25:00)",3,0,2016-09-21,21,5,False
2016-09-21 21:25:00,48,0,3,"[21:25:00,21:45:00)",3,0,2016-09-21,21,25,False
2016-09-21 21:45:00,30,0,3,"[21:45:00,22:05:00)",3,0,2016-09-21,21,45,False
2016-09-21 22:05:00,22,0,3,"[22:05:00,22:25:00)",3,0,2016-09-21,22,5,False
2016-09-21 22:25:00,35,0,3,"[22:25:00,22:45:00)",3,0,2016-09-21,22,25,False
2016-09-21 22:45:00,11,0,3,"[22:45:00,23:05:00)",3,0,2016-09-21,22,45,False
2016-09-21 23:05:00,27,0,3,"[23:05:00,23:25:00)",3,0,2016-09-21,23,5,False
2016-09-21 23:25:00,22,0,3,"[23:25:00,23:45:00)",3,0,2016-09-21,23,25,False
2016-09-21 23:45:00,14,0,3,"[23:45:00,00:00:00)",3,0,2016-09-21,23,45,False
2016-09-22 00:05:00,13,0,3,"[00:05:00,00:25:00)",4,0,2016-09-22,0,5,False
2016-09-22 00:25:00,13,0,3,"[00:25:00,00:45:00)",4,0,2016-09-22,0,25,False
2016-09-22 00:45:00,13,0,3,"[00:45:00,01:05:00)",4,0,2016-09-22,0,45,False
2016-09-22 01:05:00,15,0,3,"[01:05:00,01:25:00)",4,0,2016-09-22,1,5,False
2016-09-22 01:25:00,9,0,3,"[01:25:00,01:45:00)",4,0,2016-09-22,1,25,False
2016-09-22 01:45:00,17,0,3,"[01:45:00,02:05:00)",4,0,2016-09-22,1,45,False
2016-09-22 02:05:00,12,0,3,"[02:05:00,02:25:00)",4,0,2016-09-22,2,5,False
2016-09-22 02:25:00,7,0,3,"[02:25:00,02:45:00)",4,0,2016-09-22,2,25,False
2016-09-22 02:45:00,14,0,3,"[02:45:00,03:05:00)",4,0,2016-09-22,2,45,False
2016-09-22 03:05:00,17,0,3,"[03:05:00,03:25:00)",4,0,2016-09-22,3,5,False
2016-09-22 03:25:00,16,0,3,"[03:25:00,03:45:00)",4,0,2016-09-22,3,25,False
2016-09-22 03:45:00,10,0,3,"[03:45:00,04:05:00)",4,0,2016-09-22,3,45,False
2016-09-22 04:05:00,17,0,3,"[04:05:00,04:25:00)",4,0,2016-09-22,4,5,False
2016-09-22 04:25:00,13,0,3,"[04:25:00,04:45:00)",4,0,2016-09-22,4,25,False
2016-09-22 04:45:00,7,0,3,"[04:45:00,05:05:00)",4,0,2016-09-22,4,45,False
2016-09-22 05:05:00,18,0,3,"[05:05:00,05:25:00)",4,0,2016-09-22,5,5,False
2016-09-22 05:25:00,22,0,3,"[05:25:00,05:45:00)",4,0,2016-09-22,5,25,False
2016-09-22 05:45:00,22,0,3,"[05:45:00,06:05:00)",4,0,2016-09-22,5,45,False
2016-09-22 06:05:00,29,0,3,"[06:05:00,06:25:00)",4,0,2016-09-22,6,5,False
2016-09-22 06:25:00,57,0,3,"[06:25:00,06:45:00)",4,0,2016-09-22,6,25,False
2016-09-22 06:45:00,89,0,3,"[06:45:00,07:05:00)",4,0,2016-09-22,6,45,False
2016-09-22 07:05:00,126,0,3,"[07:05:00,07:25:00)",4,0,2016-09-22,7,5,False
2016-09-22 07:25:00,119,0,3,"[07:25:00,07:45:00)",4,0,2016-09-22,7,25,False
2016-09-22 07:45:00,144,0,3,"[07:45:00,08:05:00)",4,0,2016-09-22,7,45,False
2016-09-22 08:05:00,169,0,3,"[08:05:00,08:25:00)",4,0,2016-09-22,8,5,False
2016-09-22 08:25:00,162,0,3,"[08:25:00,08:45:00)",4,0,2016-09-22,8,25,False
2016-09-22 08:45:00,169,0,3,"[08:45:00,09:05:00)",4,0,2016-09-22,8,45,False
2016-09-22 09:05:00,137,0,3,"[09:05:00,09:25:00)",4,0,2016-09-22,9,5,False
2016-09-22 09:25:00,121,0,3,"[09:25:00,09:45:00)",4,0,2016-09-22,9,25,False
2016-09-22 09:45:00,99,0,3,"[09:45:00,10:05:00)",4,0,2016-09-22,9,45,False
2016-09-22 10:05:00,100,0,3,"[10:05:00,10:25:00)",4,0,2016-09-22,10,5,False
2016-09-22 10:25:00,112,0,3,"[10:25:00,10:45:00)",4,0,2016-09-22,10,25,False
2016-09-22 10:45:00,93,0,3,"[10:45:00,11:05:00)",4,0,2016-09-22,10,45,False
2016-09-22 11:05:00,100,0,3,"[11:05:00,11:25:00)",4,0,2016-09-22,11,5,False
2016-09-22 11:25:00,103,0,3,"[11:25:00,11:45:00)",4,0,2016-09-22,11,25,False
2016-09-22 11:45:00,85,0,3,"[11:45:00,12:05:00)",4,0,2016-09-22,11,45,False
2016-09-22 12:05:00,72,0,3,"[12:05:00,12:25:00)",4,0,2016-09-22,12,5,False
2016-09-22 12:25:00,100,0,3,"[12:25:00,12:45:00)",4,0,2016-09-22,12,25,False
2016-09-22 12:45:00,106,0,3,"[12:45:00,13:05:00)",4,0,2016-09-22,12,45,False
2016-09-22 13:05:00,90,0,3,"[13:05:00,13:25:00)",4,0,2016-09-22,13,5,False
2016-09-22 13:25:00,111,0,3,"[13:25:00,13:45:00)",4,0,2016-09-22,13,25,False
2016-09-22 13:45:00,97,0,3,"[13:45:00,14:05:00)",4,0,2016-09-22,13,45,False
2016-09-22 14:05:00,139,0,3,"[14:05:00,14:25:00)",4,0,2016-09-22,14,5,False
2016-09-22 14:25:00,103,0,3,"[14:25:00,14:45:00)",4,0,2016-09-22,14,25,False
2016-09-22 14:45:00,101,0,3,"[14:45:00,15:05:00)",4,0,2016-09-22,14,45,False
2016-09-22 15:05:00,91,0,3,"[15:05:00,15:25:00)",4,0,2016-09-22,15,5,False
2016-09-22 15:25:00,116,0,3,"[15:25:00,15:45:00)",4,0,2016-09-22,15,25,False
2016-09-22 15:45:00,130,0,3,"[15:45:00,16:05:00)",4,0,2016-09-22,15,45,False
2016-09-22 16:05:00,107,0,3,"[16:05:00,16:25:00)",4,0,2016-09-22,16,5,False
2016-09-22 16:25:00,131,0,3,"[16:25:00,16:45:00)",4,0,2016-09-22,16,25,False
2016-09-22 16:45:00,149,0,3,"[16:45:00,17:05:00)",4,0,2016-09-22,16,45,False
2016-09-22 17:05:00,140,0,3,"[17:05:00,17:25:00)",4,0,2016-09-22,17,5,False
2016-09-22 17:25:00,106,0,3,"[17:25:00,17:45:00)",4,0,2016-09-22,17,25,False
2016-09-22 17:45:00,114,0,3,"[17:45:00,18:05:00)",4,0,2016-09-22,17,45,False
2016-09-22 18:05:00,81,0,3,"[18:05:00,18:25:00)",4,0,2016-09-22,18,5,False
2016-09-22 18:25:00,84,0,3,"[18:25:00,18:45:00)",4,0,2016-09-22,18,25,False
2016-09-22 18:45:00,59,0,3,"[18:45:00,19:05:00)",4,0,2016-09-22,18,45,False
2016-09-22 19:05:00,48,0,3,"[19:05:00,19:25:00)",4,0,2016-09-22,19,5,False
2016-09-22 19:25:00,50,0,3,"[19:25:00,19:45:00)",4,0,2016-09-22,19,25,False
2016-09-22 19:45:00,37,0,3,"[19:45:00,20:05:00)",4,0,2016-09-22,19,45,False
2016-09-22 20:05:00,55,0,3,"[20:05:00,20:25:00)",4,0,2016-09-22,20,5,False
2016-09-22 20:25:00,38,0,3,"[20:25:00,20:45:00)",4,0,2016-09-22,20,25,False
2016-09-22 20:45:00,40,0,3,"[20:45:00,21:05:00)",4,0,2016-09-22,20,45,False
2016-09-22 21:05:00,36,0,3,"[21:05:00,21:25:00)",4,0,2016-09-22,21,5,False
2016-09-22 21:25:00,27,0,3,"[21:25:00,21:45:00)",4,0,2016-09-22,21,25,False
2016-09-22 21:45:00,32,0,3,"[21:45:00,22:05:00)",4,0,2016-09-22,21,45,False
2016-09-22 22:05:00,27,0,3,"[22:05:00,22:25:00)",4,0,2016-09-22,22,5,False
2016-09-22 22:25:00,22,0,3,"[22:25:00,22:45:00)",4,0,2016-09-22,22,25,False
2016-09-22 22:45:00,12,0,3,"[22:45:00,23:05:00)",4,0,2016-09-22,22,45,False
2016-09-22 23:05:00,14,0,3,"[23:05:00,23:25:00)",4,0,2016-09-22,23,5,False
2016-09-22 23:25:00,11,0,3,"[23:25:00,23:45:00)",4,0,2016-09-22,23,25,False
2016-09-22 23:45:00,12,0,3,"[23:45:00,00:00:00)",4,0,2016-09-22,23,45,False
2016-09-23 00:05:00,17,0,3,"[00:05:00,00:25:00)",5,0,2016-09-23,0,5,False
2016-09-23 00:25:00,9,0,3,"[00:25:00,00:45:00)",5,0,2016-09-23,0,25,False
2016-09-23 00:45:00,16,0,3,"[00:45:00,01:05:00)",5,0,2016-09-23,0,45,False
2016-09-23 01:05:00,16,0,3,"[01:05:00,01:25:00)",5,0,2016-09-23,1,5,False
2016-09-23 01:25:00,15,0,3,"[01:25:00,01:45:00)",5,0,2016-09-23,1,25,False
2016-09-23 01:45:00,15,0,3,"[01:45:00,02:05:00)",5,0,2016-09-23,1,45,False
2016-09-23 02:05:00,12,0,3,"[02:05:00,02:25:00)",5,0,2016-09-23,2,5,False
2016-09-23 02:25:00,14,0,3,"[02:25:00,02:45:00)",5,0,2016-09-23,2,25,False
2016-09-23 02:45:00,17,0,3,"[02:45:00,03:05:00)",5,0,2016-09-23,2,45,False
2016-09-23 03:05:00,14,0,3,"[03:05:00,03:25:00)",5,0,2016-09-23,3,5,False
2016-09-23 03:25:00,13,0,3,"[03:25:00,03:45:00)",5,0,2016-09-23,3,25,False
2016-09-23 03:45:00,9,0,3,"[03:45:00,04:05:00)",5,0,2016-09-23,3,45,False
2016-09-23 04:05:00,10,0,3,"[04:05:00,04:25:00)",5,0,2016-09-23,4,5,False
2016-09-23 04:25:00,10,0,3,"[04:25:00,04:45:00)",5,0,2016-09-23,4,25,False
2016-09-23 04:45:00,12,0,3,"[04:45:00,05:05:00)",5,0,2016-09-23,4,45,False
2016-09-23 05:05:00,10,0,3,"[05:05:00,05:25:00)",5,0,2016-09-23,5,5,False
2016-09-23 05:25:00,21,0,3,"[05:25:00,05:45:00)",5,0,2016-09-23,5,25,False
2016-09-23 05:45:00,22,0,3,"[05:45:00,06:05:00)",5,0,2016-09-23,5,45,False
2016-09-23 06:05:00,37,0,3,"[06:05:00,06:25:00)",5,0,2016-09-23,6,5,False
2016-09-23 06:25:00,56,0,3,"[06:25:00,06:45:00)",5,0,2016-09-23,6,25,False
2016-09-23 06:45:00,81,0,3,"[06:45:00,07:05:00)",5,0,2016-09-23,6,45,False
2016-09-23 07:05:00,129,0,3,"[07:05:00,07:25:00)",5,0,2016-09-23,7,5,False
2016-09-23 07:25:00,130,0,3,"[07:25:00,07:45:00)",5,0,2016-09-23,7,25,False
2016-09-23 07:45:00,155,0,3,"[07:45:00,08:05:00)",5,0,2016-09-23,7,45,False
2016-09-23 08:05:00,145,0,3,"[08:05:00,08:25:00)",5,0,2016-09-23,8,5,False
2016-09-23 08:25:00,146,0,3,"[08:25:00,08:45:00)",5,0,2016-09-23,8,25,False
2016-09-23 08:45:00,158,0,3,"[08:45:00,09:05:00)",5,0,2016-09-23,8,45,False
2016-09-23 09:05:00,170,0,3,"[09:05:00,09:25:00)",5,0,2016-09-23,9,5,False
2016-09-23 09:25:00,153,0,3,"[09:25:00,09:45:00)",5,0,2016-09-23,9,25,False
2016-09-23 09:45:00,119,0,3,"[09:45:00,10:05:00)",5,0,2016-09-23,9,45,False
2016-09-23 10:05:00,116,0,3,"[10:05:00,10:25:00)",5,0,2016-09-23,10,5,False
2016-09-23 10:25:00,105,0,3,"[10:25:00,10:45:00)",5,0,2016-09-23,10,25,False
2016-09-23 10:45:00,105,0,3,"[10:45:00,11:05:00)",5,0,2016-09-23,10,45,False
2016-09-23 11:05:00,91,0,3,"[11:05:00,11:25:00)",5,0,2016-09-23,11,5,False
2016-09-23 11:25:00,84,0,3,"[11:25:00,11:45:00)",5,0,2016-09-23,11,25,False
2016-09-23 11:45:00,88,0,3,"[11:45:00,12:05:00)",5,0,2016-09-23,11,45,False
2016-09-23 12:05:00,95,0,3,"[12:05:00,12:25:00)",5,0,2016-09-23,12,5,False
2016-09-23 12:25:00,125,0,3,"[12:25:00,12:45:00)",5,0,2016-09-23,12,25,False
2016-09-23 12:45:00,110,0,3,"[12:45:00,13:05:00)",5,0,2016-09-23,12,45,False
2016-09-23 13:05:00,104,0,3,"[13:05:00,13:25:00)",5,0,2016-09-23,13,5,False
2016-09-23 13:25:00,121,0,3,"[13:25:00,13:45:00)",5,0,2016-09-23,13,25,False
2016-09-23 13:45:00,132,0,3,"[13:45:00,14:05:00)",5,0,2016-09-23,13,45,False
2016-09-23 14:05:00,168,0,3,"[14:05:00,14:25:00)",5,0,2016-09-23,14,5,False
2016-09-23 14:25:00,131,0,3,"[14:25:00,14:45:00)",5,0,2016-09-23,14,25,False
2016-09-23 14:45:00,152,0,3,"[14:45:00,15:05:00)",5,0,2016-09-23,14,45,False
2016-09-23 15:05:00,160,0,3,"[15:05:00,15:25:00)",5,0,2016-09-23,15,5,False
2016-09-23 15:25:00,174,0,3,"[15:25:00,15:45:00)",5,0,2016-09-23,15,25,False
2016-09-23 15:45:00,163,0,3,"[15:45:00,16:05:00)",5,0,2016-09-23,15,45,False
2016-09-23 16:05:00,157,0,3,"[16:05:00,16:25:00)",5,0,2016-09-23,16,5,False
2016-09-23 16:25:00,130,0,3,"[16:25:00,16:45:00)",5,0,2016-09-23,16,25,False
2016-09-23 16:45:00,139,0,3,"[16:45:00,17:05:00)",5,0,2016-09-23,16,45,False
2016-09-23 17:05:00,139,0,3,"[17:05:00,17:25:00)",5,0,2016-09-23,17,5,False
2016-09-23 17:25:00,109,0,3,"[17:25:00,17:45:00)",5,0,2016-09-23,17,25,False
2016-09-23 17:45:00,122,0,3,"[17:45:00,18:05:00)",5,0,2016-09-23,17,45,False
2016-09-23 18:05:00,108,0,3,"[18:05:00,18:25:00)",5,0,2016-09-23,18,5,False
2016-09-23 18:25:00,118,0,3,"[18:25:00,18:45:00)",5,0,2016-09-23,18,25,False
2016-09-23 18:45:00,74,0,3,"[18:45:00,19:05:00)",5,0,2016-09-23,18,45,False
2016-09-23 19:05:00,66,0,3,"[19:05:00,19:25:00)",5,0,2016-09-23,19,5,False
2016-09-23 19:25:00,63,0,3,"[19:25:00,19:45:00)",5,0,2016-09-23,19,25,False
2016-09-23 19:45:00,60,0,3,"[19:45:00,20:05:00)",5,0,2016-09-23,19,45,False
2016-09-23 20:05:00,47,0,3,"[20:05:00,20:25:00)",5,0,2016-09-23,20,5,False
2016-09-23 20:25:00,37,0,3,"[20:25:00,20:45:00)",5,0,2016-09-23,20,25,False
2016-09-23 20:45:00,52,0,3,"[20:45:00,21:05:00)",5,0,2016-09-23,20,45,False
2016-09-23 21:05:00,45,0,3,"[21:05:00,21:25:00)",5,0,2016-09-23,21,5,False
2016-09-23 21:25:00,49,0,3,"[21:25:00,21:45:00)",5,0,2016-09-23,21,25,False
2016-09-23 21:45:00,40,0,3,"[21:45:00,22:05:00)",5,0,2016-09-23,21,45,False
2016-09-23 22:05:00,28,0,3,"[22:05:00,22:25:00)",5,0,2016-09-23,22,5,False
2016-09-23 22:25:00,23,0,3,"[22:25:00,22:45:00)",5,0,2016-09-23,22,25,False
2016-09-23 22:45:00,21,0,3,"[22:45:00,23:05:00)",5,0,2016-09-23,22,45,False
2016-09-23 23:05:00,11,0,3,"[23:05:00,23:25:00)",5,0,2016-09-23,23,5,False
2016-09-23 23:25:00,19,0,3,"[23:25:00,23:45:00)",5,0,2016-09-23,23,25,False
2016-09-23 23:45:00,15,0,3,"[23:45:00,00:00:00)",5,0,2016-09-23,23,45,False
2016-09-24 00:05:00,11,0,3,"[00:05:00,00:25:00)",6,1,2016-09-24,0,5,False
2016-09-24 00:25:00,16,0,3,"[00:25:00,00:45:00)",6,1,2016-09-24,0,25,False
2016-09-24 00:45:00,23,0,3,"[00:45:00,01:05:00)",6,1,2016-09-24,0,45,False
2016-09-24 01:05:00,17,0,3,"[01:05:00,01:25:00)",6,1,2016-09-24,1,5,False
2016-09-24 01:25:00,21,0,3,"[01:25:00,01:45:00)",6,1,2016-09-24,1,25,False
2016-09-24 01:45:00,12,0,3,"[01:45:00,02:05:00)",6,1,2016-09-24,1,45,False
2016-09-24 02:05:00,18,0,3,"[02:05:00,02:25:00)",6,1,2016-09-24,2,5,False
2016-09-24 02:25:00,17,0,3,"[02:25:00,02:45:00)",6,1,2016-09-24,2,25,False
2016-09-24 02:45:00,9,0,3,"[02:45:00,03:05:00)",6,1,2016-09-24,2,45,False
2016-09-24 03:05:00,13,0,3,"[03:05:00,03:25:00)",6,1,2016-09-24,3,5,False
2016-09-24 03:25:00,12,0,3,"[03:25:00,03:45:00)",6,1,2016-09-24,3,25,False
2016-09-24 03:45:00,16,0,3,"[03:45:00,04:05:00)",6,1,2016-09-24,3,45,False
2016-09-24 04:05:00,12,0,3,"[04:05:00,04:25:00)",6,1,2016-09-24,4,5,False
2016-09-24 04:25:00,13,0,3,"[04:25:00,04:45:00)",6,1,2016-09-24,4,25,False
2016-09-24 04:45:00,10,0,3,"[04:45:00,05:05:00)",6,1,2016-09-24,4,45,False
2016-09-24 05:05:00,16,0,3,"[05:05:00,05:25:00)",6,1,2016-09-24,5,5,False
2016-09-24 05:25:00,15,0,3,"[05:25:00,05:45:00)",6,1,2016-09-24,5,25,False
2016-09-24 05:45:00,32,0,3,"[05:45:00,06:05:00)",6,1,2016-09-24,5,45,False
2016-09-24 06:05:00,39,0,3,"[06:05:00,06:25:00)",6,1,2016-09-24,6,5,False
2016-09-24 06:25:00,60,0,3,"[06:25:00,06:45:00)",6,1,2016-09-24,6,25,False
2016-09-24 06:45:00,71,0,3,"[06:45:00,07:05:00)",6,1,2016-09-24,6,45,False
2016-09-24 07:05:00,88,0,3,"[07:05:00,07:25:00)",6,1,2016-09-24,7,5,False
2016-09-24 07:25:00,87,0,3,"[07:25:00,07:45:00)",6,1,2016-09-24,7,25,False
2016-09-24 07:45:00,108,0,3,"[07:45:00,08:05:00)",6,1,2016-09-24,7,45,False
2016-09-24 08:05:00,121,0,3,"[08:05:00,08:25:00)",6,1,2016-09-24,8,5,False
2016-09-24 08:25:00,122,0,3,"[08:25:00,08:45:00)",6,1,2016-09-24,8,25,False
2016-09-24 08:45:00,120,0,3,"[08:45:00,09:05:00)",6,1,2016-09-24,8,45,False
2016-09-24 09:05:00,115,0,3,"[09:05:00,09:25:00)",6,1,2016-09-24,9,5,False
2016-09-24 09:25:00,121,0,3,"[09:25:00,09:45:00)",6,1,2016-09-24,9,25,False
2016-09-24 09:45:00,135,0,3,"[09:45:00,10:05:00)",6,1,2016-09-24,9,45,False
2016-09-24 10:05:00,119,0,3,"[10:05:00,10:25:00)",6,1,2016-09-24,10,5,False
2016-09-24 10:25:00,126,0,3,"[10:25:00,10:45:00)",6,1,2016-09-24,10,25,False
2016-09-24 10:45:00,117,0,3,"[10:45:00,11:05:00)",6,1,2016-09-24,10,45,False
2016-09-24 11:05:00,111,0,3,"[11:05:00,11:25:00)",6,1,2016-09-24,11,5,False
2016-09-24 11:25:00,84,0,3,"[11:25:00,11:45:00)",6,1,2016-09-24,11,25,False
2016-09-24 11:45:00,107,0,3,"[11:45:00,12:05:00)",6,1,2016-09-24,11,45,False
2016-09-24 12:05:00,107,0,3,"[12:05:00,12:25:00)",6,1,2016-09-24,12,5,False
2016-09-24 12:25:00,99,0,3,"[12:25:00,12:45:00)",6,1,2016-09-24,12,25,False
2016-09-24 12:45:00,125,0,3,"[12:45:00,13:05:00)",6,1,2016-09-24,12,45,False
2016-09-24 13:05:00,119,0,3,"[13:05:00,13:25:00)",6,1,2016-09-24,13,5,False
2016-09-24 13:25:00,123,0,3,"[13:25:00,13:45:00)",6,1,2016-09-24,13,25,False
2016-09-24 13:45:00,120,0,3,"[13:45:00,14:05:00)",6,1,2016-09-24,13,45,False
2016-09-24 14:05:00,121,0,3,"[14:05:00,14:25:00)",6,1,2016-09-24,14,5,False
2016-09-24 14:25:00,105,0,3,"[14:25:00,14:45:00)",6,1,2016-09-24,14,25,False
2016-09-24 14:45:00,130,0,3,"[14:45:00,15:05:00)",6,1,2016-09-24,14,45,False
2016-09-24 15:05:00,150,0,3,"[15:05:00,15:25:00)",6,1,2016-09-24,15,5,False
2016-09-24 15:25:00,153,0,3,"[15:25:00,15:45:00)",6,1,2016-09-24,15,25,False
2016-09-24 15:45:00,108,0,3,"[15:45:00,16:05:00)",6,1,2016-09-24,15,45,False
2016-09-24 16:05:00,147,0,3,"[16:05:00,16:25:00)",6,1,2016-09-24,16,5,False
2016-09-24 16:25:00,140,0,3,"[16:25:00,16:45:00)",6,1,2016-09-24,16,25,False
2016-09-24 16:45:00,154,0,3,"[16:45:00,17:05:00)",6,1,2016-09-24,16,45,False
2016-09-24 17:05:00,151,0,3,"[17:05:00,17:25:00)",6,1,2016-09-24,17,5,False
2016-09-24 17:25:00,121,0,3,"[17:25:00,17:45:00)",6,1,2016-09-24,17,25,False
2016-09-24 17:45:00,98,0,3,"[17:45:00,18:05:00)",6,1,2016-09-24,17,45,False
2016-09-24 18:05:00,116,0,3,"[18:05:00,18:25:00)",6,1,2016-09-24,18,5,False
2016-09-24 18:25:00,100,0,3,"[18:25:00,18:45:00)",6,1,2016-09-24,18,25,False
2016-09-24 18:45:00,87,0,3,"[18:45:00,19:05:00)",6,1,2016-09-24,18,45,False
2016-09-24 19:05:00,79,0,3,"[19:05:00,19:25:00)",6,1,2016-09-24,19,5,False
2016-09-24 19:25:00,65,0,3,"[19:25:00,19:45:00)",6,1,2016-09-24,19,25,False
2016-09-24 19:45:00,62,0,3,"[19:45:00,20:05:00)",6,1,2016-09-24,19,45,False
2016-09-24 20:05:00,61,0,3,"[20:05:00,20:25:00)",6,1,2016-09-24,20,5,False
2016-09-24 20:25:00,56,0,3,"[20:25:00,20:45:00)",6,1,2016-09-24,20,25,False
2016-09-24 20:45:00,59,0,3,"[20:45:00,21:05:00)",6,1,2016-09-24,20,45,False
2016-09-24 21:05:00,60,0,3,"[21:05:00,21:25:00)",6,1,2016-09-24,21,5,False
2016-09-24 21:25:00,43,0,3,"[21:25:00,21:45:00)",6,1,2016-09-24,21,25,False
2016-09-24 21:45:00,47,0,3,"[21:45:00,22:05:00)",6,1,2016-09-24,21,45,False
2016-09-24 22:05:00,36,0,3,"[22:05:00,22:25:00)",6,1,2016-09-24,22,5,False
2016-09-24 22:25:00,29,0,3,"[22:25:00,22:45:00)",6,1,2016-09-24,22,25,False
2016-09-24 22:45:00,25,0,3,"[22:45:00,23:05:00)",6,1,2016-09-24,22,45,False
2016-09-24 23:05:00,39,0,3,"[23:05:00,23:25:00)",6,1,2016-09-24,23,5,False
2016-09-24 23:25:00,16,0,3,"[23:25:00,23:45:00)",6,1,2016-09-24,23,25,False
2016-09-24 23:45:00,13,0,3,"[23:45:00,00:00:00)",6,1,2016-09-24,23,45,False
2016-09-25 00:05:00,16,0,3,"[00:05:00,00:25:00)",7,1,2016-09-25,0,5,False
2016-09-25 00:25:00,20,0,3,"[00:25:00,00:45:00)",7,1,2016-09-25,0,25,False
2016-09-25 00:45:00,18,0,3,"[00:45:00,01:05:00)",7,1,2016-09-25,0,45,False
2016-09-25 01:05:00,22,0,3,"[01:05:00,01:25:00)",7,1,2016-09-25,1,5,False
2016-09-25 01:25:00,15,0,3,"[01:25:00,01:45:00)",7,1,2016-09-25,1,25,False
2016-09-25 01:45:00,11,0,3,"[01:45:00,02:05:00)",7,1,2016-09-25,1,45,False
2016-09-25 02:05:00,17,0,3,"[02:05:00,02:25:00)",7,1,2016-09-25,2,5,False
2016-09-25 02:25:00,19,0,3,"[02:25:00,02:45:00)",7,1,2016-09-25,2,25,False
2016-09-25 02:45:00,12,0,3,"[02:45:00,03:05:00)",7,1,2016-09-25,2,45,False
2016-09-25 03:05:00,18,0,3,"[03:05:00,03:25:00)",7,1,2016-09-25,3,5,False
2016-09-25 03:25:00,14,0,3,"[03:25:00,03:45:00)",7,1,2016-09-25,3,25,False
2016-09-25 03:45:00,13,0,3,"[03:45:00,04:05:00)",7,1,2016-09-25,3,45,False
2016-09-25 04:05:00,10,0,3,"[04:05:00,04:25:00)",7,1,2016-09-25,4,5,False
2016-09-25 04:25:00,10,0,3,"[04:25:00,04:45:00)",7,1,2016-09-25,4,25,False
2016-09-25 04:45:00,8,0,3,"[04:45:00,05:05:00)",7,1,2016-09-25,4,45,False
2016-09-25 05:05:00,14,0,3,"[05:05:00,05:25:00)",7,1,2016-09-25,5,5,False
2016-09-25 05:25:00,19,0,3,"[05:25:00,05:45:00)",7,1,2016-09-25,5,25,False
2016-09-25 05:45:00,26,0,3,"[05:45:00,06:05:00)",7,1,2016-09-25,5,45,False
2016-09-25 06:05:00,37,0,3,"[06:05:00,06:25:00)",7,1,2016-09-25,6,5,False
2016-09-25 06:25:00,53,0,3,"[06:25:00,06:45:00)",7,1,2016-09-25,6,25,False
2016-09-25 06:45:00,68,0,3,"[06:45:00,07:05:00)",7,1,2016-09-25,6,45,False
2016-09-25 07:05:00,78,0,3,"[07:05:00,07:25:00)",7,1,2016-09-25,7,5,False
2016-09-25 07:25:00,72,0,3,"[07:25:00,07:45:00)",7,1,2016-09-25,7,25,False
2016-09-25 07:45:00,97,0,3,"[07:45:00,08:05:00)",7,1,2016-09-25,7,45,False
2016-09-25 08:05:00,119,0,3,"[08:05:00,08:25:00)",7,1,2016-09-25,8,5,False
2016-09-25 08:25:00,87,0,3,"[08:25:00,08:45:00)",7,1,2016-09-25,8,25,False
2016-09-25 08:45:00,110,0,3,"[08:45:00,09:05:00)",7,1,2016-09-25,8,45,False
2016-09-25 09:05:00,96,0,3,"[09:05:00,09:25:00)",7,1,2016-09-25,9,5,False
2016-09-25 09:25:00,113,0,3,"[09:25:00,09:45:00)",7,1,2016-09-25,9,25,False
2016-09-25 09:45:00,112,0,3,"[09:45:00,10:05:00)",7,1,2016-09-25,9,45,False
2016-09-25 10:05:00,112,0,3,"[10:05:00,10:25:00)",7,1,2016-09-25,10,5,False
2016-09-25 10:25:00,108,0,3,"[10:25:00,10:45:00)",7,1,2016-09-25,10,25,False
2016-09-25 10:45:00,116,0,3,"[10:45:00,11:05:00)",7,1,2016-09-25,10,45,False
2016-09-25 11:05:00,91,0,3,"[11:05:00,11:25:00)",7,1,2016-09-25,11,5,False
2016-09-25 11:25:00,101,0,3,"[11:25:00,11:45:00)",7,1,2016-09-25,11,25,False
2016-09-25 11:45:00,88,0,3,"[11:45:00,12:05:00)",7,1,2016-09-25,11,45,False
2016-09-25 12:05:00,89,0,3,"[12:05:00,12:25:00)",7,1,2016-09-25,12,5,False
2016-09-25 12:25:00,107,0,3,"[12:25:00,12:45:00)",7,1,2016-09-25,12,25,False
2016-09-25 12:45:00,111,0,3,"[12:45:00,13:05:00)",7,1,2016-09-25,12,45,False
2016-09-25 13:05:00,104,0,3,"[13:05:00,13:25:00)",7,1,2016-09-25,13,5,False
2016-09-25 13:25:00,134,0,3,"[13:25:00,13:45:00)",7,1,2016-09-25,13,25,False
2016-09-25 13:45:00,131,0,3,"[13:45:00,14:05:00)",7,1,2016-09-25,13,45,False
2016-09-25 14:05:00,141,0,3,"[14:05:00,14:25:00)",7,1,2016-09-25,14,5,False
2016-09-25 14:25:00,155,0,3,"[14:25:00,14:45:00)",7,1,2016-09-25,14,25,False
2016-09-25 14:45:00,146,0,3,"[14:45:00,15:05:00)",7,1,2016-09-25,14,45,False
2016-09-25 15:05:00,126,0,3,"[15:05:00,15:25:00)",7,1,2016-09-25,15,5,False
2016-09-25 15:25:00,138,0,3,"[15:25:00,15:45:00)",7,1,2016-09-25,15,25,False
2016-09-25 15:45:00,126,0,3,"[15:45:00,16:05:00)",7,1,2016-09-25,15,45,False
2016-09-25 16:05:00,145,0,3,"[16:05:00,16:25:00)",7,1,2016-09-25,16,5,False
2016-09-25 16:25:00,132,0,3,"[16:25:00,16:45:00)",7,1,2016-09-25,16,25,False
2016-09-25 16:45:00,129,0,3,"[16:45:00,17:05:00)",7,1,2016-09-25,16,45,False
2016-09-25 17:05:00,128,0,3,"[17:05:00,17:25:00)",7,1,2016-09-25,17,5,False
2016-09-25 17:25:00,96,0,3,"[17:25:00,17:45:00)",7,1,2016-09-25,17,25,False
2016-09-25 17:45:00,111,0,3,"[17:45:00,18:05:00)",7,1,2016-09-25,17,45,False
2016-09-25 18:05:00,98,0,3,"[18:05:00,18:25:00)",7,1,2016-09-25,18,5,False
2016-09-25 18:25:00,77,0,3,"[18:25:00,18:45:00)",7,1,2016-09-25,18,25,False
2016-09-25 18:45:00,80,0,3,"[18:45:00,19:05:00)",7,1,2016-09-25,18,45,False
2016-09-25 19:05:00,73,0,3,"[19:05:00,19:25:00)",7,1,2016-09-25,19,5,False
2016-09-25 19:25:00,73,0,3,"[19:25:00,19:45:00)",7,1,2016-09-25,19,25,False
2016-09-25 19:45:00,54,0,3,"[19:45:00,20:05:00)",7,1,2016-09-25,19,45,False
2016-09-25 20:05:00,72,0,3,"[20:05:00,20:25:00)",7,1,2016-09-25,20,5,False
2016-09-25 20:25:00,64,0,3,"[20:25:00,20:45:00)",7,1,2016-09-25,20,25,False
2016-09-25 20:45:00,51,0,3,"[20:45:00,21:05:00)",7,1,2016-09-25,20,45,False
2016-09-25 21:05:00,54,0,3,"[21:05:00,21:25:00)",7,1,2016-09-25,21,5,False
2016-09-25 21:25:00,39,0,3,"[21:25:00,21:45:00)",7,1,2016-09-25,21,25,False
2016-09-25 21:45:00,35,0,3,"[21:45:00,22:05:00)",7,1,2016-09-25,21,45,False
2016-09-25 22:05:00,31,0,3,"[22:05:00,22:25:00)",7,1,2016-09-25,22,5,False
2016-09-25 22:25:00,25,0,3,"[22:25:00,22:45:00)",7,1,2016-09-25,22,25,False
2016-09-25 22:45:00,15,0,3,"[22:45:00,23:05:00)",7,1,2016-09-25,22,45,False
2016-09-25 23:05:00,27,0,3,"[23:05:00,23:25:00)",7,1,2016-09-25,23,5,False
2016-09-25 23:25:00,21,0,3,"[23:25:00,23:45:00)",7,1,2016-09-25,23,25,False
2016-09-25 23:45:00,18,0,3,"[23:45:00,00:00:00)",7,1,2016-09-25,23,45,False
2016-09-26 00:05:00,16,0,3,"[00:05:00,00:25:00)",1,0,2016-09-26,0,5,False
2016-09-26 00:25:00,15,0,3,"[00:25:00,00:45:00)",1,0,2016-09-26,0,25,False
2016-09-26 00:45:00,16,0,3,"[00:45:00,01:05:00)",1,0,2016-09-26,0,45,False
2016-09-26 01:05:00,19,0,3,"[01:05:00,01:25:00)",1,0,2016-09-26,1,5,False
2016-09-26 01:25:00,12,0,3,"[01:25:00,01:45:00)",1,0,2016-09-26,1,25,False
2016-09-26 01:45:00,12,0,3,"[01:45:00,02:05:00)",1,0,2016-09-26,1,45,False
2016-09-26 02:05:00,10,0,3,"[02:05:00,02:25:00)",1,0,2016-09-26,2,5,False
2016-09-26 02:25:00,11,0,3,"[02:25:00,02:45:00)",1,0,2016-09-26,2,25,False
2016-09-26 02:45:00,21,0,3,"[02:45:00,03:05:00)",1,0,2016-09-26,2,45,False
2016-09-26 03:05:00,11,0,3,"[03:05:00,03:25:00)",1,0,2016-09-26,3,5,False
2016-09-26 03:25:00,13,0,3,"[03:25:00,03:45:00)",1,0,2016-09-26,3,25,False
2016-09-26 03:45:00,17,0,3,"[03:45:00,04:05:00)",1,0,2016-09-26,3,45,False
2016-09-26 04:05:00,18,0,3,"[04:05:00,04:25:00)",1,0,2016-09-26,4,5,False
2016-09-26 04:25:00,17,0,3,"[04:25:00,04:45:00)",1,0,2016-09-26,4,25,False
2016-09-26 04:45:00,13,0,3,"[04:45:00,05:05:00)",1,0,2016-09-26,4,45,False
2016-09-26 05:05:00,11,0,3,"[05:05:00,05:25:00)",1,0,2016-09-26,5,5,False
2016-09-26 05:25:00,19,0,3,"[05:25:00,05:45:00)",1,0,2016-09-26,5,25,False
2016-09-26 05:45:00,32,0,3,"[05:45:00,06:05:00)",1,0,2016-09-26,5,45,False
2016-09-26 06:05:00,45,0,3,"[06:05:00,06:25:00)",1,0,2016-09-26,6,5,False
2016-09-26 06:25:00,75,0,3,"[06:25:00,06:45:00)",1,0,2016-09-26,6,25,False
2016-09-26 06:45:00,102,0,3,"[06:45:00,07:05:00)",1,0,2016-09-26,6,45,False
2016-09-26 07:05:00,154,0,3,"[07:05:00,07:25:00)",1,0,2016-09-26,7,5,False
2016-09-26 07:25:00,174,0,3,"[07:25:00,07:45:00)",1,0,2016-09-26,7,25,False
2016-09-26 07:45:00,146,0,3,"[07:45:00,08:05:00)",1,0,2016-09-26,7,45,False
2016-09-26 08:05:00,182,0,3,"[08:05:00,08:25:00)",1,0,2016-09-26,8,5,False
2016-09-26 08:25:00,165,0,3,"[08:25:00,08:45:00)",1,0,2016-09-26,8,25,False
2016-09-26 08:45:00,175,0,3,"[08:45:00,09:05:00)",1,0,2016-09-26,8,45,False
2016-09-26 09:05:00,134,0,3,"[09:05:00,09:25:00)",1,0,2016-09-26,9,5,False
2016-09-26 09:25:00,152,0,3,"[09:25:00,09:45:00)",1,0,2016-09-26,9,25,False
2016-09-26 09:45:00,104,0,3,"[09:45:00,10:05:00)",1,0,2016-09-26,9,45,False
2016-09-26 10:05:00,113,0,3,"[10:05:00,10:25:00)",1,0,2016-09-26,10,5,False
2016-09-26 10:25:00,98,0,3,"[10:25:00,10:45:00)",1,0,2016-09-26,10,25,False
2016-09-26 10:45:00,101,0,3,"[10:45:00,11:05:00)",1,0,2016-09-26,10,45,False
2016-09-26 11:05:00,106,0,3,"[11:05:00,11:25:00)",1,0,2016-09-26,11,5,False
2016-09-26 11:25:00,87,0,3,"[11:25:00,11:45:00)",1,0,2016-09-26,11,25,False
2016-09-26 11:45:00,88,0,3,"[11:45:00,12:05:00)",1,0,2016-09-26,11,45,False
2016-09-26 12:05:00,81,0,3,"[12:05:00,12:25:00)",1,0,2016-09-26,12,5,False
2016-09-26 12:25:00,78,0,3,"[12:25:00,12:45:00)",1,0,2016-09-26,12,25,False
2016-09-26 12:45:00,104,0,3,"[12:45:00,13:05:00)",1,0,2016-09-26,12,45,False
2016-09-26 13:05:00,97,0,3,"[13:05:00,13:25:00)",1,0,2016-09-26,13,5,False
2016-09-26 13:25:00,112,0,3,"[13:25:00,13:45:00)",1,0,2016-09-26,13,25,False
2016-09-26 13:45:00,110,0,3,"[13:45:00,14:05:00)",1,0,2016-09-26,13,45,False
2016-09-26 14:05:00,107,0,3,"[14:05:00,14:25:00)",1,0,2016-09-26,14,5,False
2016-09-26 14:25:00,162,0,3,"[14:25:00,14:45:00)",1,0,2016-09-26,14,25,False
2016-09-26 14:45:00,96,0,3,"[14:45:00,15:05:00)",1,0,2016-09-26,14,45,False
2016-09-26 15:05:00,107,0,3,"[15:05:00,15:25:00)",1,0,2016-09-26,15,5,False
2016-09-26 15:25:00,107,0,3,"[15:25:00,15:45:00)",1,0,2016-09-26,15,25,False
2016-09-26 15:45:00,99,0,3,"[15:45:00,16:05:00)",1,0,2016-09-26,15,45,False
2016-09-26 16:05:00,118,0,3,"[16:05:00,16:25:00)",1,0,2016-09-26,16,5,False
2016-09-26 16:25:00,130,0,3,"[16:25:00,16:45:00)",1,0,2016-09-26,16,25,False
2016-09-26 16:45:00,130,0,3,"[16:45:00,17:05:00)",1,0,2016-09-26,16,45,False
2016-09-26 17:05:00,121,0,3,"[17:05:00,17:25:00)",1,0,2016-09-26,17,5,False
2016-09-26 17:25:00,95,0,3,"[17:25:00,17:45:00)",1,0,2016-09-26,17,25,False
2016-09-26 17:45:00,109,0,3,"[17:45:00,18:05:00)",1,0,2016-09-26,17,45,False
2016-09-26 18:05:00,98,0,3,"[18:05:00,18:25:00)",1,0,2016-09-26,18,5,False
2016-09-26 18:25:00,67,0,3,"[18:25:00,18:45:00)",1,0,2016-09-26,18,25,False
2016-09-26 18:45:00,71,0,3,"[18:45:00,19:05:00)",1,0,2016-09-26,18,45,False
2016-09-26 19:05:00,61,0,3,"[19:05:00,19:25:00)",1,0,2016-09-26,19,5,False
2016-09-26 19:25:00,46,0,3,"[19:25:00,19:45:00)",1,0,2016-09-26,19,25,False
2016-09-26 19:45:00,47,0,3,"[19:45:00,20:05:00)",1,0,2016-09-26,19,45,False
2016-09-26 20:05:00,53,0,3,"[20:05:00,20:25:00)",1,0,2016-09-26,20,5,False
2016-09-26 20:25:00,38,0,3,"[20:25:00,20:45:00)",1,0,2016-09-26,20,25,False
2016-09-26 20:45:00,55,0,3,"[20:45:00,21:05:00)",1,0,2016-09-26,20,45,False
2016-09-26 21:05:00,35,0,3,"[21:05:00,21:25:00)",1,0,2016-09-26,21,5,False
2016-09-26 21:25:00,42,0,3,"[21:25:00,21:45:00)",1,0,2016-09-26,21,25,False
2016-09-26 21:45:00,46,0,3,"[21:45:00,22:05:00)",1,0,2016-09-26,21,45,False
2016-09-26 22:05:00,25,0,3,"[22:05:00,22:25:00)",1,0,2016-09-26,22,5,False
2016-09-26 22:25:00,19,0,3,"[22:25:00,22:45:00)",1,0,2016-09-26,22,25,False
2016-09-26 22:45:00,18,0,3,"[22:45:00,23:05:00)",1,0,2016-09-26,22,45,False
2016-09-26 23:05:00,17,0,3,"[23:05:00,23:25:00)",1,0,2016-09-26,23,5,False
2016-09-26 23:25:00,18,0,3,"[23:25:00,23:45:00)",1,0,2016-09-26,23,25,False
2016-09-26 23:45:00,10,0,3,"[23:45:00,00:00:00)",1,0,2016-09-26,23,45,False
2016-09-27 00:05:00,15,0,3,"[00:05:00,00:25:00)",2,0,2016-09-27,0,5,False
2016-09-27 00:25:00,17,0,3,"[00:25:00,00:45:00)",2,0,2016-09-27,0,25,False
2016-09-27 00:45:00,15,0,3,"[00:45:00,01:05:00)",2,0,2016-09-27,0,45,False
2016-09-27 01:05:00,27,0,3,"[01:05:00,01:25:00)",2,0,2016-09-27,1,5,False
2016-09-27 01:25:00,16,0,3,"[01:25:00,01:45:00)",2,0,2016-09-27,1,25,False
2016-09-27 01:45:00,16,0,3,"[01:45:00,02:05:00)",2,0,2016-09-27,1,45,False
2016-09-27 02:05:00,5,0,3,"[02:05:00,02:25:00)",2,0,2016-09-27,2,5,False
2016-09-27 02:25:00,14,0,3,"[02:25:00,02:45:00)",2,0,2016-09-27,2,25,False
2016-09-27 02:45:00,12,0,3,"[02:45:00,03:05:00)",2,0,2016-09-27,2,45,False
2016-09-27 03:05:00,15,0,3,"[03:05:00,03:25:00)",2,0,2016-09-27,3,5,False
2016-09-27 03:25:00,10,0,3,"[03:25:00,03:45:00)",2,0,2016-09-27,3,25,False
2016-09-27 03:45:00,14,0,3,"[03:45:00,04:05:00)",2,0,2016-09-27,3,45,False
2016-09-27 04:05:00,11,0,3,"[04:05:00,04:25:00)",2,0,2016-09-27,4,5,False
2016-09-27 04:25:00,17,0,3,"[04:25:00,04:45:00)",2,0,2016-09-27,4,25,False
2016-09-27 04:45:00,20,0,3,"[04:45:00,05:05:00)",2,0,2016-09-27,4,45,False
2016-09-27 05:05:00,11,0,3,"[05:05:00,05:25:00)",2,0,2016-09-27,5,5,False
2016-09-27 05:25:00,13,0,3,"[05:25:00,05:45:00)",2,0,2016-09-27,5,25,False
2016-09-27 05:45:00,22,0,3,"[05:45:00,06:05:00)",2,0,2016-09-27,5,45,False
2016-09-27 06:05:00,27,0,3,"[06:05:00,06:25:00)",2,0,2016-09-27,6,5,False
2016-09-27 06:25:00,46,0,3,"[06:25:00,06:45:00)",2,0,2016-09-27,6,25,False
2016-09-27 06:45:00,94,0,3,"[06:45:00,07:05:00)",2,0,2016-09-27,6,45,False
2016-09-27 07:05:00,115,0,3,"[07:05:00,07:25:00)",2,0,2016-09-27,7,5,False
2016-09-27 07:25:00,136,0,3,"[07:25:00,07:45:00)",2,0,2016-09-27,7,25,False
2016-09-27 07:45:00,168,0,3,"[07:45:00,08:05:00)",2,0,2016-09-27,7,45,False
2016-09-27 08:05:00,168,0,3,"[08:05:00,08:25:00)",2,0,2016-09-27,8,5,False
2016-09-27 08:25:00,152,0,3,"[08:25:00,08:45:00)",2,0,2016-09-27,8,25,False
2016-09-27 08:45:00,168,0,3,"[08:45:00,09:05:00)",2,0,2016-09-27,8,45,False
2016-09-27 09:05:00,146,0,3,"[09:05:00,09:25:00)",2,0,2016-09-27,9,5,False
2016-09-27 09:25:00,135,0,3,"[09:25:00,09:45:00)",2,0,2016-09-27,9,25,False
2016-09-27 09:45:00,123,0,3,"[09:45:00,10:05:00)",2,0,2016-09-27,9,45,False
2016-09-27 10:05:00,137,0,3,"[10:05:00,10:25:00)",2,0,2016-09-27,10,5,False
2016-09-27 10:25:00,111,0,3,"[10:25:00,10:45:00)",2,0,2016-09-27,10,25,False
2016-09-27 10:45:00,95,0,3,"[10:45:00,11:05:00)",2,0,2016-09-27,10,45,False
2016-09-27 11:05:00,101,0,3,"[11:05:00,11:25:00)",2,0,2016-09-27,11,5,False
2016-09-27 11:25:00,99,0,3,"[11:25:00,11:45:00)",2,0,2016-09-27,11,25,False
2016-09-27 11:45:00,84,0,3,"[11:45:00,12:05:00)",2,0,2016-09-27,11,45,False
2016-09-27 12:05:00,101,0,3,"[12:05:00,12:25:00)",2,0,2016-09-27,12,5,False
2016-09-27 12:25:00,94,0,3,"[12:25:00,12:45:00)",2,0,2016-09-27,12,25,False
2016-09-27 12:45:00,111,0,3,"[12:45:00,13:05:00)",2,0,2016-09-27,12,45,False
2016-09-27 13:05:00,125,0,3,"[13:05:00,13:25:00)",2,0,2016-09-27,13,5,False
2016-09-27 13:25:00,126,0,3,"[13:25:00,13:45:00)",2,0,2016-09-27,13,25,False
2016-09-27 13:45:00,107,0,3,"[13:45:00,14:05:00)",2,0,2016-09-27,13,45,False
2016-09-27 14:05:00,92,0,3,"[14:05:00,14:25:00)",2,0,2016-09-27,14,5,False
2016-09-27 14:25:00,114,0,3,"[14:25:00,14:45:00)",2,0,2016-09-27,14,25,False
2016-09-27 14:45:00,108,0,3,"[14:45:00,15:05:00)",2,0,2016-09-27,14,45,False
2016-09-27 15:05:00,107,0,3,"[15:05:00,15:25:00)",2,0,2016-09-27,15,5,False
2016-09-27 15:25:00,117,0,3,"[15:25:00,15:45:00)",2,0,2016-09-27,15,25,False
2016-09-27 15:45:00,112,0,3,"[15:45:00,16:05:00)",2,0,2016-09-27,15,45,False
2016-09-27 16:05:00,118,0,3,"[16:05:00,16:25:00)",2,0,2016-09-27,16,5,False
2016-09-27 16:25:00,77,0,3,"[16:25:00,16:45:00)",2,0,2016-09-27,16,25,False
2016-09-27 16:45:00,177,0,3,"[16:45:00,17:05:00)",2,0,2016-09-27,16,45,False
2016-09-27 17:05:00,128,0,3,"[17:05:00,17:25:00)",2,0,2016-09-27,17,5,False
2016-09-27 17:25:00,127,0,3,"[17:25:00,17:45:00)",2,0,2016-09-27,17,25,False
2016-09-27 17:45:00,106,0,3,"[17:45:00,18:05:00)",2,0,2016-09-27,17,45,False
2016-09-27 18:05:00,86,0,3,"[18:05:00,18:25:00)",2,0,2016-09-27,18,5,False
2016-09-27 18:25:00,70,0,3,"[18:25:00,18:45:00)",2,0,2016-09-27,18,25,False
2016-09-27 18:45:00,68,0,3,"[18:45:00,19:05:00)",2,0,2016-09-27,18,45,False
2016-09-27 19:05:00,57,0,3,"[19:05:00,19:25:00)",2,0,2016-09-27,19,5,False
2016-09-27 19:25:00,58,0,3,"[19:25:00,19:45:00)",2,0,2016-09-27,19,25,False
2016-09-27 19:45:00,61,0,3,"[19:45:00,20:05:00)",2,0,2016-09-27,19,45,False
2016-09-27 20:05:00,57,0,3,"[20:05:00,20:25:00)",2,0,2016-09-27,20,5,False
2016-09-27 20:25:00,51,0,3,"[20:25:00,20:45:00)",2,0,2016-09-27,20,25,False
2016-09-27 20:45:00,29,0,3,"[20:45:00,21:05:00)",2,0,2016-09-27,20,45,False
2016-09-27 21:05:00,37,0,3,"[21:05:00,21:25:00)",2,0,2016-09-27,21,5,False
2016-09-27 21:25:00,40,0,3,"[21:25:00,21:45:00)",2,0,2016-09-27,21,25,False
2016-09-27 21:45:00,33,0,3,"[21:45:00,22:05:00)",2,0,2016-09-27,21,45,False
2016-09-27 22:05:00,26,0,3,"[22:05:00,22:25:00)",2,0,2016-09-27,22,5,False
2016-09-27 22:25:00,18,0,3,"[22:25:00,22:45:00)",2,0,2016-09-27,22,25,False
2016-09-27 22:45:00,25,0,3,"[22:45:00,23:05:00)",2,0,2016-09-27,22,45,False
2016-09-27 23:05:00,1,0,3,"[23:05:00,23:25:00)",2,0,2016-09-27,23,5,False
2016-09-27 23:25:00,19,0,3,"[23:25:00,23:45:00)",2,0,2016-09-27,23,25,False
2016-09-27 23:45:00,12,0,3,"[23:45:00,00:00:00)",2,0,2016-09-27,23,45,False
2016-09-28 00:05:00,16,0,3,"[00:05:00,00:25:00)",3,0,2016-09-28,0,5,False
2016-09-28 00:25:00,11,0,3,"[00:25:00,00:45:00)",3,0,2016-09-28,0,25,False
2016-09-28 00:45:00,23,0,3,"[00:45:00,01:05:00)",3,0,2016-09-28,0,45,False
2016-09-28 01:05:00,28,0,3,"[01:05:00,01:25:00)",3,0,2016-09-28,1,5,False
2016-09-28 01:25:00,20,0,3,"[01:25:00,01:45:00)",3,0,2016-09-28,1,25,False
2016-09-28 01:45:00,15,0,3,"[01:45:00,02:05:00)",3,0,2016-09-28,1,45,False
2016-09-28 02:05:00,13,0,3,"[02:05:00,02:25:00)",3,0,2016-09-28,2,5,False
2016-09-28 02:25:00,16,0,3,"[02:25:00,02:45:00)",3,0,2016-09-28,2,25,False
2016-09-28 02:45:00,19,0,3,"[02:45:00,03:05:00)",3,0,2016-09-28,2,45,False
2016-09-28 03:05:00,14,0,3,"[03:05:00,03:25:00)",3,0,2016-09-28,3,5,False
2016-09-28 03:25:00,8,0,3,"[03:25:00,03:45:00)",3,0,2016-09-28,3,25,False
2016-09-28 03:45:00,13,0,3,"[03:45:00,04:05:00)",3,0,2016-09-28,3,45,False
2016-09-28 04:05:00,11,0,3,"[04:05:00,04:25:00)",3,0,2016-09-28,4,5,False
2016-09-28 04:25:00,18,0,3,"[04:25:00,04:45:00)",3,0,2016-09-28,4,25,False
2016-09-28 04:45:00,6,0,3,"[04:45:00,05:05:00)",3,0,2016-09-28,4,45,False
2016-09-28 05:05:00,20,0,3,"[05:05:00,05:25:00)",3,0,2016-09-28,5,5,False
2016-09-28 05:25:00,10,0,3,"[05:25:00,05:45:00)",3,0,2016-09-28,5,25,False
2016-09-28 05:45:00,19,0,3,"[05:45:00,06:05:00)",3,0,2016-09-28,5,45,False
2016-09-28 06:05:00,27,0,3,"[06:05:00,06:25:00)",3,0,2016-09-28,6,5,False
2016-09-28 06:25:00,46,0,3,"[06:25:00,06:45:00)",3,0,2016-09-28,6,25,False
2016-09-28 06:45:00,93,0,3,"[06:45:00,07:05:00)",3,0,2016-09-28,6,45,False
2016-09-28 07:05:00,125,0,3,"[07:05:00,07:25:00)",3,0,2016-09-28,7,5,False
2016-09-28 07:25:00,134,0,3,"[07:25:00,07:45:00)",3,0,2016-09-28,7,25,False
2016-09-28 07:45:00,141,0,3,"[07:45:00,08:05:00)",3,0,2016-09-28,7,45,False
2016-09-28 08:05:00,139,0,3,"[08:05:00,08:25:00)",3,0,2016-09-28,8,5,False
2016-09-28 08:25:00,152,0,3,"[08:25:00,08:45:00)",3,0,2016-09-28,8,25,False
2016-09-28 08:45:00,154,0,3,"[08:45:00,09:05:00)",3,0,2016-09-28,8,45,False
2016-09-28 09:05:00,142,0,3,"[09:05:00,09:25:00)",3,0,2016-09-28,9,5,False
2016-09-28 09:25:00,132,0,3,"[09:25:00,09:45:00)",3,0,2016-09-28,9,25,False
2016-09-28 09:45:00,128,0,3,"[09:45:00,10:05:00)",3,0,2016-09-28,9,45,False
2016-09-28 10:05:00,89,0,3,"[10:05:00,10:25:00)",3,0,2016-09-28,10,5,False
2016-09-28 10:25:00,105,0,3,"[10:25:00,10:45:00)",3,0,2016-09-28,10,25,False
2016-09-28 10:45:00,84,0,3,"[10:45:00,11:05:00)",3,0,2016-09-28,10,45,False
2016-09-28 11:05:00,84,0,3,"[11:05:00,11:25:00)",3,0,2016-09-28,11,5,False
2016-09-28 11:25:00,81,0,3,"[11:25:00,11:45:00)",3,0,2016-09-28,11,25,False
2016-09-28 11:45:00,78,0,3,"[11:45:00,12:05:00)",3,0,2016-09-28,11,45,False
2016-09-28 12:05:00,81,0,3,"[12:05:00,12:25:00)",3,0,2016-09-28,12,5,False
2016-09-28 12:25:00,105,0,3,"[12:25:00,12:45:00)",3,0,2016-09-28,12,25,False
2016-09-28 12:45:00,102,0,3,"[12:45:00,13:05:00)",3,0,2016-09-28,12,45,False
2016-09-28 13:05:00,99,0,3,"[13:05:00,13:25:00)",3,0,2016-09-28,13,5,False
2016-09-28 13:25:00,115,0,3,"[13:25:00,13:45:00)",3,0,2016-09-28,13,25,False
2016-09-28 13:45:00,118,0,3,"[13:45:00,14:05:00)",3,0,2016-09-28,13,45,False
2016-09-28 14:05:00,93,0,3,"[14:05:00,14:25:00)",3,0,2016-09-28,14,5,False
2016-09-28 14:25:00,81,0,3,"[14:25:00,14:45:00)",3,0,2016-09-28,14,25,False
2016-09-28 14:45:00,119,0,3,"[14:45:00,15:05:00)",3,0,2016-09-28,14,45,False
2016-09-28 15:05:00,94,0,3,"[15:05:00,15:25:00)",3,0,2016-09-28,15,5,False
2016-09-28 15:25:00,101,0,3,"[15:25:00,15:45:00)",3,0,2016-09-28,15,25,False
2016-09-28 15:45:00,110,0,3,"[15:45:00,16:05:00)",3,0,2016-09-28,15,45,False
2016-09-28 16:05:00,125,0,3,"[16:05:00,16:25:00)",3,0,2016-09-28,16,5,False
2016-09-28 16:25:00,105,0,3,"[16:25:00,16:45:00)",3,0,2016-09-28,16,25,False
2016-09-28 16:45:00,127,0,3,"[16:45:00,17:05:00)",3,0,2016-09-28,16,45,False
2016-09-28 17:05:00,110,0,3,"[17:05:00,17:25:00)",3,0,2016-09-28,17,5,False
2016-09-28 17:25:00,117,0,3,"[17:25:00,17:45:00)",3,0,2016-09-28,17,25,False
2016-09-28 17:45:00,115,0,3,"[17:45:00,18:05:00)",3,0,2016-09-28,17,45,False
2016-09-28 18:05:00,74,0,3,"[18:05:00,18:25:00)",3,0,2016-09-28,18,5,False
2016-09-28 18:25:00,69,0,3,"[18:25:00,18:45:00)",3,0,2016-09-28,18,25,False
2016-09-28 18:45:00,58,0,3,"[18:45:00,19:05:00)",3,0,2016-09-28,18,45,False
2016-09-28 19:05:00,56,0,3,"[19:05:00,19:25:00)",3,0,2016-09-28,19,5,False
2016-09-28 19:25:00,48,0,3,"[19:25:00,19:45:00)",3,0,2016-09-28,19,25,False
2016-09-28 19:45:00,60,0,3,"[19:45:00,20:05:00)",3,0,2016-09-28,19,45,False
2016-09-28 20:05:00,51,0,3,"[20:05:00,20:25:00)",3,0,2016-09-28,20,5,False
2016-09-28 20:25:00,53,0,3,"[20:25:00,20:45:00)",3,0,2016-09-28,20,25,False
2016-09-28 20:45:00,62,0,3,"[20:45:00,21:05:00)",3,0,2016-09-28,20,45,False
2016-09-28 21:05:00,36,0,3,"[21:05:00,21:25:00)",3,0,2016-09-28,21,5,False
2016-09-28 21:25:00,35,0,3,"[21:25:00,21:45:00)",3,0,2016-09-28,21,25,False
2016-09-28 21:45:00,26,0,3,"[21:45:00,22:05:00)",3,0,2016-09-28,21,45,False
2016-09-28 22:05:00,18,0,3,"[22:05:00,22:25:00)",3,0,2016-09-28,22,5,False
2016-09-28 22:25:00,16,0,3,"[22:25:00,22:45:00)",3,0,2016-09-28,22,25,False
2016-09-28 22:45:00,18,0,3,"[22:45:00,23:05:00)",3,0,2016-09-28,22,45,False
2016-09-28 23:05:00,24,0,3,"[23:05:00,23:25:00)",3,0,2016-09-28,23,5,False
2016-09-28 23:25:00,20,0,3,"[23:25:00,23:45:00)",3,0,2016-09-28,23,25,False
2016-09-28 23:45:00,17,0,3,"[23:45:00,00:00:00)",3,0,2016-09-28,23,45,False
2016-09-29 00:05:00,17,0,3,"[00:05:00,00:25:00)",4,0,2016-09-29,0,5,False
2016-09-29 00:25:00,13,0,3,"[00:25:00,00:45:00)",4,0,2016-09-29,0,25,False
2016-09-29 00:45:00,7,0,3,"[00:45:00,01:05:00)",4,0,2016-09-29,0,45,False
2016-09-29 01:05:00,20,0,3,"[01:05:00,01:25:00)",4,0,2016-09-29,1,5,False
2016-09-29 01:25:00,22,0,3,"[01:25:00,01:45:00)",4,0,2016-09-29,1,25,False
2016-09-29 01:45:00,15,0,3,"[01:45:00,02:05:00)",4,0,2016-09-29,1,45,False
2016-09-29 02:05:00,5,0,3,"[02:05:00,02:25:00)",4,0,2016-09-29,2,5,False
2016-09-29 02:25:00,11,0,3,"[02:25:00,02:45:00)",4,0,2016-09-29,2,25,False
2016-09-29 02:45:00,11,0,3,"[02:45:00,03:05:00)",4,0,2016-09-29,2,45,False
2016-09-29 03:05:00,10,0,3,"[03:05:00,03:25:00)",4,0,2016-09-29,3,5,False
2016-09-29 03:25:00,16,0,3,"[03:25:00,03:45:00)",4,0,2016-09-29,3,25,False
2016-09-29 03:45:00,12,0,3,"[03:45:00,04:05:00)",4,0,2016-09-29,3,45,False
2016-09-29 04:05:00,9,0,3,"[04:05:00,04:25:00)",4,0,2016-09-29,4,5,False
2016-09-29 04:25:00,16,0,3,"[04:25:00,04:45:00)",4,0,2016-09-29,4,25,False
2016-09-29 04:45:00,11,0,3,"[04:45:00,05:05:00)",4,0,2016-09-29,4,45,False
2016-09-29 05:05:00,12,0,3,"[05:05:00,05:25:00)",4,0,2016-09-29,5,5,False
2016-09-29 05:25:00,16,0,3,"[05:25:00,05:45:00)",4,0,2016-09-29,5,25,False
2016-09-29 05:45:00,19,0,3,"[05:45:00,06:05:00)",4,0,2016-09-29,5,45,False
2016-09-29 06:05:00,26,0,3,"[06:05:00,06:25:00)",4,0,2016-09-29,6,5,False
2016-09-29 06:25:00,44,0,3,"[06:25:00,06:45:00)",4,0,2016-09-29,6,25,False
2016-09-29 06:45:00,86,0,3,"[06:45:00,07:05:00)",4,0,2016-09-29,6,45,False
2016-09-29 07:05:00,102,0,3,"[07:05:00,07:25:00)",4,0,2016-09-29,7,5,False
2016-09-29 07:25:00,120,0,3,"[07:25:00,07:45:00)",4,0,2016-09-29,7,25,False
2016-09-29 07:45:00,140,0,3,"[07:45:00,08:05:00)",4,0,2016-09-29,7,45,False
2016-09-29 08:05:00,128,0,3,"[08:05:00,08:25:00)",4,0,2016-09-29,8,5,False
2016-09-29 08:25:00,152,0,3,"[08:25:00,08:45:00)",4,0,2016-09-29,8,25,False
2016-09-29 08:45:00,138,0,3,"[08:45:00,09:05:00)",4,0,2016-09-29,8,45,False
2016-09-29 09:05:00,126,0,3,"[09:05:00,09:25:00)",4,0,2016-09-29,9,5,False
2016-09-29 09:25:00,108,0,3,"[09:25:00,09:45:00)",4,0,2016-09-29,9,25,False
2016-09-29 09:45:00,99,0,3,"[09:45:00,10:05:00)",4,0,2016-09-29,9,45,False
2016-09-29 10:05:00,131,0,3,"[10:05:00,10:25:00)",4,0,2016-09-29,10,5,False
2016-09-29 10:25:00,109,0,3,"[10:25:00,10:45:00)",4,0,2016-09-29,10,25,False
2016-09-29 10:45:00,96,0,3,"[10:45:00,11:05:00)",4,0,2016-09-29,10,45,False
2016-09-29 11:05:00,95,0,3,"[11:05:00,11:25:00)",4,0,2016-09-29,11,5,False
2016-09-29 11:25:00,98,0,3,"[11:25:00,11:45:00)",4,0,2016-09-29,11,25,False
2016-09-29 11:45:00,96,0,3,"[11:45:00,12:05:00)",4,0,2016-09-29,11,45,False
2016-09-29 12:05:00,86,0,3,"[12:05:00,12:25:00)",4,0,2016-09-29,12,5,False
2016-09-29 12:25:00,95,0,3,"[12:25:00,12:45:00)",4,0,2016-09-29,12,25,False
2016-09-29 12:45:00,101,0,3,"[12:45:00,13:05:00)",4,0,2016-09-29,12,45,False
2016-09-29 13:05:00,105,0,3,"[13:05:00,13:25:00)",4,0,2016-09-29,13,5,False
2016-09-29 13:25:00,128,0,3,"[13:25:00,13:45:00)",4,0,2016-09-29,13,25,False
2016-09-29 13:45:00,122,0,3,"[13:45:00,14:05:00)",4,0,2016-09-29,13,45,False
2016-09-29 14:05:00,109,0,3,"[14:05:00,14:25:00)",4,0,2016-09-29,14,5,False
2016-09-29 14:25:00,99,0,3,"[14:25:00,14:45:00)",4,0,2016-09-29,14,25,False
2016-09-29 14:45:00,87,0,3,"[14:45:00,15:05:00)",4,0,2016-09-29,14,45,False
2016-09-29 15:05:00,80,0,3,"[15:05:00,15:25:00)",4,0,2016-09-29,15,5,False
2016-09-29 15:25:00,107,0,3,"[15:25:00,15:45:00)",4,0,2016-09-29,15,25,False
2016-09-29 15:45:00,123,0,3,"[15:45:00,16:05:00)",4,0,2016-09-29,15,45,False
2016-09-29 16:05:00,113,0,3,"[16:05:00,16:25:00)",4,0,2016-09-29,16,5,False
2016-09-29 16:25:00,124,0,3,"[16:25:00,16:45:00)",4,0,2016-09-29,16,25,False
2016-09-29 16:45:00,110,0,3,"[16:45:00,17:05:00)",4,0,2016-09-29,16,45,False
2016-09-29 17:05:00,111,0,3,"[17:05:00,17:25:00)",4,0,2016-09-29,17,5,False
2016-09-29 17:25:00,103,0,3,"[17:25:00,17:45:00)",4,0,2016-09-29,17,25,False
2016-09-29 17:45:00,95,0,3,"[17:45:00,18:05:00)",4,0,2016-09-29,17,45,False
2016-09-29 18:05:00,23,0,3,"[18:05:00,18:25:00)",4,0,2016-09-29,18,5,False
2016-09-29 18:25:00,6,0,3,"[18:25:00,18:45:00)",4,0,2016-09-29,18,25,False
2016-09-29 18:45:00,67,0,3,"[18:45:00,19:05:00)",4,0,2016-09-29,18,45,False
2016-09-29 19:05:00,64,0,3,"[19:05:00,19:25:00)",4,0,2016-09-29,19,5,False
2016-09-29 19:25:00,45,0,3,"[19:25:00,19:45:00)",4,0,2016-09-29,19,25,False
2016-09-29 19:45:00,44,0,3,"[19:45:00,20:05:00)",4,0,2016-09-29,19,45,False
2016-09-29 20:05:00,54,0,3,"[20:05:00,20:25:00)",4,0,2016-09-29,20,5,False
2016-09-29 20:25:00,54,0,3,"[20:25:00,20:45:00)",4,0,2016-09-29,20,25,False
2016-09-29 20:45:00,51,0,3,"[20:45:00,21:05:00)",4,0,2016-09-29,20,45,False
2016-09-29 21:05:00,61,0,3,"[21:05:00,21:25:00)",4,0,2016-09-29,21,5,False
2016-09-29 21:25:00,37,0,3,"[21:25:00,21:45:00)",4,0,2016-09-29,21,25,False
2016-09-29 21:45:00,33,0,3,"[21:45:00,22:05:00)",4,0,2016-09-29,21,45,False
2016-09-29 22:05:00,29,0,3,"[22:05:00,22:25:00)",4,0,2016-09-29,22,5,False
2016-09-29 22:25:00,19,0,3,"[22:25:00,22:45:00)",4,0,2016-09-29,22,25,False
2016-09-29 22:45:00,18,0,3,"[22:45:00,23:05:00)",4,0,2016-09-29,22,45,False
2016-09-29 23:05:00,31,0,3,"[23:05:00,23:25:00)",4,0,2016-09-29,23,5,False
2016-09-29 23:25:00,13,0,3,"[23:25:00,23:45:00)",4,0,2016-09-29,23,25,False
2016-09-29 23:45:00,21,0,3,"[23:45:00,00:00:00)",4,0,2016-09-29,23,45,False
2016-09-30 00:05:00,24,0,3,"[00:05:00,00:25:00)",5,0,2016-09-30,0,5,False
2016-09-30 00:25:00,14,0,3,"[00:25:00,00:45:00)",5,0,2016-09-30,0,25,False
2016-09-30 00:45:00,19,0,3,"[00:45:00,01:05:00)",5,0,2016-09-30,0,45,False
2016-09-30 01:05:00,21,0,3,"[01:05:00,01:25:00)",5,0,2016-09-30,1,5,False
2016-09-30 01:25:00,14,0,3,"[01:25:00,01:45:00)",5,0,2016-09-30,1,25,False
2016-09-30 01:45:00,15,0,3,"[01:45:00,02:05:00)",5,0,2016-09-30,1,45,False
2016-09-30 02:05:00,11,0,3,"[02:05:00,02:25:00)",5,0,2016-09-30,2,5,False
2016-09-30 02:25:00,11,0,3,"[02:25:00,02:45:00)",5,0,2016-09-30,2,25,False
2016-09-30 02:45:00,15,0,3,"[02:45:00,03:05:00)",5,0,2016-09-30,2,45,False
2016-09-30 03:05:00,11,0,3,"[03:05:00,03:25:00)",5,0,2016-09-30,3,5,False
2016-09-30 03:25:00,9,0,3,"[03:25:00,03:45:00)",5,0,2016-09-30,3,25,False
2016-09-30 03:45:00,12,0,3,"[03:45:00,04:05:00)",5,0,2016-09-30,3,45,False
2016-09-30 04:05:00,13,0,3,"[04:05:00,04:25:00)",5,0,2016-09-30,4,5,False
2016-09-30 04:25:00,15,0,3,"[04:25:00,04:45:00)",5,0,2016-09-30,4,25,False
2016-09-30 04:45:00,16,0,3,"[04:45:00,05:05:00)",5,0,2016-09-30,4,45,False
2016-09-30 05:05:00,12,0,3,"[05:05:00,05:25:00)",5,0,2016-09-30,5,5,False
2016-09-30 05:25:00,14,0,3,"[05:25:00,05:45:00)",5,0,2016-09-30,5,25,False
2016-09-30 05:45:00,22,0,3,"[05:45:00,06:05:00)",5,0,2016-09-30,5,45,False
2016-09-30 06:05:00,32,0,3,"[06:05:00,06:25:00)",5,0,2016-09-30,6,5,False
2016-09-30 06:25:00,64,0,3,"[06:25:00,06:45:00)",5,0,2016-09-30,6,25,False
2016-09-30 06:45:00,97,0,3,"[06:45:00,07:05:00)",5,0,2016-09-30,6,45,False
2016-09-30 07:05:00,113,0,3,"[07:05:00,07:25:00)",5,0,2016-09-30,7,5,False
2016-09-30 07:25:00,120,0,3,"[07:25:00,07:45:00)",5,0,2016-09-30,7,25,False
2016-09-30 07:45:00,137,0,3,"[07:45:00,08:05:00)",5,0,2016-09-30,7,45,False
2016-09-30 08:05:00,158,0,3,"[08:05:00,08:25:00)",5,0,2016-09-30,8,5,False
2016-09-30 08:25:00,163,0,3,"[08:25:00,08:45:00)",5,0,2016-09-30,8,25,False
2016-09-30 08:45:00,139,0,3,"[08:45:00,09:05:00)",5,0,2016-09-30,8,45,False
2016-09-30 09:05:00,150,0,3,"[09:05:00,09:25:00)",5,0,2016-09-30,9,5,False
2016-09-30 09:25:00,148,0,3,"[09:25:00,09:45:00)",5,0,2016-09-30,9,25,False
2016-09-30 09:45:00,111,0,3,"[09:45:00,10:05:00)",5,0,2016-09-30,9,45,False
2016-09-30 10:05:00,148,0,3,"[10:05:00,10:25:00)",5,0,2016-09-30,10,5,False
2016-09-30 10:25:00,125,0,3,"[10:25:00,10:45:00)",5,0,2016-09-30,10,25,False
2016-09-30 10:45:00,125,0,3,"[10:45:00,11:05:00)",5,0,2016-09-30,10,45,False
2016-09-30 11:05:00,106,0,3,"[11:05:00,11:25:00)",5,0,2016-09-30,11,5,False
2016-09-30 11:25:00,111,0,3,"[11:25:00,11:45:00)",5,0,2016-09-30,11,25,False
2016-09-30 11:45:00,117,0,3,"[11:45:00,12:05:00)",5,0,2016-09-30,11,45,False
2016-09-30 12:05:00,122,0,3,"[12:05:00,12:25:00)",5,0,2016-09-30,12,5,False
2016-09-30 12:25:00,157,0,3,"[12:25:00,12:45:00)",5,0,2016-09-30,12,25,False
2016-09-30 12:45:00,143,0,3,"[12:45:00,13:05:00)",5,0,2016-09-30,12,45,False
2016-09-30 13:05:00,158,0,3,"[13:05:00,13:25:00)",5,0,2016-09-30,13,5,False
2016-09-30 13:25:00,155,0,3,"[13:25:00,13:45:00)",5,0,2016-09-30,13,25,False
2016-09-30 13:45:00,142,0,3,"[13:45:00,14:05:00)",5,0,2016-09-30,13,45,False
2016-09-30 14:05:00,171,0,3,"[14:05:00,14:25:00)",5,0,2016-09-30,14,5,False
2016-09-30 14:25:00,159,0,3,"[14:25:00,14:45:00)",5,0,2016-09-30,14,25,False
2016-09-30 14:45:00,115,0,3,"[14:45:00,15:05:00)",5,0,2016-09-30,14,45,False
2016-09-30 15:05:00,151,0,3,"[15:05:00,15:25:00)",5,0,2016-09-30,15,5,False
2016-09-30 15:25:00,179,0,3,"[15:25:00,15:45:00)",5,0,2016-09-30,15,25,False
2016-09-30 15:45:00,230,0,3,"[15:45:00,16:05:00)",5,0,2016-09-30,15,45,False
2016-09-30 16:05:00,218,0,3,"[16:05:00,16:25:00)",5,0,2016-09-30,16,5,False
2016-09-30 16:25:00,196,0,3,"[16:25:00,16:45:00)",5,0,2016-09-30,16,25,False
2016-09-30 16:45:00,210,0,3,"[16:45:00,17:05:00)",5,0,2016-09-30,16,45,False
2016-09-30 17:05:00,218,0,3,"[17:05:00,17:25:00)",5,0,2016-09-30,17,5,False
2016-09-30 17:25:00,202,0,3,"[17:25:00,17:45:00)",5,0,2016-09-30,17,25,False
2016-09-30 17:45:00,131,0,3,"[17:45:00,18:05:00)",5,0,2016-09-30,17,45,False
2016-09-30 18:05:00,164,0,3,"[18:05:00,18:25:00)",5,0,2016-09-30,18,5,False
2016-09-30 18:25:00,126,0,3,"[18:25:00,18:45:00)",5,0,2016-09-30,18,25,False
2016-09-30 18:45:00,107,0,3,"[18:45:00,19:05:00)",5,0,2016-09-30,18,45,False
2016-09-30 19:05:00,85,0,3,"[19:05:00,19:25:00)",5,0,2016-09-30,19,5,False
2016-09-30 19:25:00,93,0,3,"[19:25:00,19:45:00)",5,0,2016-09-30,19,25,False
2016-09-30 19:45:00,74,0,3,"[19:45:00,20:05:00)",5,0,2016-09-30,19,45,False
2016-09-30 20:05:00,72,0,3,"[20:05:00,20:25:00)",5,0,2016-09-30,20,5,False
2016-09-30 20:25:00,71,0,3,"[20:25:00,20:45:00)",5,0,2016-09-30,20,25,False
2016-09-30 20:45:00,92,0,3,"[20:45:00,21:05:00)",5,0,2016-09-30,20,45,False
2016-09-30 21:05:00,84,0,3,"[21:05:00,21:25:00)",5,0,2016-09-30,21,5,False
2016-09-30 21:25:00,65,0,3,"[21:25:00,21:45:00)",5,0,2016-09-30,21,25,False
2016-09-30 21:45:00,56,0,3,"[21:45:00,22:05:00)",5,0,2016-09-30,21,45,False
2016-09-30 22:05:00,66,0,3,"[22:05:00,22:25:00)",5,0,2016-09-30,22,5,False
2016-09-30 22:25:00,50,0,3,"[22:25:00,22:45:00)",5,0,2016-09-30,22,25,False
2016-09-30 22:45:00,44,0,3,"[22:45:00,23:05:00)",5,0,2016-09-30,22,45,False
2016-09-30 23:05:00,29,0,3,"[23:05:00,23:25:00)",5,0,2016-09-30,23,5,False
2016-09-30 23:25:00,56,0,3,"[23:25:00,23:45:00)",5,0,2016-09-30,23,25,False
2016-09-30 23:45:00,32,0,3,"[23:45:00,00:00:00)",5,0,2016-09-30,23,45,False
2016-10-01 00:05:00,73,0,3,"[00:05:00,00:25:00)",6,1,2016-10-01,0,5,True
2016-10-01 00:25:00,49,0,3,"[00:25:00,00:45:00)",6,1,2016-10-01,0,25,True
2016-10-01 00:45:00,38,0,3,"[00:45:00,01:05:00)",6,1,2016-10-01,0,45,True
2016-10-01 01:05:00,46,0,3,"[01:05:00,01:25:00)",6,1,2016-10-01,1,5,True
2016-10-01 01:25:00,42,0,3,"[01:25:00,01:45:00)",6,1,2016-10-01,1,25,True
2016-10-01 01:45:00,27,0,3,"[01:45:00,02:05:00)",6,1,2016-10-01,1,45,True
2016-10-01 02:05:00,28,0,3,"[02:05:00,02:25:00)",6,1,2016-10-01,2,5,True
2016-10-01 02:25:00,35,0,3,"[02:25:00,02:45:00)",6,1,2016-10-01,2,25,True
2016-10-01 02:45:00,14,0,3,"[02:45:00,03:05:00)",6,1,2016-10-01,2,45,True
2016-10-01 03:05:00,27,0,3,"[03:05:00,03:25:00)",6,1,2016-10-01,3,5,True
2016-10-01 03:25:00,28,0,3,"[03:25:00,03:45:00)",6,1,2016-10-01,3,25,True
2016-10-01 03:45:00,37,0,3,"[03:45:00,04:05:00)",6,1,2016-10-01,3,45,True
2016-10-01 04:05:00,25,0,3,"[04:05:00,04:25:00)",6,1,2016-10-01,4,5,True
2016-10-01 04:25:00,30,0,3,"[04:25:00,04:45:00)",6,1,2016-10-01,4,25,True
2016-10-01 04:45:00,33,0,3,"[04:45:00,05:05:00)",6,1,2016-10-01,4,45,True
2016-10-01 05:05:00,51,0,3,"[05:05:00,05:25:00)",6,1,2016-10-01,5,5,True
2016-10-01 05:25:00,48,0,3,"[05:25:00,05:45:00)",6,1,2016-10-01,5,25,True
2016-10-01 05:45:00,54,0,3,"[05:45:00,06:05:00)",6,1,2016-10-01,5,45,True
2016-10-01 06:05:00,64,0,3,"[06:05:00,06:25:00)",6,1,2016-10-01,6,5,True
2016-10-01 06:25:00,100,0,3,"[06:25:00,06:45:00)",6,1,2016-10-01,6,25,True
2016-10-01 06:45:00,81,0,3,"[06:45:00,07:05:00)",6,1,2016-10-01,6,45,True
2016-10-01 07:05:00,93,0,3,"[07:05:00,07:25:00)",6,1,2016-10-01,7,5,True
2016-10-01 07:25:00,104,0,3,"[07:25:00,07:45:00)",6,1,2016-10-01,7,25,True
2016-10-01 07:45:00,134,0,3,"[07:45:00,08:05:00)",6,1,2016-10-01,7,45,True
2016-10-01 08:05:00,122,0,3,"[08:05:00,08:25:00)",6,1,2016-10-01,8,5,True
2016-10-01 08:25:00,130,0,3,"[08:25:00,08:45:00)",6,1,2016-10-01,8,25,True
2016-10-01 08:45:00,156,0,3,"[08:45:00,09:05:00)",6,1,2016-10-01,8,45,True
2016-10-01 09:05:00,167,0,3,"[09:05:00,09:25:00)",6,1,2016-10-01,9,5,True
2016-10-01 09:25:00,151,0,3,"[09:25:00,09:45:00)",6,1,2016-10-01,9,25,True
2016-10-01 09:45:00,120,0,3,"[09:45:00,10:05:00)",6,1,2016-10-01,9,45,True
2016-10-01 10:05:00,164,0,3,"[10:05:00,10:25:00)",6,1,2016-10-01,10,5,True
2016-10-01 10:25:00,171,0,3,"[10:25:00,10:45:00)",6,1,2016-10-01,10,25,True
2016-10-01 10:45:00,130,0,3,"[10:45:00,11:05:00)",6,1,2016-10-01,10,45,True
2016-10-01 11:05:00,126,0,3,"[11:05:00,11:25:00)",6,1,2016-10-01,11,5,True
2016-10-01 11:25:00,114,0,3,"[11:25:00,11:45:00)",6,1,2016-10-01,11,25,True
2016-10-01 11:45:00,104,0,3,"[11:45:00,12:05:00)",6,1,2016-10-01,11,45,True
2016-10-01 12:05:00,103,0,3,"[12:05:00,12:25:00)",6,1,2016-10-01,12,5,True
2016-10-01 12:25:00,116,0,3,"[12:25:00,12:45:00)",6,1,2016-10-01,12,25,True
2016-10-01 12:45:00,111,0,3,"[12:45:00,13:05:00)",6,1,2016-10-01,12,45,True
2016-10-01 13:05:00,99,0,3,"[13:05:00,13:25:00)",6,1,2016-10-01,13,5,True
2016-10-01 13:25:00,135,0,3,"[13:25:00,13:45:00)",6,1,2016-10-01,13,25,True
2016-10-01 13:45:00,98,0,3,"[13:45:00,14:05:00)",6,1,2016-10-01,13,45,True
2016-10-01 14:05:00,122,0,3,"[14:05:00,14:25:00)",6,1,2016-10-01,14,5,True
2016-10-01 14:25:00,119,0,3,"[14:25:00,14:45:00)",6,1,2016-10-01,14,25,True
2016-10-01 14:45:00,133,0,3,"[14:45:00,15:05:00)",6,1,2016-10-01,14,45,True
2016-10-01 15:05:00,116,0,3,"[15:05:00,15:25:00)",6,1,2016-10-01,15,5,True
2016-10-01 15:25:00,118,0,3,"[15:25:00,15:45:00)",6,1,2016-10-01,15,25,True
2016-10-01 15:45:00,108,0,3,"[15:45:00,16:05:00)",6,1,2016-10-01,15,45,True
2016-10-01 16:05:00,104,0,3,"[16:05:00,16:25:00)",6,1,2016-10-01,16,5,True
2016-10-01 16:25:00,101,0,3,"[16:25:00,16:45:00)",6,1,2016-10-01,16,25,True
2016-10-01 16:45:00,95,0,3,"[16:45:00,17:05:00)",6,1,2016-10-01,16,45,True
2016-10-01 17:05:00,77,0,3,"[17:05:00,17:25:00)",6,1,2016-10-01,17,5,True
2016-10-01 17:25:00,94,0,3,"[17:25:00,17:45:00)",6,1,2016-10-01,17,25,True
2016-10-01 17:45:00,88,0,3,"[17:45:00,18:05:00)",6,1,2016-10-01,17,45,True
2016-10-01 18:05:00,80,0,3,"[18:05:00,18:25:00)",6,1,2016-10-01,18,5,True
2016-10-01 18:25:00,63,0,3,"[18:25:00,18:45:00)",6,1,2016-10-01,18,25,True
2016-10-01 18:45:00,68,0,3,"[18:45:00,19:05:00)",6,1,2016-10-01,18,45,True
2016-10-01 19:05:00,65,0,3,"[19:05:00,19:25:00)",6,1,2016-10-01,19,5,True
2016-10-01 19:25:00,59,0,3,"[19:25:00,19:45:00)",6,1,2016-10-01,19,25,True
2016-10-01 19:45:00,71,0,3,"[19:45:00,20:05:00)",6,1,2016-10-01,19,45,True
2016-10-01 20:05:00,61,0,3,"[20:05:00,20:25:00)",6,1,2016-10-01,20,5,True
2016-10-01 20:25:00,63,0,3,"[20:25:00,20:45:00)",6,1,2016-10-01,20,25,True
2016-10-01 20:45:00,69,0,3,"[20:45:00,21:05:00)",6,1,2016-10-01,20,45,True
2016-10-01 21:05:00,58,0,3,"[21:05:00,21:25:00)",6,1,2016-10-01,21,5,True
2016-10-01 21:25:00,42,0,3,"[21:25:00,21:45:00)",6,1,2016-10-01,21,25,True
2016-10-01 21:45:00,45,0,3,"[21:45:00,22:05:00)",6,1,2016-10-01,21,45,True
2016-10-01 22:05:00,39,0,3,"[22:05:00,22:25:00)",6,1,2016-10-01,22,5,True
2016-10-01 22:25:00,34,0,3,"[22:25:00,22:45:00)",6,1,2016-10-01,22,25,True
2016-10-01 22:45:00,40,0,3,"[22:45:00,23:05:00)",6,1,2016-10-01,22,45,True
2016-10-01 23:05:00,5,0,3,"[23:05:00,23:25:00)",6,1,2016-10-01,23,5,True
2016-10-01 23:25:00,2,0,3,"[23:25:00,23:45:00)",6,1,2016-10-01,23,25,True
2016-10-01 23:45:00,1,0,3,"[23:45:00,00:00:00)",6,1,2016-10-01,23,45,True
2016-10-02 00:05:00,22,0,3,"[00:05:00,00:25:00)",7,1,2016-10-02,0,5,True
2016-10-02 00:25:00,13,0,3,"[00:25:00,00:45:00)",7,1,2016-10-02,0,25,True
2016-10-02 00:45:00,20,0,3,"[00:45:00,01:05:00)",7,1,2016-10-02,0,45,True
2016-10-02 01:05:00,20,0,3,"[01:05:00,01:25:00)",7,1,2016-10-02,1,5,True
2016-10-02 01:25:00,22,0,3,"[01:25:00,01:45:00)",7,1,2016-10-02,1,25,True
2016-10-02 01:45:00,15,0,3,"[01:45:00,02:05:00)",7,1,2016-10-02,1,45,True
2016-10-02 02:05:00,11,0,3,"[02:05:00,02:25:00)",7,1,2016-10-02,2,5,True
2016-10-02 02:25:00,17,0,3,"[02:25:00,02:45:00)",7,1,2016-10-02,2,25,True
2016-10-02 02:45:00,19,0,3,"[02:45:00,03:05:00)",7,1,2016-10-02,2,45,True
2016-10-02 03:05:00,23,0,3,"[03:05:00,03:25:00)",7,1,2016-10-02,3,5,True
2016-10-02 03:25:00,8,0,3,"[03:25:00,03:45:00)",7,1,2016-10-02,3,25,True
2016-10-02 03:45:00,18,0,3,"[03:45:00,04:05:00)",7,1,2016-10-02,3,45,True
2016-10-02 04:05:00,12,0,3,"[04:05:00,04:25:00)",7,1,2016-10-02,4,5,True
2016-10-02 04:25:00,21,0,3,"[04:25:00,04:45:00)",7,1,2016-10-02,4,25,True
2016-10-02 04:45:00,13,0,3,"[04:45:00,05:05:00)",7,1,2016-10-02,4,45,True
2016-10-02 05:05:00,14,0,3,"[05:05:00,05:25:00)",7,1,2016-10-02,5,5,True
2016-10-02 05:25:00,22,0,3,"[05:25:00,05:45:00)",7,1,2016-10-02,5,25,True
2016-10-02 05:45:00,26,0,3,"[05:45:00,06:05:00)",7,1,2016-10-02,5,45,True
2016-10-02 06:05:00,44,0,3,"[06:05:00,06:25:00)",7,1,2016-10-02,6,5,True
2016-10-02 06:25:00,47,0,3,"[06:25:00,06:45:00)",7,1,2016-10-02,6,25,True
2016-10-02 06:45:00,62,0,3,"[06:45:00,07:05:00)",7,1,2016-10-02,6,45,True
2016-10-02 07:05:00,86,0,3,"[07:05:00,07:25:00)",7,1,2016-10-02,7,5,True
2016-10-02 07:25:00,92,0,3,"[07:25:00,07:45:00)",7,1,2016-10-02,7,25,True
2016-10-02 07:45:00,101,0,3,"[07:45:00,08:05:00)",7,1,2016-10-02,7,45,True
2016-10-02 08:05:00,131,0,3,"[08:05:00,08:25:00)",7,1,2016-10-02,8,5,True
2016-10-02 08:25:00,149,0,3,"[08:25:00,08:45:00)",7,1,2016-10-02,8,25,True
2016-10-02 08:45:00,144,0,3,"[08:45:00,09:05:00)",7,1,2016-10-02,8,45,True
2016-10-02 09:05:00,185,0,3,"[09:05:00,09:25:00)",7,1,2016-10-02,9,5,True
2016-10-02 09:25:00,155,0,3,"[09:25:00,09:45:00)",7,1,2016-10-02,9,25,True
2016-10-02 09:45:00,144,0,3,"[09:45:00,10:05:00)",7,1,2016-10-02,9,45,True
2016-10-02 10:05:00,157,0,3,"[10:05:00,10:25:00)",7,1,2016-10-02,10,5,True
2016-10-02 10:25:00,162,0,3,"[10:25:00,10:45:00)",7,1,2016-10-02,10,25,True
2016-10-02 10:45:00,88,0,3,"[10:45:00,11:05:00)",7,1,2016-10-02,10,45,True
2016-10-02 11:05:00,49,0,3,"[11:05:00,11:25:00)",7,1,2016-10-02,11,5,True
2016-10-02 11:25:00,50,0,3,"[11:25:00,11:45:00)",7,1,2016-10-02,11,25,True
2016-10-02 11:45:00,65,0,3,"[11:45:00,12:05:00)",7,1,2016-10-02,11,45,True
2016-10-02 12:05:00,84,0,3,"[12:05:00,12:25:00)",7,1,2016-10-02,12,5,True
2016-10-02 12:25:00,85,0,3,"[12:25:00,12:45:00)",7,1,2016-10-02,12,25,True
2016-10-02 12:45:00,102,0,3,"[12:45:00,13:05:00)",7,1,2016-10-02,12,45,True
2016-10-02 13:05:00,128,0,3,"[13:05:00,13:25:00)",7,1,2016-10-02,13,5,True
2016-10-02 13:25:00,173,0,3,"[13:25:00,13:45:00)",7,1,2016-10-02,13,25,True
2016-10-02 13:45:00,144,0,3,"[13:45:00,14:05:00)",7,1,2016-10-02,13,45,True
2016-10-02 14:05:00,153,0,3,"[14:05:00,14:25:00)",7,1,2016-10-02,14,5,True
2016-10-02 14:25:00,192,0,3,"[14:25:00,14:45:00)",7,1,2016-10-02,14,25,True
2016-10-02 14:45:00,152,0,3,"[14:45:00,15:05:00)",7,1,2016-10-02,14,45,True
2016-10-02 15:05:00,154,0,3,"[15:05:00,15:25:00)",7,1,2016-10-02,15,5,True
2016-10-02 15:25:00,139,0,3,"[15:25:00,15:45:00)",7,1,2016-10-02,15,25,True
2016-10-02 15:45:00,97,0,3,"[15:45:00,16:05:00)",7,1,2016-10-02,15,45,True
2016-10-02 16:05:00,90,0,3,"[16:05:00,16:25:00)",7,1,2016-10-02,16,5,True
2016-10-02 16:25:00,83,0,3,"[16:25:00,16:45:00)",7,1,2016-10-02,16,25,True
2016-10-02 16:45:00,93,0,3,"[16:45:00,17:05:00)",7,1,2016-10-02,16,45,True
2016-10-02 17:05:00,107,0,3,"[17:05:00,17:25:00)",7,1,2016-10-02,17,5,True
2016-10-02 17:25:00,102,0,3,"[17:25:00,17:45:00)",7,1,2016-10-02,17,25,True
2016-10-02 17:45:00,92,0,3,"[17:45:00,18:05:00)",7,1,2016-10-02,17,45,True
2016-10-02 18:05:00,71,0,3,"[18:05:00,18:25:00)",7,1,2016-10-02,18,5,True
2016-10-02 18:25:00,66,0,3,"[18:25:00,18:45:00)",7,1,2016-10-02,18,25,True
2016-10-02 18:45:00,66,0,3,"[18:45:00,19:05:00)",7,1,2016-10-02,18,45,True
2016-10-02 19:05:00,74,0,3,"[19:05:00,19:25:00)",7,1,2016-10-02,19,5,True
2016-10-02 19:25:00,72,0,3,"[19:25:00,19:45:00)",7,1,2016-10-02,19,25,True
2016-10-02 19:45:00,72,0,3,"[19:45:00,20:05:00)",7,1,2016-10-02,19,45,True
2016-10-02 20:05:00,55,0,3,"[20:05:00,20:25:00)",7,1,2016-10-02,20,5,True
2016-10-02 20:25:00,67,0,3,"[20:25:00,20:45:00)",7,1,2016-10-02,20,25,True
2016-10-02 20:45:00,42,0,3,"[20:45:00,21:05:00)",7,1,2016-10-02,20,45,True
2016-10-02 21:05:00,61,0,3,"[21:05:00,21:25:00)",7,1,2016-10-02,21,5,True
2016-10-02 21:25:00,62,0,3,"[21:25:00,21:45:00)",7,1,2016-10-02,21,25,True
2016-10-02 21:45:00,44,0,3,"[21:45:00,22:05:00)",7,1,2016-10-02,21,45,True
2016-10-02 22:05:00,30,0,3,"[22:05:00,22:25:00)",7,1,2016-10-02,22,5,True
2016-10-02 22:25:00,26,0,3,"[22:25:00,22:45:00)",7,1,2016-10-02,22,25,True
2016-10-02 22:45:00,22,0,3,"[22:45:00,23:05:00)",7,1,2016-10-02,22,45,True
2016-10-02 23:05:00,21,0,3,"[23:05:00,23:25:00)",7,1,2016-10-02,23,5,True
2016-10-02 23:25:00,15,0,3,"[23:25:00,23:45:00)",7,1,2016-10-02,23,25,True
2016-10-02 23:45:00,22,0,3,"[23:45:00,00:00:00)",7,1,2016-10-02,23,45,True
2016-10-03 00:05:00,16,0,3,"[00:05:00,00:25:00)",1,0,2016-10-03,0,5,True
2016-10-03 00:25:00,11,0,3,"[00:25:00,00:45:00)",1,0,2016-10-03,0,25,True
2016-10-03 00:45:00,17,0,3,"[00:45:00,01:05:00)",1,0,2016-10-03,0,45,True
2016-10-03 01:05:00,24,0,3,"[01:05:00,01:25:00)",1,0,2016-10-03,1,5,True
2016-10-03 01:25:00,20,0,3,"[01:25:00,01:45:00)",1,0,2016-10-03,1,25,True
2016-10-03 01:45:00,17,0,3,"[01:45:00,02:05:00)",1,0,2016-10-03,1,45,True
2016-10-03 02:05:00,12,0,3,"[02:05:00,02:25:00)",1,0,2016-10-03,2,5,True
2016-10-03 02:25:00,11,0,3,"[02:25:00,02:45:00)",1,0,2016-10-03,2,25,True
2016-10-03 02:45:00,13,0,3,"[02:45:00,03:05:00)",1,0,2016-10-03,2,45,True
2016-10-03 03:05:00,18,0,3,"[03:05:00,03:25:00)",1,0,2016-10-03,3,5,True
2016-10-03 03:25:00,8,0,3,"[03:25:00,03:45:00)",1,0,2016-10-03,3,25,True
2016-10-03 03:45:00,11,0,3,"[03:45:00,04:05:00)",1,0,2016-10-03,3,45,True
2016-10-03 04:05:00,16,0,3,"[04:05:00,04:25:00)",1,0,2016-10-03,4,5,True
2016-10-03 04:25:00,9,0,3,"[04:25:00,04:45:00)",1,0,2016-10-03,4,25,True
2016-10-03 04:45:00,16,0,3,"[04:45:00,05:05:00)",1,0,2016-10-03,4,45,True
2016-10-03 05:05:00,9,0,3,"[05:05:00,05:25:00)",1,0,2016-10-03,5,5,True
2016-10-03 05:25:00,19,0,3,"[05:25:00,05:45:00)",1,0,2016-10-03,5,25,True
2016-10-03 05:45:00,19,0,3,"[05:45:00,06:05:00)",1,0,2016-10-03,5,45,True
2016-10-03 06:05:00,47,0,3,"[06:05:00,06:25:00)",1,0,2016-10-03,6,5,True
2016-10-03 06:25:00,58,0,3,"[06:25:00,06:45:00)",1,0,2016-10-03,6,25,True
2016-10-03 06:45:00,59,0,3,"[06:45:00,07:05:00)",1,0,2016-10-03,6,45,True
2016-10-03 07:05:00,85,0,3,"[07:05:00,07:25:00)",1,0,2016-10-03,7,5,True
2016-10-03 07:25:00,101,0,3,"[07:25:00,07:45:00)",1,0,2016-10-03,7,25,True
2016-10-03 07:45:00,118,0,3,"[07:45:00,08:05:00)",1,0,2016-10-03,7,45,True
2016-10-03 08:05:00,133,0,3,"[08:05:00,08:25:00)",1,0,2016-10-03,8,5,True
2016-10-03 08:25:00,133,0,3,"[08:25:00,08:45:00)",1,0,2016-10-03,8,25,True
2016-10-03 08:45:00,163,0,3,"[08:45:00,09:05:00)",1,0,2016-10-03,8,45,True
2016-10-03 09:05:00,189,0,3,"[09:05:00,09:25:00)",1,0,2016-10-03,9,5,True
2016-10-03 09:25:00,176,0,3,"[09:25:00,09:45:00)",1,0,2016-10-03,9,25,True
2016-10-03 09:45:00,195,0,3,"[09:45:00,10:05:00)",1,0,2016-10-03,9,45,True
2016-10-03 10:05:00,165,0,3,"[10:05:00,10:25:00)",1,0,2016-10-03,10,5,True
2016-10-03 10:25:00,161,0,3,"[10:25:00,10:45:00)",1,0,2016-10-03,10,25,True
2016-10-03 10:45:00,121,0,3,"[10:45:00,11:05:00)",1,0,2016-10-03,10,45,True
2016-10-03 11:05:00,116,0,3,"[11:05:00,11:25:00)",1,0,2016-10-03,11,5,True
2016-10-03 11:25:00,92,0,3,"[11:25:00,11:45:00)",1,0,2016-10-03,11,25,True
2016-10-03 11:45:00,52,0,3,"[11:45:00,12:05:00)",1,0,2016-10-03,11,45,True
2016-10-03 12:05:00,65,0,3,"[12:05:00,12:25:00)",1,0,2016-10-03,12,5,True
2016-10-03 12:25:00,126,0,3,"[12:25:00,12:45:00)",1,0,2016-10-03,12,25,True
2016-10-03 12:45:00,111,0,3,"[12:45:00,13:05:00)",1,0,2016-10-03,12,45,True
2016-10-03 13:05:00,104,0,3,"[13:05:00,13:25:00)",1,0,2016-10-03,13,5,True
2016-10-03 13:25:00,110,0,3,"[13:25:00,13:45:00)",1,0,2016-10-03,13,25,True
2016-10-03 13:45:00,129,0,3,"[13:45:00,14:05:00)",1,0,2016-10-03,13,45,True
2016-10-03 14:05:00,122,0,3,"[14:05:00,14:25:00)",1,0,2016-10-03,14,5,True
2016-10-03 14:25:00,123,0,3,"[14:25:00,14:45:00)",1,0,2016-10-03,14,25,True
2016-10-03 14:45:00,107,0,3,"[14:45:00,15:05:00)",1,0,2016-10-03,14,45,True
2016-10-03 15:05:00,111,0,3,"[15:05:00,15:25:00)",1,0,2016-10-03,15,5,True
2016-10-03 15:25:00,123,0,3,"[15:25:00,15:45:00)",1,0,2016-10-03,15,25,True
2016-10-03 15:45:00,89,0,3,"[15:45:00,16:05:00)",1,0,2016-10-03,15,45,True
2016-10-03 16:05:00,102,0,3,"[16:05:00,16:25:00)",1,0,2016-10-03,16,5,True
2016-10-03 16:25:00,96,0,3,"[16:25:00,16:45:00)",1,0,2016-10-03,16,25,True
2016-10-03 16:45:00,94,0,3,"[16:45:00,17:05:00)",1,0,2016-10-03,16,45,True
2016-10-03 17:05:00,89,0,3,"[17:05:00,17:25:00)",1,0,2016-10-03,17,5,True
2016-10-03 17:25:00,105,0,3,"[17:25:00,17:45:00)",1,0,2016-10-03,17,25,True
2016-10-03 17:45:00,69,0,3,"[17:45:00,18:05:00)",1,0,2016-10-03,17,45,True
2016-10-03 18:05:00,88,0,3,"[18:05:00,18:25:00)",1,0,2016-10-03,18,5,True
2016-10-03 18:25:00,79,0,3,"[18:25:00,18:45:00)",1,0,2016-10-03,18,25,True
2016-10-03 18:45:00,73,0,3,"[18:45:00,19:05:00)",1,0,2016-10-03,18,45,True
2016-10-03 19:05:00,78,0,3,"[19:05:00,19:25:00)",1,0,2016-10-03,19,5,True
2016-10-03 19:25:00,54,0,3,"[19:25:00,19:45:00)",1,0,2016-10-03,19,25,True
2016-10-03 19:45:00,48,0,3,"[19:45:00,20:05:00)",1,0,2016-10-03,19,45,True
2016-10-03 20:05:00,43,0,3,"[20:05:00,20:25:00)",1,0,2016-10-03,20,5,True
2016-10-03 20:25:00,57,0,3,"[20:25:00,20:45:00)",1,0,2016-10-03,20,25,True
2016-10-03 20:45:00,47,0,3,"[20:45:00,21:05:00)",1,0,2016-10-03,20,45,True
2016-10-03 21:05:00,53,0,3,"[21:05:00,21:25:00)",1,0,2016-10-03,21,5,True
2016-10-03 21:25:00,57,0,3,"[21:25:00,21:45:00)",1,0,2016-10-03,21,25,True
2016-10-03 21:45:00,37,0,3,"[21:45:00,22:05:00)",1,0,2016-10-03,21,45,True
2016-10-03 22:05:00,24,0,3,"[22:05:00,22:25:00)",1,0,2016-10-03,22,5,True
2016-10-03 22:25:00,32,0,3,"[22:25:00,22:45:00)",1,0,2016-10-03,22,25,True
2016-10-03 22:45:00,26,0,3,"[22:45:00,23:05:00)",1,0,2016-10-03,22,45,True
2016-10-03 23:05:00,23,0,3,"[23:05:00,23:25:00)",1,0,2016-10-03,23,5,True
2016-10-03 23:25:00,19,0,3,"[23:25:00,23:45:00)",1,0,2016-10-03,23,25,True
2016-10-03 23:45:00,13,0,3,"[23:45:00,00:00:00)",1,0,2016-10-03,23,45,True
2016-10-04 00:05:00,21,0,3,"[00:05:00,00:25:00)",2,0,2016-10-04,0,5,True
2016-10-04 00:25:00,19,0,3,"[00:25:00,00:45:00)",2,0,2016-10-04,0,25,True
2016-10-04 00:45:00,17,0,3,"[00:45:00,01:05:00)",2,0,2016-10-04,0,45,True
2016-10-04 01:05:00,19,0,3,"[01:05:00,01:25:00)",2,0,2016-10-04,1,5,True
2016-10-04 01:25:00,25,0,3,"[01:25:00,01:45:00)",2,0,2016-10-04,1,25,True
2016-10-04 01:45:00,14,0,3,"[01:45:00,02:05:00)",2,0,2016-10-04,1,45,True
2016-10-04 02:05:00,14,0,3,"[02:05:00,02:25:00)",2,0,2016-10-04,2,5,True
2016-10-04 02:25:00,12,0,3,"[02:25:00,02:45:00)",2,0,2016-10-04,2,25,True
2016-10-04 02:45:00,18,0,3,"[02:45:00,03:05:00)",2,0,2016-10-04,2,45,True
2016-10-04 03:05:00,13,0,3,"[03:05:00,03:25:00)",2,0,2016-10-04,3,5,True
2016-10-04 03:25:00,13,0,3,"[03:25:00,03:45:00)",2,0,2016-10-04,3,25,True
2016-10-04 03:45:00,13,0,3,"[03:45:00,04:05:00)",2,0,2016-10-04,3,45,True
2016-10-04 04:05:00,15,0,3,"[04:05:00,04:25:00)",2,0,2016-10-04,4,5,True
2016-10-04 04:25:00,14,0,3,"[04:25:00,04:45:00)",2,0,2016-10-04,4,25,True
2016-10-04 04:45:00,10,0,3,"[04:45:00,05:05:00)",2,0,2016-10-04,4,45,True
2016-10-04 05:05:00,16,0,3,"[05:05:00,05:25:00)",2,0,2016-10-04,5,5,True
2016-10-04 05:25:00,19,0,3,"[05:25:00,05:45:00)",2,0,2016-10-04,5,25,True
2016-10-04 05:45:00,29,0,3,"[05:45:00,06:05:00)",2,0,2016-10-04,5,45,True
2016-10-04 06:05:00,36,0,3,"[06:05:00,06:25:00)",2,0,2016-10-04,6,5,True
2016-10-04 06:25:00,64,0,3,"[06:25:00,06:45:00)",2,0,2016-10-04,6,25,True
2016-10-04 06:45:00,85,0,3,"[06:45:00,07:05:00)",2,0,2016-10-04,6,45,True
2016-10-04 07:05:00,102,0,3,"[07:05:00,07:25:00)",2,0,2016-10-04,7,5,True
2016-10-04 07:25:00,88,0,3,"[07:25:00,07:45:00)",2,0,2016-10-04,7,25,True
2016-10-04 07:45:00,126,0,3,"[07:45:00,08:05:00)",2,0,2016-10-04,7,45,True
2016-10-04 08:05:00,124,0,3,"[08:05:00,08:25:00)",2,0,2016-10-04,8,5,True
2016-10-04 08:25:00,126,0,3,"[08:25:00,08:45:00)",2,0,2016-10-04,8,25,True
2016-10-04 08:45:00,176,0,3,"[08:45:00,09:05:00)",2,0,2016-10-04,8,45,True
2016-10-04 09:05:00,158,0,3,"[09:05:00,09:25:00)",2,0,2016-10-04,9,5,True
2016-10-04 09:25:00,146,0,3,"[09:25:00,09:45:00)",2,0,2016-10-04,9,25,True
2016-10-04 09:45:00,115,0,3,"[09:45:00,10:05:00)",2,0,2016-10-04,9,45,True
2016-10-04 10:05:00,122,0,3,"[10:05:00,10:25:00)",2,0,2016-10-04,10,5,True
2016-10-04 10:25:00,147,0,3,"[10:25:00,10:45:00)",2,0,2016-10-04,10,25,True
2016-10-04 10:45:00,127,0,3,"[10:45:00,11:05:00)",2,0,2016-10-04,10,45,True
2016-10-04 11:05:00,115,0,3,"[11:05:00,11:25:00)",2,0,2016-10-04,11,5,True
2016-10-04 11:25:00,111,0,3,"[11:25:00,11:45:00)",2,0,2016-10-04,11,25,True
2016-10-04 11:45:00,107,0,3,"[11:45:00,12:05:00)",2,0,2016-10-04,11,45,True
2016-10-04 12:05:00,111,0,3,"[12:05:00,12:25:00)",2,0,2016-10-04,12,5,True
2016-10-04 12:25:00,120,0,3,"[12:25:00,12:45:00)",2,0,2016-10-04,12,25,True
2016-10-04 12:45:00,137,0,3,"[12:45:00,13:05:00)",2,0,2016-10-04,12,45,True
2016-10-04 13:05:00,153,0,3,"[13:05:00,13:25:00)",2,0,2016-10-04,13,5,True
2016-10-04 13:25:00,149,0,3,"[13:25:00,13:45:00)",2,0,2016-10-04,13,25,True
2016-10-04 13:45:00,153,0,3,"[13:45:00,14:05:00)",2,0,2016-10-04,13,45,True
2016-10-04 14:05:00,151,0,3,"[14:05:00,14:25:00)",2,0,2016-10-04,14,5,True
2016-10-04 14:25:00,172,0,3,"[14:25:00,14:45:00)",2,0,2016-10-04,14,25,True
2016-10-04 14:45:00,147,0,3,"[14:45:00,15:05:00)",2,0,2016-10-04,14,45,True
2016-10-04 15:05:00,158,0,3,"[15:05:00,15:25:00)",2,0,2016-10-04,15,5,True
2016-10-04 15:25:00,138,0,3,"[15:25:00,15:45:00)",2,0,2016-10-04,15,25,True
2016-10-04 15:45:00,138,0,3,"[15:45:00,16:05:00)",2,0,2016-10-04,15,45,True
2016-10-04 16:05:00,141,0,3,"[16:05:00,16:25:00)",2,0,2016-10-04,16,5,True
2016-10-04 16:25:00,139,0,3,"[16:25:00,16:45:00)",2,0,2016-10-04,16,25,True
2016-10-04 16:45:00,152,0,3,"[16:45:00,17:05:00)",2,0,2016-10-04,16,45,True
2016-10-04 17:05:00,137,0,3,"[17:05:00,17:25:00)",2,0,2016-10-04,17,5,True
2016-10-04 17:25:00,91,0,3,"[17:25:00,17:45:00)",2,0,2016-10-04,17,25,True
2016-10-04 17:45:00,110,0,3,"[17:45:00,18:05:00)",2,0,2016-10-04,17,45,True
2016-10-04 18:05:00,111,0,3,"[18:05:00,18:25:00)",2,0,2016-10-04,18,5,True
2016-10-04 18:25:00,82,0,3,"[18:25:00,18:45:00)",2,0,2016-10-04,18,25,True
2016-10-04 18:45:00,100,0,3,"[18:45:00,19:05:00)",2,0,2016-10-04,18,45,True
2016-10-04 19:05:00,99,0,3,"[19:05:00,19:25:00)",2,0,2016-10-04,19,5,True
2016-10-04 19:25:00,82,0,3,"[19:25:00,19:45:00)",2,0,2016-10-04,19,25,True
2016-10-04 19:45:00,86,0,3,"[19:45:00,20:05:00)",2,0,2016-10-04,19,45,True
2016-10-04 20:05:00,69,0,3,"[20:05:00,20:25:00)",2,0,2016-10-04,20,5,True
2016-10-04 20:25:00,63,0,3,"[20:25:00,20:45:00)",2,0,2016-10-04,20,25,True
2016-10-04 20:45:00,68,0,3,"[20:45:00,21:05:00)",2,0,2016-10-04,20,45,True
2016-10-04 21:05:00,66,0,3,"[21:05:00,21:25:00)",2,0,2016-10-04,21,5,True
2016-10-04 21:25:00,56,0,3,"[21:25:00,21:45:00)",2,0,2016-10-04,21,25,True
2016-10-04 21:45:00,40,0,3,"[21:45:00,22:05:00)",2,0,2016-10-04,21,45,True
2016-10-04 22:05:00,30,0,3,"[22:05:00,22:25:00)",2,0,2016-10-04,22,5,True
2016-10-04 22:25:00,21,0,3,"[22:25:00,22:45:00)",2,0,2016-10-04,22,25,True
2016-10-04 22:45:00,29,0,3,"[22:45:00,23:05:00)",2,0,2016-10-04,22,45,True
2016-10-04 23:05:00,35,0,3,"[23:05:00,23:25:00)",2,0,2016-10-04,23,5,True
2016-10-04 23:25:00,33,0,3,"[23:25:00,23:45:00)",2,0,2016-10-04,23,25,True
2016-10-04 23:45:00,14,0,3,"[23:45:00,00:00:00)",2,0,2016-10-04,23,45,True
2016-10-05 00:05:00,18,0,3,"[00:05:00,00:25:00)",3,0,2016-10-05,0,5,True
2016-10-05 00:25:00,14,0,3,"[00:25:00,00:45:00)",3,0,2016-10-05,0,25,True
2016-10-05 00:45:00,18,0,3,"[00:45:00,01:05:00)",3,0,2016-10-05,0,45,True
2016-10-05 01:05:00,26,0,3,"[01:05:00,01:25:00)",3,0,2016-10-05,1,5,True
2016-10-05 01:25:00,22,0,3,"[01:25:00,01:45:00)",3,0,2016-10-05,1,25,True
2016-10-05 01:45:00,23,0,3,"[01:45:00,02:05:00)",3,0,2016-10-05,1,45,True
2016-10-05 02:05:00,24,0,3,"[02:05:00,02:25:00)",3,0,2016-10-05,2,5,True
2016-10-05 02:25:00,18,0,3,"[02:25:00,02:45:00)",3,0,2016-10-05,2,25,True
2016-10-05 02:45:00,21,0,3,"[02:45:00,03:05:00)",3,0,2016-10-05,2,45,True
2016-10-05 03:05:00,18,0,3,"[03:05:00,03:25:00)",3,0,2016-10-05,3,5,True
2016-10-05 03:25:00,11,0,3,"[03:25:00,03:45:00)",3,0,2016-10-05,3,25,True
2016-10-05 03:45:00,8,0,3,"[03:45:00,04:05:00)",3,0,2016-10-05,3,45,True
2016-10-05 04:05:00,17,0,3,"[04:05:00,04:25:00)",3,0,2016-10-05,4,5,True
2016-10-05 04:25:00,15,0,3,"[04:25:00,04:45:00)",3,0,2016-10-05,4,25,True
2016-10-05 04:45:00,15,0,3,"[04:45:00,05:05:00)",3,0,2016-10-05,4,45,True
2016-10-05 05:05:00,15,0,3,"[05:05:00,05:25:00)",3,0,2016-10-05,5,5,True
2016-10-05 05:25:00,21,0,3,"[05:25:00,05:45:00)",3,0,2016-10-05,5,25,True
2016-10-05 05:45:00,23,0,3,"[05:45:00,06:05:00)",3,0,2016-10-05,5,45,True
2016-10-05 06:05:00,48,0,3,"[06:05:00,06:25:00)",3,0,2016-10-05,6,5,True
2016-10-05 06:25:00,65,0,3,"[06:25:00,06:45:00)",3,0,2016-10-05,6,25,True
2016-10-05 06:45:00,102,0,3,"[06:45:00,07:05:00)",3,0,2016-10-05,6,45,True
2016-10-05 07:05:00,104,0,3,"[07:05:00,07:25:00)",3,0,2016-10-05,7,5,True
2016-10-05 07:25:00,110,0,3,"[07:25:00,07:45:00)",3,0,2016-10-05,7,25,True
2016-10-05 07:45:00,129,0,3,"[07:45:00,08:05:00)",3,0,2016-10-05,7,45,True
2016-10-05 08:05:00,144,0,3,"[08:05:00,08:25:00)",3,0,2016-10-05,8,5,True
2016-10-05 08:25:00,149,0,3,"[08:25:00,08:45:00)",3,0,2016-10-05,8,25,True
2016-10-05 08:45:00,158,0,3,"[08:45:00,09:05:00)",3,0,2016-10-05,8,45,True
2016-10-05 09:05:00,169,0,3,"[09:05:00,09:25:00)",3,0,2016-10-05,9,5,True
2016-10-05 09:25:00,142,0,3,"[09:25:00,09:45:00)",3,0,2016-10-05,9,25,True
2016-10-05 09:45:00,101,0,3,"[09:45:00,10:05:00)",3,0,2016-10-05,9,45,True
2016-10-05 10:05:00,125,0,3,"[10:05:00,10:25:00)",3,0,2016-10-05,10,5,True
2016-10-05 10:25:00,123,0,3,"[10:25:00,10:45:00)",3,0,2016-10-05,10,25,True
2016-10-05 10:45:00,162,0,3,"[10:45:00,11:05:00)",3,0,2016-10-05,10,45,True
2016-10-05 11:05:00,161,0,3,"[11:05:00,11:25:00)",3,0,2016-10-05,11,5,True
2016-10-05 11:25:00,116,0,3,"[11:25:00,11:45:00)",3,0,2016-10-05,11,25,True
2016-10-05 11:45:00,78,0,3,"[11:45:00,12:05:00)",3,0,2016-10-05,11,45,True
2016-10-05 12:05:00,104,0,3,"[12:05:00,12:25:00)",3,0,2016-10-05,12,5,True
2016-10-05 12:25:00,121,0,3,"[12:25:00,12:45:00)",3,0,2016-10-05,12,25,True
2016-10-05 12:45:00,163,0,3,"[12:45:00,13:05:00)",3,0,2016-10-05,12,45,True
2016-10-05 13:05:00,124,0,3,"[13:05:00,13:25:00)",3,0,2016-10-05,13,5,True
2016-10-05 13:25:00,142,0,3,"[13:25:00,13:45:00)",3,0,2016-10-05,13,25,True
2016-10-05 13:45:00,146,0,3,"[13:45:00,14:05:00)",3,0,2016-10-05,13,45,True
2016-10-05 14:05:00,135,0,3,"[14:05:00,14:25:00)",3,0,2016-10-05,14,5,True
2016-10-05 14:25:00,156,0,3,"[14:25:00,14:45:00)",3,0,2016-10-05,14,25,True
2016-10-05 14:45:00,170,0,3,"[14:45:00,15:05:00)",3,0,2016-10-05,14,45,True
2016-10-05 15:05:00,159,0,3,"[15:05:00,15:25:00)",3,0,2016-10-05,15,5,True
2016-10-05 15:25:00,199,0,3,"[15:25:00,15:45:00)",3,0,2016-10-05,15,25,True
2016-10-05 15:45:00,165,0,3,"[15:45:00,16:05:00)",3,0,2016-10-05,15,45,True
2016-10-05 16:05:00,166,0,3,"[16:05:00,16:25:00)",3,0,2016-10-05,16,5,True
2016-10-05 16:25:00,149,0,3,"[16:25:00,16:45:00)",3,0,2016-10-05,16,25,True
2016-10-05 16:45:00,178,0,3,"[16:45:00,17:05:00)",3,0,2016-10-05,16,45,True
2016-10-05 17:05:00,154,0,3,"[17:05:00,17:25:00)",3,0,2016-10-05,17,5,True
2016-10-05 17:25:00,113,0,3,"[17:25:00,17:45:00)",3,0,2016-10-05,17,25,True
2016-10-05 17:45:00,116,0,3,"[17:45:00,18:05:00)",3,0,2016-10-05,17,45,True
2016-10-05 18:05:00,104,0,3,"[18:05:00,18:25:00)",3,0,2016-10-05,18,5,True
2016-10-05 18:25:00,98,0,3,"[18:25:00,18:45:00)",3,0,2016-10-05,18,25,True
2016-10-05 18:45:00,94,0,3,"[18:45:00,19:05:00)",3,0,2016-10-05,18,45,True
2016-10-05 19:05:00,99,0,3,"[19:05:00,19:25:00)",3,0,2016-10-05,19,5,True
2016-10-05 19:25:00,66,0,3,"[19:25:00,19:45:00)",3,0,2016-10-05,19,25,True
2016-10-05 19:45:00,91,0,3,"[19:45:00,20:05:00)",3,0,2016-10-05,19,45,True
2016-10-05 20:05:00,86,0,3,"[20:05:00,20:25:00)",3,0,2016-10-05,20,5,True
2016-10-05 20:25:00,100,0,3,"[20:25:00,20:45:00)",3,0,2016-10-05,20,25,True
2016-10-05 20:45:00,85,0,3,"[20:45:00,21:05:00)",3,0,2016-10-05,20,45,True
2016-10-05 21:05:00,84,0,3,"[21:05:00,21:25:00)",3,0,2016-10-05,21,5,True
2016-10-05 21:25:00,76,0,3,"[21:25:00,21:45:00)",3,0,2016-10-05,21,25,True
2016-10-05 21:45:00,49,0,3,"[21:45:00,22:05:00)",3,0,2016-10-05,21,45,True
2016-10-05 22:05:00,47,0,3,"[22:05:00,22:25:00)",3,0,2016-10-05,22,5,True
2016-10-05 22:25:00,37,0,3,"[22:25:00,22:45:00)",3,0,2016-10-05,22,25,True
2016-10-05 22:45:00,36,0,3,"[22:45:00,23:05:00)",3,0,2016-10-05,22,45,True
2016-10-05 23:05:00,2,0,3,"[23:05:00,23:25:00)",3,0,2016-10-05,23,5,True
2016-10-05 23:25:00,8,0,3,"[23:25:00,23:45:00)",3,0,2016-10-05,23,25,True
2016-10-05 23:45:00,24,0,3,"[23:45:00,00:00:00)",3,0,2016-10-05,23,45,True
2016-10-06 00:05:00,20,0,3,"[00:05:00,00:25:00)",4,0,2016-10-06,0,5,True
2016-10-06 00:25:00,18,0,3,"[00:25:00,00:45:00)",4,0,2016-10-06,0,25,True
2016-10-06 00:45:00,26,0,3,"[00:45:00,01:05:00)",4,0,2016-10-06,0,45,True
2016-10-06 01:05:00,28,0,3,"[01:05:00,01:25:00)",4,0,2016-10-06,1,5,True
2016-10-06 01:25:00,20,0,3,"[01:25:00,01:45:00)",4,0,2016-10-06,1,25,True
2016-10-06 01:45:00,8,0,3,"[01:45:00,02:05:00)",4,0,2016-10-06,1,45,True
2016-10-06 02:05:00,17,0,3,"[02:05:00,02:25:00)",4,0,2016-10-06,2,5,True
2016-10-06 02:25:00,16,0,3,"[02:25:00,02:45:00)",4,0,2016-10-06,2,25,True
2016-10-06 02:45:00,21,0,3,"[02:45:00,03:05:00)",4,0,2016-10-06,2,45,True
2016-10-06 03:05:00,10,0,3,"[03:05:00,03:25:00)",4,0,2016-10-06,3,5,True
2016-10-06 03:25:00,19,0,3,"[03:25:00,03:45:00)",4,0,2016-10-06,3,25,True
2016-10-06 03:45:00,4,0,3,"[03:45:00,04:05:00)",4,0,2016-10-06,3,45,True
2016-10-06 04:05:00,17,0,3,"[04:05:00,04:25:00)",4,0,2016-10-06,4,5,True
2016-10-06 04:25:00,15,0,3,"[04:25:00,04:45:00)",4,0,2016-10-06,4,25,True
2016-10-06 04:45:00,12,0,3,"[04:45:00,05:05:00)",4,0,2016-10-06,4,45,True
2016-10-06 05:05:00,19,0,3,"[05:05:00,05:25:00)",4,0,2016-10-06,5,5,True
2016-10-06 05:25:00,27,0,3,"[05:25:00,05:45:00)",4,0,2016-10-06,5,25,True
2016-10-06 05:45:00,33,0,3,"[05:45:00,06:05:00)",4,0,2016-10-06,5,45,True
2016-10-06 06:05:00,46,0,3,"[06:05:00,06:25:00)",4,0,2016-10-06,6,5,True
2016-10-06 06:25:00,57,0,3,"[06:25:00,06:45:00)",4,0,2016-10-06,6,25,True
2016-10-06 06:45:00,82,0,3,"[06:45:00,07:05:00)",4,0,2016-10-06,6,45,True
2016-10-06 07:05:00,118,0,3,"[07:05:00,07:25:00)",4,0,2016-10-06,7,5,True
2016-10-06 07:25:00,136,0,3,"[07:25:00,07:45:00)",4,0,2016-10-06,7,25,True
2016-10-06 07:45:00,117,0,3,"[07:45:00,08:05:00)",4,0,2016-10-06,7,45,True
2016-10-06 08:05:00,137,0,3,"[08:05:00,08:25:00)",4,0,2016-10-06,8,5,True
2016-10-06 08:25:00,138,0,3,"[08:25:00,08:45:00)",4,0,2016-10-06,8,25,True
2016-10-06 08:45:00,124,0,3,"[08:45:00,09:05:00)",4,0,2016-10-06,8,45,True
2016-10-06 09:05:00,155,0,3,"[09:05:00,09:25:00)",4,0,2016-10-06,9,5,True
2016-10-06 09:25:00,159,0,3,"[09:25:00,09:45:00)",4,0,2016-10-06,9,25,True
2016-10-06 09:45:00,169,0,3,"[09:45:00,10:05:00)",4,0,2016-10-06,9,45,True
2016-10-06 10:05:00,158,0,3,"[10:05:00,10:25:00)",4,0,2016-10-06,10,5,True
2016-10-06 10:25:00,104,0,3,"[10:25:00,10:45:00)",4,0,2016-10-06,10,25,True
2016-10-06 10:45:00,96,0,3,"[10:45:00,11:05:00)",4,0,2016-10-06,10,45,True
2016-10-06 11:05:00,111,0,3,"[11:05:00,11:25:00)",4,0,2016-10-06,11,5,True
2016-10-06 11:25:00,93,0,3,"[11:25:00,11:45:00)",4,0,2016-10-06,11,25,True
2016-10-06 11:45:00,105,0,3,"[11:45:00,12:05:00)",4,0,2016-10-06,11,45,True
2016-10-06 12:05:00,94,0,3,"[12:05:00,12:25:00)",4,0,2016-10-06,12,5,True
2016-10-06 12:25:00,93,0,3,"[12:25:00,12:45:00)",4,0,2016-10-06,12,25,True
2016-10-06 12:45:00,99,0,3,"[12:45:00,13:05:00)",4,0,2016-10-06,12,45,True
2016-10-06 13:05:00,122,0,3,"[13:05:00,13:25:00)",4,0,2016-10-06,13,5,True
2016-10-06 13:25:00,108,0,3,"[13:25:00,13:45:00)",4,0,2016-10-06,13,25,True
2016-10-06 13:45:00,100,0,3,"[13:45:00,14:05:00)",4,0,2016-10-06,13,45,True
2016-10-06 14:05:00,124,0,3,"[14:05:00,14:25:00)",4,0,2016-10-06,14,5,True
2016-10-06 14:25:00,123,0,3,"[14:25:00,14:45:00)",4,0,2016-10-06,14,25,True
2016-10-06 14:45:00,150,0,3,"[14:45:00,15:05:00)",4,0,2016-10-06,14,45,True
2016-10-06 15:05:00,119,0,3,"[15:05:00,15:25:00)",4,0,2016-10-06,15,5,True
2016-10-06 15:25:00,86,0,3,"[15:25:00,15:45:00)",4,0,2016-10-06,15,25,True
2016-10-06 15:45:00,112,0,3,"[15:45:00,16:05:00)",4,0,2016-10-06,15,45,True
2016-10-06 16:05:00,110,0,3,"[16:05:00,16:25:00)",4,0,2016-10-06,16,5,True
2016-10-06 16:25:00,110,0,3,"[16:25:00,16:45:00)",4,0,2016-10-06,16,25,True
2016-10-06 16:45:00,104,0,3,"[16:45:00,17:05:00)",4,0,2016-10-06,16,45,True
2016-10-06 17:05:00,101,0,3,"[17:05:00,17:25:00)",4,0,2016-10-06,17,5,True
2016-10-06 17:25:00,101,0,3,"[17:25:00,17:45:00)",4,0,2016-10-06,17,25,True
2016-10-06 17:45:00,106,0,3,"[17:45:00,18:05:00)",4,0,2016-10-06,17,45,True
2016-10-06 18:05:00,85,0,3,"[18:05:00,18:25:00)",4,0,2016-10-06,18,5,True
2016-10-06 18:25:00,75,0,3,"[18:25:00,18:45:00)",4,0,2016-10-06,18,25,True
2016-10-06 18:45:00,61,0,3,"[18:45:00,19:05:00)",4,0,2016-10-06,18,45,True
2016-10-06 19:05:00,78,0,3,"[19:05:00,19:25:00)",4,0,2016-10-06,19,5,True
2016-10-06 19:25:00,91,0,3,"[19:25:00,19:45:00)",4,0,2016-10-06,19,25,True
2016-10-06 19:45:00,113,0,3,"[19:45:00,20:05:00)",4,0,2016-10-06,19,45,True
2016-10-06 20:05:00,115,0,3,"[20:05:00,20:25:00)",4,0,2016-10-06,20,5,True
2016-10-06 20:25:00,93,0,3,"[20:25:00,20:45:00)",4,0,2016-10-06,20,25,True
2016-10-06 20:45:00,78,0,3,"[20:45:00,21:05:00)",4,0,2016-10-06,20,45,True
2016-10-06 21:05:00,68,0,3,"[21:05:00,21:25:00)",4,0,2016-10-06,21,5,True
2016-10-06 21:25:00,76,0,3,"[21:25:00,21:45:00)",4,0,2016-10-06,21,25,True
2016-10-06 21:45:00,38,0,3,"[21:45:00,22:05:00)",4,0,2016-10-06,21,45,True
2016-10-06 22:05:00,38,0,3,"[22:05:00,22:25:00)",4,0,2016-10-06,22,5,True
2016-10-06 22:25:00,51,0,3,"[22:25:00,22:45:00)",4,0,2016-10-06,22,25,True
2016-10-06 22:45:00,24,0,3,"[22:45:00,23:05:00)",4,0,2016-10-06,22,45,True
2016-10-06 23:05:00,46,0,3,"[23:05:00,23:25:00)",4,0,2016-10-06,23,5,True
2016-10-06 23:25:00,40,0,3,"[23:25:00,23:45:00)",4,0,2016-10-06,23,25,True
2016-10-06 23:45:00,12,0,3,"[23:45:00,00:00:00)",4,0,2016-10-06,23,45,True
2016-10-07 00:05:00,17,0,3,"[00:05:00,00:25:00)",5,0,2016-10-07,0,5,True
2016-10-07 00:25:00,26,0,3,"[00:25:00,00:45:00)",5,0,2016-10-07,0,25,True
2016-10-07 00:45:00,20,0,3,"[00:45:00,01:05:00)",5,0,2016-10-07,0,45,True
2016-10-07 01:05:00,28,0,3,"[01:05:00,01:25:00)",5,0,2016-10-07,1,5,True
2016-10-07 01:25:00,17,0,3,"[01:25:00,01:45:00)",5,0,2016-10-07,1,25,True
2016-10-07 01:45:00,17,0,3,"[01:45:00,02:05:00)",5,0,2016-10-07,1,45,True
2016-10-07 02:05:00,22,0,3,"[02:05:00,02:25:00)",5,0,2016-10-07,2,5,True
2016-10-07 02:25:00,17,0,3,"[02:25:00,02:45:00)",5,0,2016-10-07,2,25,True
2016-10-07 02:45:00,18,0,3,"[02:45:00,03:05:00)",5,0,2016-10-07,2,45,True
2016-10-07 03:05:00,17,0,3,"[03:05:00,03:25:00)",5,0,2016-10-07,3,5,True
2016-10-07 03:25:00,15,0,3,"[03:25:00,03:45:00)",5,0,2016-10-07,3,25,True
2016-10-07 03:45:00,17,0,3,"[03:45:00,04:05:00)",5,0,2016-10-07,3,45,True
2016-10-07 04:05:00,23,0,3,"[04:05:00,04:25:00)",5,0,2016-10-07,4,5,True
2016-10-07 04:25:00,18,0,3,"[04:25:00,04:45:00)",5,0,2016-10-07,4,25,True
2016-10-07 04:45:00,8,0,3,"[04:45:00,05:05:00)",5,0,2016-10-07,4,45,True
2016-10-07 05:05:00,10,0,3,"[05:05:00,05:25:00)",5,0,2016-10-07,5,5,True
2016-10-07 05:25:00,25,0,3,"[05:25:00,05:45:00)",5,0,2016-10-07,5,25,True
2016-10-07 05:45:00,29,0,3,"[05:45:00,06:05:00)",5,0,2016-10-07,5,45,True
2016-10-07 06:05:00,65,0,3,"[06:05:00,06:25:00)",5,0,2016-10-07,6,5,True
2016-10-07 06:25:00,67,0,3,"[06:25:00,06:45:00)",5,0,2016-10-07,6,25,True
2016-10-07 06:45:00,85,0,3,"[06:45:00,07:05:00)",5,0,2016-10-07,6,45,True
2016-10-07 07:05:00,94,0,3,"[07:05:00,07:25:00)",5,0,2016-10-07,7,5,True
2016-10-07 07:25:00,136,0,3,"[07:25:00,07:45:00)",5,0,2016-10-07,7,25,True
2016-10-07 07:45:00,121,0,3,"[07:45:00,08:05:00)",5,0,2016-10-07,7,45,True
2016-10-07 08:05:00,147,0,3,"[08:05:00,08:25:00)",5,0,2016-10-07,8,5,True
2016-10-07 08:25:00,137,0,3,"[08:25:00,08:45:00)",5,0,2016-10-07,8,25,True
2016-10-07 08:45:00,127,0,3,"[08:45:00,09:05:00)",5,0,2016-10-07,8,45,True
2016-10-07 09:05:00,128,0,3,"[09:05:00,09:25:00)",5,0,2016-10-07,9,5,True
2016-10-07 09:25:00,134,0,3,"[09:25:00,09:45:00)",5,0,2016-10-07,9,25,True
2016-10-07 09:45:00,157,0,3,"[09:45:00,10:05:00)",5,0,2016-10-07,9,45,True
2016-10-07 10:05:00,125,0,3,"[10:05:00,10:25:00)",5,0,2016-10-07,10,5,True
2016-10-07 10:25:00,103,0,3,"[10:25:00,10:45:00)",5,0,2016-10-07,10,25,True
2016-10-07 10:45:00,90,0,3,"[10:45:00,11:05:00)",5,0,2016-10-07,10,45,True
2016-10-07 11:05:00,97,0,3,"[11:05:00,11:25:00)",5,0,2016-10-07,11,5,True
2016-10-07 11:25:00,105,0,3,"[11:25:00,11:45:00)",5,0,2016-10-07,11,25,True
2016-10-07 11:45:00,100,0,3,"[11:45:00,12:05:00)",5,0,2016-10-07,11,45,True
2016-10-07 12:05:00,108,0,3,"[12:05:00,12:25:00)",5,0,2016-10-07,12,5,True
2016-10-07 12:25:00,104,0,3,"[12:25:00,12:45:00)",5,0,2016-10-07,12,25,True
2016-10-07 12:45:00,124,0,3,"[12:45:00,13:05:00)",5,0,2016-10-07,12,45,True
2016-10-07 13:05:00,112,0,3,"[13:05:00,13:25:00)",5,0,2016-10-07,13,5,True
2016-10-07 13:25:00,120,0,3,"[13:25:00,13:45:00)",5,0,2016-10-07,13,25,True
2016-10-07 13:45:00,125,0,3,"[13:45:00,14:05:00)",5,0,2016-10-07,13,45,True
2016-10-07 14:05:00,147,0,3,"[14:05:00,14:25:00)",5,0,2016-10-07,14,5,True
2016-10-07 14:25:00,128,0,3,"[14:25:00,14:45:00)",5,0,2016-10-07,14,25,True
2016-10-07 14:45:00,157,0,3,"[14:45:00,15:05:00)",5,0,2016-10-07,14,45,True
2016-10-07 15:05:00,144,0,3,"[15:05:00,15:25:00)",5,0,2016-10-07,15,5,True
2016-10-07 15:25:00,140,0,3,"[15:25:00,15:45:00)",5,0,2016-10-07,15,25,True
2016-10-07 15:45:00,157,0,3,"[15:45:00,16:05:00)",5,0,2016-10-07,15,45,True
2016-10-07 16:05:00,125,0,3,"[16:05:00,16:25:00)",5,0,2016-10-07,16,5,True
2016-10-07 16:25:00,141,0,3,"[16:25:00,16:45:00)",5,0,2016-10-07,16,25,True
2016-10-07 16:45:00,131,0,3,"[16:45:00,17:05:00)",5,0,2016-10-07,16,45,True
2016-10-07 17:05:00,130,0,3,"[17:05:00,17:25:00)",5,0,2016-10-07,17,5,True
2016-10-07 17:25:00,112,0,3,"[17:25:00,17:45:00)",5,0,2016-10-07,17,25,True
2016-10-07 17:45:00,125,0,3,"[17:45:00,18:05:00)",5,0,2016-10-07,17,45,True
2016-10-07 18:05:00,89,0,3,"[18:05:00,18:25:00)",5,0,2016-10-07,18,5,True
2016-10-07 18:25:00,88,0,3,"[18:25:00,18:45:00)",5,0,2016-10-07,18,25,True
2016-10-07 18:45:00,82,0,3,"[18:45:00,19:05:00)",5,0,2016-10-07,18,45,True
2016-10-07 19:05:00,104,0,3,"[19:05:00,19:25:00)",5,0,2016-10-07,19,5,True
2016-10-07 19:25:00,130,0,3,"[19:25:00,19:45:00)",5,0,2016-10-07,19,25,True
2016-10-07 19:45:00,86,0,3,"[19:45:00,20:05:00)",5,0,2016-10-07,19,45,True
2016-10-07 20:05:00,82,0,3,"[20:05:00,20:25:00)",5,0,2016-10-07,20,5,True
2016-10-07 20:25:00,86,0,3,"[20:25:00,20:45:00)",5,0,2016-10-07,20,25,True
2016-10-07 20:45:00,62,0,3,"[20:45:00,21:05:00)",5,0,2016-10-07,20,45,True
2016-10-07 21:05:00,60,0,3,"[21:05:00,21:25:00)",5,0,2016-10-07,21,5,True
2016-10-07 21:25:00,52,0,3,"[21:25:00,21:45:00)",5,0,2016-10-07,21,25,True
2016-10-07 21:45:00,22,0,3,"[21:45:00,22:05:00)",5,0,2016-10-07,21,45,True
2016-10-07 22:05:00,27,0,3,"[22:05:00,22:25:00)",5,0,2016-10-07,22,5,True
2016-10-07 22:25:00,25,0,3,"[22:25:00,22:45:00)",5,0,2016-10-07,22,25,True
2016-10-07 22:45:00,35,0,3,"[22:45:00,23:05:00)",5,0,2016-10-07,22,45,True
2016-10-07 23:05:00,23,0,3,"[23:05:00,23:25:00)",5,0,2016-10-07,23,5,True
2016-10-07 23:25:00,26,0,3,"[23:25:00,23:45:00)",5,0,2016-10-07,23,25,True
2016-10-07 23:45:00,44,0,3,"[23:45:00,00:00:00)",5,0,2016-10-07,23,45,True
2016-10-08 00:05:00,20,0,3,"[00:05:00,00:25:00)",6,1,2016-10-08,0,5,False
2016-10-08 00:25:00,15,0,3,"[00:25:00,00:45:00)",6,1,2016-10-08,0,25,False
2016-10-08 00:45:00,14,0,3,"[00:45:00,01:05:00)",6,1,2016-10-08,0,45,False
2016-10-08 01:05:00,19,0,3,"[01:05:00,01:25:00)",6,1,2016-10-08,1,5,False
2016-10-08 01:25:00,13,0,3,"[01:25:00,01:45:00)",6,1,2016-10-08,1,25,False
2016-10-08 01:45:00,12,0,3,"[01:45:00,02:05:00)",6,1,2016-10-08,1,45,False
2016-10-08 02:05:00,7,0,3,"[02:05:00,02:25:00)",6,1,2016-10-08,2,5,False
2016-10-08 02:25:00,13,0,3,"[02:25:00,02:45:00)",6,1,2016-10-08,2,25,False
2016-10-08 02:45:00,17,0,3,"[02:45:00,03:05:00)",6,1,2016-10-08,2,45,False
2016-10-08 03:05:00,7,0,3,"[03:05:00,03:25:00)",6,1,2016-10-08,3,5,False
2016-10-08 03:25:00,10,0,3,"[03:25:00,03:45:00)",6,1,2016-10-08,3,25,False
2016-10-08 03:45:00,11,0,3,"[03:45:00,04:05:00)",6,1,2016-10-08,3,45,False
2016-10-08 04:05:00,9,0,3,"[04:05:00,04:25:00)",6,1,2016-10-08,4,5,False
2016-10-08 04:25:00,15,0,3,"[04:25:00,04:45:00)",6,1,2016-10-08,4,25,False
2016-10-08 04:45:00,13,0,3,"[04:45:00,05:05:00)",6,1,2016-10-08,4,45,False
2016-10-08 05:05:00,14,0,3,"[05:05:00,05:25:00)",6,1,2016-10-08,5,5,False
2016-10-08 05:25:00,11,0,3,"[05:25:00,05:45:00)",6,1,2016-10-08,5,25,False
2016-10-08 05:45:00,18,0,3,"[05:45:00,06:05:00)",6,1,2016-10-08,5,45,False
2016-10-08 06:05:00,34,0,3,"[06:05:00,06:25:00)",6,1,2016-10-08,6,5,False
2016-10-08 06:25:00,56,0,3,"[06:25:00,06:45:00)",6,1,2016-10-08,6,25,False
2016-10-08 06:45:00,84,0,3,"[06:45:00,07:05:00)",6,1,2016-10-08,6,45,False
2016-10-08 07:05:00,124,0,3,"[07:05:00,07:25:00)",6,1,2016-10-08,7,5,False
2016-10-08 07:25:00,131,0,3,"[07:25:00,07:45:00)",6,1,2016-10-08,7,25,False
2016-10-08 07:45:00,142,0,3,"[07:45:00,08:05:00)",6,1,2016-10-08,7,45,False
2016-10-08 08:05:00,134,0,3,"[08:05:00,08:25:00)",6,1,2016-10-08,8,5,False
2016-10-08 08:25:00,164,0,3,"[08:25:00,08:45:00)",6,1,2016-10-08,8,25,False
2016-10-08 08:45:00,137,0,3,"[08:45:00,09:05:00)",6,1,2016-10-08,8,45,False
2016-10-08 09:05:00,151,0,3,"[09:05:00,09:25:00)",6,1,2016-10-08,9,5,False
2016-10-08 09:25:00,131,0,3,"[09:25:00,09:45:00)",6,1,2016-10-08,9,25,False
2016-10-08 09:45:00,113,0,3,"[09:45:00,10:05:00)",6,1,2016-10-08,9,45,False
2016-10-08 10:05:00,82,0,3,"[10:05:00,10:25:00)",6,1,2016-10-08,10,5,False
2016-10-08 10:25:00,115,0,3,"[10:25:00,10:45:00)",6,1,2016-10-08,10,25,False
2016-10-08 10:45:00,78,0,3,"[10:45:00,11:05:00)",6,1,2016-10-08,10,45,False
2016-10-08 11:05:00,72,0,3,"[11:05:00,11:25:00)",6,1,2016-10-08,11,5,False
2016-10-08 11:25:00,98,0,3,"[11:25:00,11:45:00)",6,1,2016-10-08,11,25,False
2016-10-08 11:45:00,86,0,3,"[11:45:00,12:05:00)",6,1,2016-10-08,11,45,False
2016-10-08 12:05:00,92,0,3,"[12:05:00,12:25:00)",6,1,2016-10-08,12,5,False
2016-10-08 12:25:00,79,0,3,"[12:25:00,12:45:00)",6,1,2016-10-08,12,25,False
2016-10-08 12:45:00,91,0,3,"[12:45:00,13:05:00)",6,1,2016-10-08,12,45,False
2016-10-08 13:05:00,97,0,3,"[13:05:00,13:25:00)",6,1,2016-10-08,13,5,False
2016-10-08 13:25:00,103,0,3,"[13:25:00,13:45:00)",6,1,2016-10-08,13,25,False
2016-10-08 13:45:00,103,0,3,"[13:45:00,14:05:00)",6,1,2016-10-08,13,45,False
2016-10-08 14:05:00,94,0,3,"[14:05:00,14:25:00)",6,1,2016-10-08,14,5,False
2016-10-08 14:25:00,109,0,3,"[14:25:00,14:45:00)",6,1,2016-10-08,14,25,False
2016-10-08 14:45:00,96,0,3,"[14:45:00,15:05:00)",6,1,2016-10-08,14,45,False
2016-10-08 15:05:00,109,0,3,"[15:05:00,15:25:00)",6,1,2016-10-08,15,5,False
2016-10-08 15:25:00,90,0,3,"[15:25:00,15:45:00)",6,1,2016-10-08,15,25,False
2016-10-08 15:45:00,100,0,3,"[15:45:00,16:05:00)",6,1,2016-10-08,15,45,False
2016-10-08 16:05:00,118,0,3,"[16:05:00,16:25:00)",6,1,2016-10-08,16,5,False
2016-10-08 16:25:00,100,0,3,"[16:25:00,16:45:00)",6,1,2016-10-08,16,25,False
2016-10-08 16:45:00,98,0,3,"[16:45:00,17:05:00)",6,1,2016-10-08,16,45,False
2016-10-08 17:05:00,113,0,3,"[17:05:00,17:25:00)",6,1,2016-10-08,17,5,False
2016-10-08 17:25:00,114,0,3,"[17:25:00,17:45:00)",6,1,2016-10-08,17,25,False
2016-10-08 17:45:00,83,0,3,"[17:45:00,18:05:00)",6,1,2016-10-08,17,45,False
2016-10-08 18:05:00,71,0,3,"[18:05:00,18:25:00)",6,1,2016-10-08,18,5,False
2016-10-08 18:25:00,58,0,3,"[18:25:00,18:45:00)",6,1,2016-10-08,18,25,False
2016-10-08 18:45:00,52,0,3,"[18:45:00,19:05:00)",6,1,2016-10-08,18,45,False
2016-10-08 19:05:00,45,0,3,"[19:05:00,19:25:00)",6,1,2016-10-08,19,5,False
2016-10-08 19:25:00,60,0,3,"[19:25:00,19:45:00)",6,1,2016-10-08,19,25,False
2016-10-08 19:45:00,46,0,3,"[19:45:00,20:05:00)",6,1,2016-10-08,19,45,False
2016-10-08 20:05:00,36,0,3,"[20:05:00,20:25:00)",6,1,2016-10-08,20,5,False
2016-10-08 20:25:00,40,0,3,"[20:25:00,20:45:00)",6,1,2016-10-08,20,25,False
2016-10-08 20:45:00,39,0,3,"[20:45:00,21:05:00)",6,1,2016-10-08,20,45,False
2016-10-08 21:05:00,25,0,3,"[21:05:00,21:25:00)",6,1,2016-10-08,21,5,False
2016-10-08 21:25:00,33,0,3,"[21:25:00,21:45:00)",6,1,2016-10-08,21,25,False
2016-10-08 21:45:00,23,0,3,"[21:45:00,22:05:00)",6,1,2016-10-08,21,45,False
2016-10-08 22:05:00,17,0,3,"[22:05:00,22:25:00)",6,1,2016-10-08,22,5,False
2016-10-08 22:25:00,15,0,3,"[22:25:00,22:45:00)",6,1,2016-10-08,22,25,False
2016-10-08 22:45:00,13,0,3,"[22:45:00,23:05:00)",6,1,2016-10-08,22,45,False
2016-10-08 23:05:00,13,0,3,"[23:05:00,23:25:00)",6,1,2016-10-08,23,5,False
2016-10-08 23:25:00,7,0,3,"[23:25:00,23:45:00)",6,1,2016-10-08,23,25,False
2016-10-08 23:45:00,4,0,3,"[23:45:00,00:00:00)",6,1,2016-10-08,23,45,False
2016-10-09 00:05:00,11,0,3,"[00:05:00,00:25:00)",7,1,2016-10-09,0,5,False
2016-10-09 00:25:00,13,0,3,"[00:25:00,00:45:00)",7,1,2016-10-09,0,25,False
2016-10-09 00:45:00,15,0,3,"[00:45:00,01:05:00)",7,1,2016-10-09,0,45,False
2016-10-09 01:05:00,17,0,3,"[01:05:00,01:25:00)",7,1,2016-10-09,1,5,False
2016-10-09 01:25:00,17,0,3,"[01:25:00,01:45:00)",7,1,2016-10-09,1,25,False
2016-10-09 01:45:00,10,0,3,"[01:45:00,02:05:00)",7,1,2016-10-09,1,45,False
2016-10-09 02:05:00,13,0,3,"[02:05:00,02:25:00)",7,1,2016-10-09,2,5,False
2016-10-09 02:25:00,9,0,3,"[02:25:00,02:45:00)",7,1,2016-10-09,2,25,False
2016-10-09 02:45:00,16,0,3,"[02:45:00,03:05:00)",7,1,2016-10-09,2,45,False
2016-10-09 03:05:00,12,0,3,"[03:05:00,03:25:00)",7,1,2016-10-09,3,5,False
2016-10-09 03:25:00,12,0,3,"[03:25:00,03:45:00)",7,1,2016-10-09,3,25,False
2016-10-09 03:45:00,11,0,3,"[03:45:00,04:05:00)",7,1,2016-10-09,3,45,False
2016-10-09 04:05:00,14,0,3,"[04:05:00,04:25:00)",7,1,2016-10-09,4,5,False
2016-10-09 04:25:00,19,0,3,"[04:25:00,04:45:00)",7,1,2016-10-09,4,25,False
2016-10-09 04:45:00,13,0,3,"[04:45:00,05:05:00)",7,1,2016-10-09,4,45,False
2016-10-09 05:05:00,15,0,3,"[05:05:00,05:25:00)",7,1,2016-10-09,5,5,False
2016-10-09 05:25:00,18,0,3,"[05:25:00,05:45:00)",7,1,2016-10-09,5,25,False
2016-10-09 05:45:00,18,0,3,"[05:45:00,06:05:00)",7,1,2016-10-09,5,45,False
2016-10-09 06:05:00,27,0,3,"[06:05:00,06:25:00)",7,1,2016-10-09,6,5,False
2016-10-09 06:25:00,55,0,3,"[06:25:00,06:45:00)",7,1,2016-10-09,6,25,False
2016-10-09 06:45:00,77,0,3,"[06:45:00,07:05:00)",7,1,2016-10-09,6,45,False
2016-10-09 07:05:00,113,0,3,"[07:05:00,07:25:00)",7,1,2016-10-09,7,5,False
2016-10-09 07:25:00,110,0,3,"[07:25:00,07:45:00)",7,1,2016-10-09,7,25,False
2016-10-09 07:45:00,123,0,3,"[07:45:00,08:05:00)",7,1,2016-10-09,7,45,False
2016-10-09 08:05:00,144,0,3,"[08:05:00,08:25:00)",7,1,2016-10-09,8,5,False
2016-10-09 08:25:00,156,0,3,"[08:25:00,08:45:00)",7,1,2016-10-09,8,25,False
2016-10-09 08:45:00,135,0,3,"[08:45:00,09:05:00)",7,1,2016-10-09,8,45,False
2016-10-09 09:05:00,126,0,3,"[09:05:00,09:25:00)",7,1,2016-10-09,9,5,False
2016-10-09 09:25:00,106,0,3,"[09:25:00,09:45:00)",7,1,2016-10-09,9,25,False
2016-10-09 09:45:00,91,0,3,"[09:45:00,10:05:00)",7,1,2016-10-09,9,45,False
2016-10-09 10:05:00,106,0,3,"[10:05:00,10:25:00)",7,1,2016-10-09,10,5,False
2016-10-09 10:25:00,98,0,3,"[10:25:00,10:45:00)",7,1,2016-10-09,10,25,False
2016-10-09 10:45:00,106,0,3,"[10:45:00,11:05:00)",7,1,2016-10-09,10,45,False
2016-10-09 11:05:00,105,0,3,"[11:05:00,11:25:00)",7,1,2016-10-09,11,5,False
2016-10-09 11:25:00,99,0,3,"[11:25:00,11:45:00)",7,1,2016-10-09,11,25,False
2016-10-09 11:45:00,77,0,3,"[11:45:00,12:05:00)",7,1,2016-10-09,11,45,False
2016-10-09 12:05:00,85,0,3,"[12:05:00,12:25:00)",7,1,2016-10-09,12,5,False
2016-10-09 12:25:00,92,0,3,"[12:25:00,12:45:00)",7,1,2016-10-09,12,25,False
2016-10-09 12:45:00,102,0,3,"[12:45:00,13:05:00)",7,1,2016-10-09,12,45,False
2016-10-09 13:05:00,104,0,3,"[13:05:00,13:25:00)",7,1,2016-10-09,13,5,False
2016-10-09 13:25:00,88,0,3,"[13:25:00,13:45:00)",7,1,2016-10-09,13,25,False
2016-10-09 13:45:00,100,0,3,"[13:45:00,14:05:00)",7,1,2016-10-09,13,45,False
2016-10-09 14:05:00,100,0,3,"[14:05:00,14:25:00)",7,1,2016-10-09,14,5,False
2016-10-09 14:25:00,100,0,3,"[14:25:00,14:45:00)",7,1,2016-10-09,14,25,False
2016-10-09 14:45:00,122,0,3,"[14:45:00,15:05:00)",7,1,2016-10-09,14,45,False
2016-10-09 15:05:00,101,0,3,"[15:05:00,15:25:00)",7,1,2016-10-09,15,5,False
2016-10-09 15:25:00,106,0,3,"[15:25:00,15:45:00)",7,1,2016-10-09,15,25,False
2016-10-09 15:45:00,117,0,3,"[15:45:00,16:05:00)",7,1,2016-10-09,15,45,False
2016-10-09 16:05:00,117,0,3,"[16:05:00,16:25:00)",7,1,2016-10-09,16,5,False
2016-10-09 16:25:00,131,0,3,"[16:25:00,16:45:00)",7,1,2016-10-09,16,25,False
2016-10-09 16:45:00,109,0,3,"[16:45:00,17:05:00)",7,1,2016-10-09,16,45,False
2016-10-09 17:05:00,110,0,3,"[17:05:00,17:25:00)",7,1,2016-10-09,17,5,False
2016-10-09 17:25:00,108,0,3,"[17:25:00,17:45:00)",7,1,2016-10-09,17,25,False
2016-10-09 17:45:00,97,0,3,"[17:45:00,18:05:00)",7,1,2016-10-09,17,45,False
2016-10-09 18:05:00,89,0,3,"[18:05:00,18:25:00)",7,1,2016-10-09,18,5,False
2016-10-09 18:25:00,56,0,3,"[18:25:00,18:45:00)",7,1,2016-10-09,18,25,False
2016-10-09 18:45:00,53,0,3,"[18:45:00,19:05:00)",7,1,2016-10-09,18,45,False
2016-10-09 19:05:00,51,0,3,"[19:05:00,19:25:00)",7,1,2016-10-09,19,5,False
2016-10-09 19:25:00,47,0,3,"[19:25:00,19:45:00)",7,1,2016-10-09,19,25,False
2016-10-09 19:45:00,44,0,3,"[19:45:00,20:05:00)",7,1,2016-10-09,19,45,False
2016-10-09 20:05:00,33,0,3,"[20:05:00,20:25:00)",7,1,2016-10-09,20,5,False
2016-10-09 20:25:00,50,0,3,"[20:25:00,20:45:00)",7,1,2016-10-09,20,25,False
2016-10-09 20:45:00,45,0,3,"[20:45:00,21:05:00)",7,1,2016-10-09,20,45,False
2016-10-09 21:05:00,29,0,3,"[21:05:00,21:25:00)",7,1,2016-10-09,21,5,False
2016-10-09 21:25:00,35,0,3,"[21:25:00,21:45:00)",7,1,2016-10-09,21,25,False
2016-10-09 21:45:00,26,0,3,"[21:45:00,22:05:00)",7,1,2016-10-09,21,45,False
2016-10-09 22:05:00,18,0,3,"[22:05:00,22:25:00)",7,1,2016-10-09,22,5,False
2016-10-09 22:25:00,16,0,3,"[22:25:00,22:45:00)",7,1,2016-10-09,22,25,False
2016-10-09 22:45:00,18,0,3,"[22:45:00,23:05:00)",7,1,2016-10-09,22,45,False
2016-10-09 23:05:00,3,0,3,"[23:05:00,23:25:00)",7,1,2016-10-09,23,5,False
2016-10-09 23:25:00,8,0,3,"[23:25:00,23:45:00)",7,1,2016-10-09,23,25,False
2016-10-09 23:45:00,11,0,3,"[23:45:00,00:00:00)",7,1,2016-10-09,23,45,False
2016-10-10 00:05:00,27,0,3,"[00:05:00,00:25:00)",1,0,2016-10-10,0,5,False
2016-10-10 00:25:00,15,0,3,"[00:25:00,00:45:00)",1,0,2016-10-10,0,25,False
2016-10-10 00:45:00,16,0,3,"[00:45:00,01:05:00)",1,0,2016-10-10,0,45,False
2016-10-10 01:05:00,18,0,3,"[01:05:00,01:25:00)",1,0,2016-10-10,1,5,False
2016-10-10 01:25:00,20,0,3,"[01:25:00,01:45:00)",1,0,2016-10-10,1,25,False
2016-10-10 01:45:00,17,0,3,"[01:45:00,02:05:00)",1,0,2016-10-10,1,45,False
2016-10-10 02:05:00,8,0,3,"[02:05:00,02:25:00)",1,0,2016-10-10,2,5,False
2016-10-10 02:25:00,13,0,3,"[02:25:00,02:45:00)",1,0,2016-10-10,2,25,False
2016-10-10 02:45:00,16,0,3,"[02:45:00,03:05:00)",1,0,2016-10-10,2,45,False
2016-10-10 03:05:00,12,0,3,"[03:05:00,03:25:00)",1,0,2016-10-10,3,5,False
2016-10-10 03:25:00,15,0,3,"[03:25:00,03:45:00)",1,0,2016-10-10,3,25,False
2016-10-10 03:45:00,11,0,3,"[03:45:00,04:05:00)",1,0,2016-10-10,3,45,False
2016-10-10 04:05:00,10,0,3,"[04:05:00,04:25:00)",1,0,2016-10-10,4,5,False
2016-10-10 04:25:00,16,0,3,"[04:25:00,04:45:00)",1,0,2016-10-10,4,25,False
2016-10-10 04:45:00,9,0,3,"[04:45:00,05:05:00)",1,0,2016-10-10,4,45,False
2016-10-10 05:05:00,15,0,3,"[05:05:00,05:25:00)",1,0,2016-10-10,5,5,False
2016-10-10 05:25:00,19,0,3,"[05:25:00,05:45:00)",1,0,2016-10-10,5,25,False
2016-10-10 05:45:00,25,0,3,"[05:45:00,06:05:00)",1,0,2016-10-10,5,45,False
2016-10-10 06:05:00,37,0,3,"[06:05:00,06:25:00)",1,0,2016-10-10,6,5,False
2016-10-10 06:25:00,63,0,3,"[06:25:00,06:45:00)",1,0,2016-10-10,6,25,False
2016-10-10 06:45:00,77,0,3,"[06:45:00,07:05:00)",1,0,2016-10-10,6,45,False
2016-10-10 07:05:00,140,0,3,"[07:05:00,07:25:00)",1,0,2016-10-10,7,5,False
2016-10-10 07:25:00,126,0,3,"[07:25:00,07:45:00)",1,0,2016-10-10,7,25,False
2016-10-10 07:45:00,154,0,3,"[07:45:00,08:05:00)",1,0,2016-10-10,7,45,False
2016-10-10 08:05:00,162,0,3,"[08:05:00,08:25:00)",1,0,2016-10-10,8,5,False
2016-10-10 08:25:00,143,0,3,"[08:25:00,08:45:00)",1,0,2016-10-10,8,25,False
2016-10-10 08:45:00,138,0,3,"[08:45:00,09:05:00)",1,0,2016-10-10,8,45,False
2016-10-10 09:05:00,136,0,3,"[09:05:00,09:25:00)",1,0,2016-10-10,9,5,False
2016-10-10 09:25:00,151,0,3,"[09:25:00,09:45:00)",1,0,2016-10-10,9,25,False
2016-10-10 09:45:00,103,0,3,"[09:45:00,10:05:00)",1,0,2016-10-10,9,45,False
2016-10-10 10:05:00,90,0,3,"[10:05:00,10:25:00)",1,0,2016-10-10,10,5,False
2016-10-10 10:25:00,125,0,3,"[10:25:00,10:45:00)",1,0,2016-10-10,10,25,False
2016-10-10 10:45:00,101,0,3,"[10:45:00,11:05:00)",1,0,2016-10-10,10,45,False
2016-10-10 11:05:00,102,0,3,"[11:05:00,11:25:00)",1,0,2016-10-10,11,5,False
2016-10-10 11:25:00,62,0,3,"[11:25:00,11:45:00)",1,0,2016-10-10,11,25,False
2016-10-10 11:45:00,92,0,3,"[11:45:00,12:05:00)",1,0,2016-10-10,11,45,False
2016-10-10 12:05:00,106,0,3,"[12:05:00,12:25:00)",1,0,2016-10-10,12,5,False
2016-10-10 12:25:00,98,0,3,"[12:25:00,12:45:00)",1,0,2016-10-10,12,25,False
2016-10-10 12:45:00,110,0,3,"[12:45:00,13:05:00)",1,0,2016-10-10,12,45,False
2016-10-10 13:05:00,103,0,3,"[13:05:00,13:25:00)",1,0,2016-10-10,13,5,False
2016-10-10 13:25:00,102,0,3,"[13:25:00,13:45:00)",1,0,2016-10-10,13,25,False
2016-10-10 13:45:00,88,0,3,"[13:45:00,14:05:00)",1,0,2016-10-10,13,45,False
2016-10-10 14:05:00,110,0,3,"[14:05:00,14:25:00)",1,0,2016-10-10,14,5,False
2016-10-10 14:25:00,86,0,3,"[14:25:00,14:45:00)",1,0,2016-10-10,14,25,False
2016-10-10 14:45:00,82,0,3,"[14:45:00,15:05:00)",1,0,2016-10-10,14,45,False
2016-10-10 15:05:00,107,0,3,"[15:05:00,15:25:00)",1,0,2016-10-10,15,5,False
2016-10-10 15:25:00,109,0,3,"[15:25:00,15:45:00)",1,0,2016-10-10,15,25,False
2016-10-10 15:45:00,118,0,3,"[15:45:00,16:05:00)",1,0,2016-10-10,15,45,False
2016-10-10 16:05:00,103,0,3,"[16:05:00,16:25:00)",1,0,2016-10-10,16,5,False
2016-10-10 16:25:00,109,0,3,"[16:25:00,16:45:00)",1,0,2016-10-10,16,25,False
2016-10-10 16:45:00,112,0,3,"[16:45:00,17:05:00)",1,0,2016-10-10,16,45,False
2016-10-10 17:05:00,110,0,3,"[17:05:00,17:25:00)",1,0,2016-10-10,17,5,False
2016-10-10 17:25:00,116,0,3,"[17:25:00,17:45:00)",1,0,2016-10-10,17,25,False
2016-10-10 17:45:00,83,0,3,"[17:45:00,18:05:00)",1,0,2016-10-10,17,45,False
2016-10-10 18:05:00,77,0,3,"[18:05:00,18:25:00)",1,0,2016-10-10,18,5,False
2016-10-10 18:25:00,71,0,3,"[18:25:00,18:45:00)",1,0,2016-10-10,18,25,False
2016-10-10 18:45:00,54,0,3,"[18:45:00,19:05:00)",1,0,2016-10-10,18,45,False
2016-10-10 19:05:00,44,0,3,"[19:05:00,19:25:00)",1,0,2016-10-10,19,5,False
2016-10-10 19:25:00,67,0,3,"[19:25:00,19:45:00)",1,0,2016-10-10,19,25,False
2016-10-10 19:45:00,57,0,3,"[19:45:00,20:05:00)",1,0,2016-10-10,19,45,False
2016-10-10 20:05:00,53,0,3,"[20:05:00,20:25:00)",1,0,2016-10-10,20,5,False
2016-10-10 20:25:00,50,0,3,"[20:25:00,20:45:00)",1,0,2016-10-10,20,25,False
2016-10-10 20:45:00,45,0,3,"[20:45:00,21:05:00)",1,0,2016-10-10,20,45,False
2016-10-10 21:05:00,28,0,3,"[21:05:00,21:25:00)",1,0,2016-10-10,21,5,False
2016-10-10 21:25:00,22,0,3,"[21:25:00,21:45:00)",1,0,2016-10-10,21,25,False
2016-10-10 21:45:00,29,0,3,"[21:45:00,22:05:00)",1,0,2016-10-10,21,45,False
2016-10-10 22:05:00,15,0,3,"[22:05:00,22:25:00)",1,0,2016-10-10,22,5,False
2016-10-10 22:25:00,25,0,3,"[22:25:00,22:45:00)",1,0,2016-10-10,22,25,False
2016-10-10 22:45:00,20,0,3,"[22:45:00,23:05:00)",1,0,2016-10-10,22,45,False
2016-10-10 23:05:00,23,0,3,"[23:05:00,23:25:00)",1,0,2016-10-10,23,5,False
2016-10-10 23:25:00,22,0,3,"[23:25:00,23:45:00)",1,0,2016-10-10,23,25,False
2016-10-10 23:45:00,10,0,3,"[23:45:00,00:00:00)",1,0,2016-10-10,23,45,False
2016-10-11 00:05:00,15,0,3,"[00:05:00,00:25:00)",2,0,2016-10-11,0,5,False
2016-10-11 00:25:00,22,0,3,"[00:25:00,00:45:00)",2,0,2016-10-11,0,25,False
2016-10-11 00:45:00,21,0,3,"[00:45:00,01:05:00)",2,0,2016-10-11,0,45,False
2016-10-11 01:05:00,19,0,3,"[01:05:00,01:25:00)",2,0,2016-10-11,1,5,False
2016-10-11 01:25:00,16,0,3,"[01:25:00,01:45:00)",2,0,2016-10-11,1,25,False
2016-10-11 01:45:00,13,0,3,"[01:45:00,02:05:00)",2,0,2016-10-11,1,45,False
2016-10-11 02:05:00,10,0,3,"[02:05:00,02:25:00)",2,0,2016-10-11,2,5,False
2016-10-11 02:25:00,16,0,3,"[02:25:00,02:45:00)",2,0,2016-10-11,2,25,False
2016-10-11 02:45:00,12,0,3,"[02:45:00,03:05:00)",2,0,2016-10-11,2,45,False
2016-10-11 03:05:00,10,0,3,"[03:05:00,03:25:00)",2,0,2016-10-11,3,5,False
2016-10-11 03:25:00,10,0,3,"[03:25:00,03:45:00)",2,0,2016-10-11,3,25,False
2016-10-11 03:45:00,7,0,3,"[03:45:00,04:05:00)",2,0,2016-10-11,3,45,False
2016-10-11 04:05:00,11,0,3,"[04:05:00,04:25:00)",2,0,2016-10-11,4,5,False
2016-10-11 04:25:00,16,0,3,"[04:25:00,04:45:00)",2,0,2016-10-11,4,25,False
2016-10-11 04:45:00,12,0,3,"[04:45:00,05:05:00)",2,0,2016-10-11,4,45,False
2016-10-11 05:05:00,19,0,3,"[05:05:00,05:25:00)",2,0,2016-10-11,5,5,False
2016-10-11 05:25:00,26,0,3,"[05:25:00,05:45:00)",2,0,2016-10-11,5,25,False
2016-10-11 05:45:00,20,0,3,"[05:45:00,06:05:00)",2,0,2016-10-11,5,45,False
2016-10-11 06:05:00,32,0,3,"[06:05:00,06:25:00)",2,0,2016-10-11,6,5,False
2016-10-11 06:25:00,54,0,3,"[06:25:00,06:45:00)",2,0,2016-10-11,6,25,False
2016-10-11 06:45:00,94,0,3,"[06:45:00,07:05:00)",2,0,2016-10-11,6,45,False
2016-10-11 07:05:00,109,0,3,"[07:05:00,07:25:00)",2,0,2016-10-11,7,5,False
2016-10-11 07:25:00,126,0,3,"[07:25:00,07:45:00)",2,0,2016-10-11,7,25,False
2016-10-11 07:45:00,173,0,3,"[07:45:00,08:05:00)",2,0,2016-10-11,7,45,False
2016-10-11 08:05:00,147,0,3,"[08:05:00,08:25:00)",2,0,2016-10-11,8,5,False
2016-10-11 08:25:00,141,0,3,"[08:25:00,08:45:00)",2,0,2016-10-11,8,25,False
2016-10-11 08:45:00,168,0,3,"[08:45:00,09:05:00)",2,0,2016-10-11,8,45,False
2016-10-11 09:05:00,142,0,3,"[09:05:00,09:25:00)",2,0,2016-10-11,9,5,False
2016-10-11 09:25:00,111,0,3,"[09:25:00,09:45:00)",2,0,2016-10-11,9,25,False
2016-10-11 09:45:00,129,0,3,"[09:45:00,10:05:00)",2,0,2016-10-11,9,45,False
2016-10-11 10:05:00,103,0,3,"[10:05:00,10:25:00)",2,0,2016-10-11,10,5,False
2016-10-11 10:25:00,111,0,3,"[10:25:00,10:45:00)",2,0,2016-10-11,10,25,False
2016-10-11 10:45:00,93,0,3,"[10:45:00,11:05:00)",2,0,2016-10-11,10,45,False
2016-10-11 11:05:00,93,0,3,"[11:05:00,11:25:00)",2,0,2016-10-11,11,5,False
2016-10-11 11:25:00,85,0,3,"[11:25:00,11:45:00)",2,0,2016-10-11,11,25,False
2016-10-11 11:45:00,83,0,3,"[11:45:00,12:05:00)",2,0,2016-10-11,11,45,False
2016-10-11 12:05:00,98,0,3,"[12:05:00,12:25:00)",2,0,2016-10-11,12,5,False
2016-10-11 12:25:00,100,0,3,"[12:25:00,12:45:00)",2,0,2016-10-11,12,25,False
2016-10-11 12:45:00,94,0,3,"[12:45:00,13:05:00)",2,0,2016-10-11,12,45,False
2016-10-11 13:05:00,77,0,3,"[13:05:00,13:25:00)",2,0,2016-10-11,13,5,False
2016-10-11 13:25:00,88,0,3,"[13:25:00,13:45:00)",2,0,2016-10-11,13,25,False
2016-10-11 13:45:00,88,0,3,"[13:45:00,14:05:00)",2,0,2016-10-11,13,45,False
2016-10-11 14:05:00,79,0,3,"[14:05:00,14:25:00)",2,0,2016-10-11,14,5,False
2016-10-11 14:25:00,105,0,3,"[14:25:00,14:45:00)",2,0,2016-10-11,14,25,False
2016-10-11 14:45:00,89,0,3,"[14:45:00,15:05:00)",2,0,2016-10-11,14,45,False
2016-10-11 15:05:00,117,0,3,"[15:05:00,15:25:00)",2,0,2016-10-11,15,5,False
2016-10-11 15:25:00,95,0,3,"[15:25:00,15:45:00)",2,0,2016-10-11,15,25,False
2016-10-11 15:45:00,117,0,3,"[15:45:00,16:05:00)",2,0,2016-10-11,15,45,False
2016-10-11 16:05:00,110,0,3,"[16:05:00,16:25:00)",2,0,2016-10-11,16,5,False
2016-10-11 16:25:00,116,0,3,"[16:25:00,16:45:00)",2,0,2016-10-11,16,25,False
2016-10-11 16:45:00,125,0,3,"[16:45:00,17:05:00)",2,0,2016-10-11,16,45,False
2016-10-11 17:05:00,112,0,3,"[17:05:00,17:25:00)",2,0,2016-10-11,17,5,False
2016-10-11 17:25:00,114,0,3,"[17:25:00,17:45:00)",2,0,2016-10-11,17,25,False
2016-10-11 17:45:00,121,0,3,"[17:45:00,18:05:00)",2,0,2016-10-11,17,45,False
2016-10-11 18:05:00,87,0,3,"[18:05:00,18:25:00)",2,0,2016-10-11,18,5,False
2016-10-11 18:25:00,73,0,3,"[18:25:00,18:45:00)",2,0,2016-10-11,18,25,False
2016-10-11 18:45:00,55,0,3,"[18:45:00,19:05:00)",2,0,2016-10-11,18,45,False
2016-10-11 19:05:00,50,0,3,"[19:05:00,19:25:00)",2,0,2016-10-11,19,5,False
2016-10-11 19:25:00,63,0,3,"[19:25:00,19:45:00)",2,0,2016-10-11,19,25,False
2016-10-11 19:45:00,60,0,3,"[19:45:00,20:05:00)",2,0,2016-10-11,19,45,False
2016-10-11 20:05:00,40,0,3,"[20:05:00,20:25:00)",2,0,2016-10-11,20,5,False
2016-10-11 20:25:00,45,0,3,"[20:25:00,20:45:00)",2,0,2016-10-11,20,25,False
2016-10-11 20:45:00,44,0,3,"[20:45:00,21:05:00)",2,0,2016-10-11,20,45,False
2016-10-11 21:05:00,30,0,3,"[21:05:00,21:25:00)",2,0,2016-10-11,21,5,False
2016-10-11 21:25:00,32,0,3,"[21:25:00,21:45:00)",2,0,2016-10-11,21,25,False
2016-10-11 21:45:00,37,0,3,"[21:45:00,22:05:00)",2,0,2016-10-11,21,45,False
2016-10-11 22:05:00,24,0,3,"[22:05:00,22:25:00)",2,0,2016-10-11,22,5,False
2016-10-11 22:25:00,18,0,3,"[22:25:00,22:45:00)",2,0,2016-10-11,22,25,False
2016-10-11 22:45:00,16,0,3,"[22:45:00,23:05:00)",2,0,2016-10-11,22,45,False
2016-10-11 23:05:00,13,0,3,"[23:05:00,23:25:00)",2,0,2016-10-11,23,5,False
2016-10-11 23:25:00,10,0,3,"[23:25:00,23:45:00)",2,0,2016-10-11,23,25,False
2016-10-11 23:45:00,14,0,3,"[23:45:00,00:00:00)",2,0,2016-10-11,23,45,False
2016-10-12 00:05:00,16,0,3,"[00:05:00,00:25:00)",3,0,2016-10-12,0,5,False
2016-10-12 00:25:00,18,0,3,"[00:25:00,00:45:00)",3,0,2016-10-12,0,25,False
2016-10-12 00:45:00,18,0,3,"[00:45:00,01:05:00)",3,0,2016-10-12,0,45,False
2016-10-12 01:05:00,20,0,3,"[01:05:00,01:25:00)",3,0,2016-10-12,1,5,False
2016-10-12 01:25:00,17,0,3,"[01:25:00,01:45:00)",3,0,2016-10-12,1,25,False
2016-10-12 01:45:00,17,0,3,"[01:45:00,02:05:00)",3,0,2016-10-12,1,45,False
2016-10-12 02:05:00,10,0,3,"[02:05:00,02:25:00)",3,0,2016-10-12,2,5,False
2016-10-12 02:25:00,15,0,3,"[02:25:00,02:45:00)",3,0,2016-10-12,2,25,False
2016-10-12 02:45:00,13,0,3,"[02:45:00,03:05:00)",3,0,2016-10-12,2,45,False
2016-10-12 03:05:00,14,0,3,"[03:05:00,03:25:00)",3,0,2016-10-12,3,5,False
2016-10-12 03:25:00,14,0,3,"[03:25:00,03:45:00)",3,0,2016-10-12,3,25,False
2016-10-12 03:45:00,6,0,3,"[03:45:00,04:05:00)",3,0,2016-10-12,3,45,False
2016-10-12 04:05:00,13,0,3,"[04:05:00,04:25:00)",3,0,2016-10-12,4,5,False
2016-10-12 04:25:00,12,0,3,"[04:25:00,04:45:00)",3,0,2016-10-12,4,25,False
2016-10-12 04:45:00,16,0,3,"[04:45:00,05:05:00)",3,0,2016-10-12,4,45,False
2016-10-12 05:05:00,18,0,3,"[05:05:00,05:25:00)",3,0,2016-10-12,5,5,False
2016-10-12 05:25:00,13,0,3,"[05:25:00,05:45:00)",3,0,2016-10-12,5,25,False
2016-10-12 05:45:00,35,0,3,"[05:45:00,06:05:00)",3,0,2016-10-12,5,45,False
2016-10-12 06:05:00,25,0,3,"[06:05:00,06:25:00)",3,0,2016-10-12,6,5,False
2016-10-12 06:25:00,66,0,3,"[06:25:00,06:45:00)",3,0,2016-10-12,6,25,False
2016-10-12 06:45:00,83,0,3,"[06:45:00,07:05:00)",3,0,2016-10-12,6,45,False
2016-10-12 07:05:00,100,0,3,"[07:05:00,07:25:00)",3,0,2016-10-12,7,5,False
2016-10-12 07:25:00,134,0,3,"[07:25:00,07:45:00)",3,0,2016-10-12,7,25,False
2016-10-12 07:45:00,153,0,3,"[07:45:00,08:05:00)",3,0,2016-10-12,7,45,False
2016-10-12 08:05:00,149,0,3,"[08:05:00,08:25:00)",3,0,2016-10-12,8,5,False
2016-10-12 08:25:00,136,0,3,"[08:25:00,08:45:00)",3,0,2016-10-12,8,25,False
2016-10-12 08:45:00,172,0,3,"[08:45:00,09:05:00)",3,0,2016-10-12,8,45,False
2016-10-12 09:05:00,140,0,3,"[09:05:00,09:25:00)",3,0,2016-10-12,9,5,False
2016-10-12 09:25:00,93,0,3,"[09:25:00,09:45:00)",3,0,2016-10-12,9,25,False
2016-10-12 09:45:00,116,0,3,"[09:45:00,10:05:00)",3,0,2016-10-12,9,45,False
2016-10-12 10:05:00,102,0,3,"[10:05:00,10:25:00)",3,0,2016-10-12,10,5,False
2016-10-12 10:25:00,107,0,3,"[10:25:00,10:45:00)",3,0,2016-10-12,10,25,False
2016-10-12 10:45:00,94,0,3,"[10:45:00,11:05:00)",3,0,2016-10-12,10,45,False
2016-10-12 11:05:00,88,0,3,"[11:05:00,11:25:00)",3,0,2016-10-12,11,5,False
2016-10-12 11:25:00,101,0,3,"[11:25:00,11:45:00)",3,0,2016-10-12,11,25,False
2016-10-12 11:45:00,82,0,3,"[11:45:00,12:05:00)",3,0,2016-10-12,11,45,False
2016-10-12 12:05:00,83,0,3,"[12:05:00,12:25:00)",3,0,2016-10-12,12,5,False
2016-10-12 12:25:00,95,0,3,"[12:25:00,12:45:00)",3,0,2016-10-12,12,25,False
2016-10-12 12:45:00,96,0,3,"[12:45:00,13:05:00)",3,0,2016-10-12,12,45,False
2016-10-12 13:05:00,123,0,3,"[13:05:00,13:25:00)",3,0,2016-10-12,13,5,False
2016-10-12 13:25:00,101,0,3,"[13:25:00,13:45:00)",3,0,2016-10-12,13,25,False
2016-10-12 13:45:00,96,0,3,"[13:45:00,14:05:00)",3,0,2016-10-12,13,45,False
2016-10-12 14:05:00,102,0,3,"[14:05:00,14:25:00)",3,0,2016-10-12,14,5,False
2016-10-12 14:25:00,121,0,3,"[14:25:00,14:45:00)",3,0,2016-10-12,14,25,False
2016-10-12 14:45:00,98,0,3,"[14:45:00,15:05:00)",3,0,2016-10-12,14,45,False
2016-10-12 15:05:00,118,0,3,"[15:05:00,15:25:00)",3,0,2016-10-12,15,5,False
2016-10-12 15:25:00,102,0,3,"[15:25:00,15:45:00)",3,0,2016-10-12,15,25,False
2016-10-12 15:45:00,103,0,3,"[15:45:00,16:05:00)",3,0,2016-10-12,15,45,False
2016-10-12 16:05:00,110,0,3,"[16:05:00,16:25:00)",3,0,2016-10-12,16,5,False
2016-10-12 16:25:00,119,0,3,"[16:25:00,16:45:00)",3,0,2016-10-12,16,25,False
2016-10-12 16:45:00,102,0,3,"[16:45:00,17:05:00)",3,0,2016-10-12,16,45,False
2016-10-12 17:05:00,124,0,3,"[17:05:00,17:25:00)",3,0,2016-10-12,17,5,False
2016-10-12 17:25:00,142,0,3,"[17:25:00,17:45:00)",3,0,2016-10-12,17,25,False
2016-10-12 17:45:00,84,0,3,"[17:45:00,18:05:00)",3,0,2016-10-12,17,45,False
2016-10-12 18:05:00,94,0,3,"[18:05:00,18:25:00)",3,0,2016-10-12,18,5,False
2016-10-12 18:25:00,82,0,3,"[18:25:00,18:45:00)",3,0,2016-10-12,18,25,False
2016-10-12 18:45:00,50,0,3,"[18:45:00,19:05:00)",3,0,2016-10-12,18,45,False
2016-10-12 19:05:00,43,0,3,"[19:05:00,19:25:00)",3,0,2016-10-12,19,5,False
2016-10-12 19:25:00,44,0,3,"[19:25:00,19:45:00)",3,0,2016-10-12,19,25,False
2016-10-12 19:45:00,55,0,3,"[19:45:00,20:05:00)",3,0,2016-10-12,19,45,False
2016-10-12 20:05:00,37,0,3,"[20:05:00,20:25:00)",3,0,2016-10-12,20,5,False
2016-10-12 20:25:00,28,0,3,"[20:25:00,20:45:00)",3,0,2016-10-12,20,25,False
2016-10-12 20:45:00,38,0,3,"[20:45:00,21:05:00)",3,0,2016-10-12,20,45,False
2016-10-12 21:05:00,38,0,3,"[21:05:00,21:25:00)",3,0,2016-10-12,21,5,False
2016-10-12 21:25:00,30,0,3,"[21:25:00,21:45:00)",3,0,2016-10-12,21,25,False
2016-10-12 21:45:00,23,0,3,"[21:45:00,22:05:00)",3,0,2016-10-12,21,45,False
2016-10-12 22:05:00,28,0,3,"[22:05:00,22:25:00)",3,0,2016-10-12,22,5,False
2016-10-12 22:25:00,19,0,3,"[22:25:00,22:45:00)",3,0,2016-10-12,22,25,False
2016-10-12 22:45:00,11,0,3,"[22:45:00,23:05:00)",3,0,2016-10-12,22,45,False
2016-10-12 23:05:00,9,0,3,"[23:05:00,23:25:00)",3,0,2016-10-12,23,5,False
2016-10-12 23:25:00,10,0,3,"[23:25:00,23:45:00)",3,0,2016-10-12,23,25,False
2016-10-12 23:45:00,14,0,3,"[23:45:00,00:00:00)",3,0,2016-10-12,23,45,False
2016-10-13 00:05:00,14,0,3,"[00:05:00,00:25:00)",4,0,2016-10-13,0,5,False
2016-10-13 00:25:00,13,0,3,"[00:25:00,00:45:00)",4,0,2016-10-13,0,25,False
2016-10-13 00:45:00,14,0,3,"[00:45:00,01:05:00)",4,0,2016-10-13,0,45,False
2016-10-13 01:05:00,19,0,3,"[01:05:00,01:25:00)",4,0,2016-10-13,1,5,False
2016-10-13 01:25:00,19,0,3,"[01:25:00,01:45:00)",4,0,2016-10-13,1,25,False
2016-10-13 01:45:00,15,0,3,"[01:45:00,02:05:00)",4,0,2016-10-13,1,45,False
2016-10-13 02:05:00,14,0,3,"[02:05:00,02:25:00)",4,0,2016-10-13,2,5,False
2016-10-13 02:25:00,12,0,3,"[02:25:00,02:45:00)",4,0,2016-10-13,2,25,False
2016-10-13 02:45:00,14,0,3,"[02:45:00,03:05:00)",4,0,2016-10-13,2,45,False
2016-10-13 03:05:00,9,0,3,"[03:05:00,03:25:00)",4,0,2016-10-13,3,5,False
2016-10-13 03:25:00,12,0,3,"[03:25:00,03:45:00)",4,0,2016-10-13,3,25,False
2016-10-13 03:45:00,10,0,3,"[03:45:00,04:05:00)",4,0,2016-10-13,3,45,False
2016-10-13 04:05:00,17,0,3,"[04:05:00,04:25:00)",4,0,2016-10-13,4,5,False
2016-10-13 04:25:00,10,0,3,"[04:25:00,04:45:00)",4,0,2016-10-13,4,25,False
2016-10-13 04:45:00,11,0,3,"[04:45:00,05:05:00)",4,0,2016-10-13,4,45,False
2016-10-13 05:05:00,13,0,3,"[05:05:00,05:25:00)",4,0,2016-10-13,5,5,False
2016-10-13 05:25:00,15,0,3,"[05:25:00,05:45:00)",4,0,2016-10-13,5,25,False
2016-10-13 05:45:00,24,0,3,"[05:45:00,06:05:00)",4,0,2016-10-13,5,45,False
2016-10-13 06:05:00,33,0,3,"[06:05:00,06:25:00)",4,0,2016-10-13,6,5,False
2016-10-13 06:25:00,42,0,3,"[06:25:00,06:45:00)",4,0,2016-10-13,6,25,False
2016-10-13 06:45:00,90,0,3,"[06:45:00,07:05:00)",4,0,2016-10-13,6,45,False
2016-10-13 07:05:00,110,0,3,"[07:05:00,07:25:00)",4,0,2016-10-13,7,5,False
2016-10-13 07:25:00,134,0,3,"[07:25:00,07:45:00)",4,0,2016-10-13,7,25,False
2016-10-13 07:45:00,161,0,3,"[07:45:00,08:05:00)",4,0,2016-10-13,7,45,False
2016-10-13 08:05:00,153,0,3,"[08:05:00,08:25:00)",4,0,2016-10-13,8,5,False
2016-10-13 08:25:00,162,0,3,"[08:25:00,08:45:00)",4,0,2016-10-13,8,25,False
2016-10-13 08:45:00,140,0,3,"[08:45:00,09:05:00)",4,0,2016-10-13,8,45,False
2016-10-13 09:05:00,164,0,3,"[09:05:00,09:25:00)",4,0,2016-10-13,9,5,False
2016-10-13 09:25:00,117,0,3,"[09:25:00,09:45:00)",4,0,2016-10-13,9,25,False
2016-10-13 09:45:00,132,0,3,"[09:45:00,10:05:00)",4,0,2016-10-13,9,45,False
2016-10-13 10:05:00,149,0,3,"[10:05:00,10:25:00)",4,0,2016-10-13,10,5,False
2016-10-13 10:25:00,101,0,3,"[10:25:00,10:45:00)",4,0,2016-10-13,10,25,False
2016-10-13 10:45:00,95,0,3,"[10:45:00,11:05:00)",4,0,2016-10-13,10,45,False
2016-10-13 11:05:00,114,0,3,"[11:05:00,11:25:00)",4,0,2016-10-13,11,5,False
2016-10-13 11:25:00,90,0,3,"[11:25:00,11:45:00)",4,0,2016-10-13,11,25,False
2016-10-13 11:45:00,101,0,3,"[11:45:00,12:05:00)",4,0,2016-10-13,11,45,False
2016-10-13 12:05:00,92,0,3,"[12:05:00,12:25:00)",4,0,2016-10-13,12,5,False
2016-10-13 12:25:00,114,0,3,"[12:25:00,12:45:00)",4,0,2016-10-13,12,25,False
2016-10-13 12:45:00,118,0,3,"[12:45:00,13:05:00)",4,0,2016-10-13,12,45,False
2016-10-13 13:05:00,128,0,3,"[13:05:00,13:25:00)",4,0,2016-10-13,13,5,False
2016-10-13 13:25:00,125,0,3,"[13:25:00,13:45:00)",4,0,2016-10-13,13,25,False
2016-10-13 13:45:00,96,0,3,"[13:45:00,14:05:00)",4,0,2016-10-13,13,45,False
2016-10-13 14:05:00,114,0,3,"[14:05:00,14:25:00)",4,0,2016-10-13,14,5,False
2016-10-13 14:25:00,134,0,3,"[14:25:00,14:45:00)",4,0,2016-10-13,14,25,False
2016-10-13 14:45:00,93,0,3,"[14:45:00,15:05:00)",4,0,2016-10-13,14,45,False
2016-10-13 15:05:00,110,0,3,"[15:05:00,15:25:00)",4,0,2016-10-13,15,5,False
2016-10-13 15:25:00,115,0,3,"[15:25:00,15:45:00)",4,0,2016-10-13,15,25,False
2016-10-13 15:45:00,140,0,3,"[15:45:00,16:05:00)",4,0,2016-10-13,15,45,False
2016-10-13 16:05:00,101,0,3,"[16:05:00,16:25:00)",4,0,2016-10-13,16,5,False
2016-10-13 16:25:00,132,0,3,"[16:25:00,16:45:00)",4,0,2016-10-13,16,25,False
2016-10-13 16:45:00,138,0,3,"[16:45:00,17:05:00)",4,0,2016-10-13,16,45,False
2016-10-13 17:05:00,115,0,3,"[17:05:00,17:25:00)",4,0,2016-10-13,17,5,False
2016-10-13 17:25:00,131,0,3,"[17:25:00,17:45:00)",4,0,2016-10-13,17,25,False
2016-10-13 17:45:00,96,0,3,"[17:45:00,18:05:00)",4,0,2016-10-13,17,45,False
2016-10-13 18:05:00,86,0,3,"[18:05:00,18:25:00)",4,0,2016-10-13,18,5,False
2016-10-13 18:25:00,72,0,3,"[18:25:00,18:45:00)",4,0,2016-10-13,18,25,False
2016-10-13 18:45:00,68,0,3,"[18:45:00,19:05:00)",4,0,2016-10-13,18,45,False
2016-10-13 19:05:00,42,0,3,"[19:05:00,19:25:00)",4,0,2016-10-13,19,5,False
2016-10-13 19:25:00,52,0,3,"[19:25:00,19:45:00)",4,0,2016-10-13,19,25,False
2016-10-13 19:45:00,60,0,3,"[19:45:00,20:05:00)",4,0,2016-10-13,19,45,False
2016-10-13 20:05:00,53,0,3,"[20:05:00,20:25:00)",4,0,2016-10-13,20,5,False
2016-10-13 20:25:00,44,0,3,"[20:25:00,20:45:00)",4,0,2016-10-13,20,25,False
2016-10-13 20:45:00,32,0,3,"[20:45:00,21:05:00)",4,0,2016-10-13,20,45,False
2016-10-13 21:05:00,35,0,3,"[21:05:00,21:25:00)",4,0,2016-10-13,21,5,False
2016-10-13 21:25:00,34,0,3,"[21:25:00,21:45:00)",4,0,2016-10-13,21,25,False
2016-10-13 21:45:00,24,0,3,"[21:45:00,22:05:00)",4,0,2016-10-13,21,45,False
2016-10-13 22:05:00,23,0,3,"[22:05:00,22:25:00)",4,0,2016-10-13,22,5,False
2016-10-13 22:25:00,19,0,3,"[22:25:00,22:45:00)",4,0,2016-10-13,22,25,False
2016-10-13 22:45:00,16,0,3,"[22:45:00,23:05:00)",4,0,2016-10-13,22,45,False
2016-10-13 23:05:00,6,0,3,"[23:05:00,23:25:00)",4,0,2016-10-13,23,5,False
2016-10-13 23:25:00,19,0,3,"[23:25:00,23:45:00)",4,0,2016-10-13,23,25,False
2016-10-13 23:45:00,11,0,3,"[23:45:00,00:00:00)",4,0,2016-10-13,23,45,False
2016-10-14 00:05:00,18,0,3,"[00:05:00,00:25:00)",5,0,2016-10-14,0,5,False
2016-10-14 00:25:00,16,0,3,"[00:25:00,00:45:00)",5,0,2016-10-14,0,25,False
2016-10-14 00:45:00,19,0,3,"[00:45:00,01:05:00)",5,0,2016-10-14,0,45,False
2016-10-14 01:05:00,19,0,3,"[01:05:00,01:25:00)",5,0,2016-10-14,1,5,False
2016-10-14 01:25:00,19,0,3,"[01:25:00,01:45:00)",5,0,2016-10-14,1,25,False
2016-10-14 01:45:00,12,0,3,"[01:45:00,02:05:00)",5,0,2016-10-14,1,45,False
2016-10-14 02:05:00,13,0,3,"[02:05:00,02:25:00)",5,0,2016-10-14,2,5,False
2016-10-14 02:25:00,15,0,3,"[02:25:00,02:45:00)",5,0,2016-10-14,2,25,False
2016-10-14 02:45:00,12,0,3,"[02:45:00,03:05:00)",5,0,2016-10-14,2,45,False
2016-10-14 03:05:00,16,0,3,"[03:05:00,03:25:00)",5,0,2016-10-14,3,5,False
2016-10-14 03:25:00,10,0,3,"[03:25:00,03:45:00)",5,0,2016-10-14,3,25,False
2016-10-14 03:45:00,9,0,3,"[03:45:00,04:05:00)",5,0,2016-10-14,3,45,False
2016-10-14 04:05:00,9,0,3,"[04:05:00,04:25:00)",5,0,2016-10-14,4,5,False
2016-10-14 04:25:00,17,0,3,"[04:25:00,04:45:00)",5,0,2016-10-14,4,25,False
2016-10-14 04:45:00,13,0,3,"[04:45:00,05:05:00)",5,0,2016-10-14,4,45,False
2016-10-14 05:05:00,12,0,3,"[05:05:00,05:25:00)",5,0,2016-10-14,5,5,False
2016-10-14 05:25:00,15,0,3,"[05:25:00,05:45:00)",5,0,2016-10-14,5,25,False
2016-10-14 05:45:00,20,0,3,"[05:45:00,06:05:00)",5,0,2016-10-14,5,45,False
2016-10-14 06:05:00,23,0,3,"[06:05:00,06:25:00)",5,0,2016-10-14,6,5,False
2016-10-14 06:25:00,49,0,3,"[06:25:00,06:45:00)",5,0,2016-10-14,6,25,False
2016-10-14 06:45:00,80,0,3,"[06:45:00,07:05:00)",5,0,2016-10-14,6,45,False
2016-10-14 07:05:00,100,0,3,"[07:05:00,07:25:00)",5,0,2016-10-14,7,5,False
2016-10-14 07:25:00,143,0,3,"[07:25:00,07:45:00)",5,0,2016-10-14,7,25,False
2016-10-14 07:45:00,147,0,3,"[07:45:00,08:05:00)",5,0,2016-10-14,7,45,False
2016-10-14 08:05:00,158,0,3,"[08:05:00,08:25:00)",5,0,2016-10-14,8,5,False
2016-10-14 08:25:00,177,0,3,"[08:25:00,08:45:00)",5,0,2016-10-14,8,25,False
2016-10-14 08:45:00,160,0,3,"[08:45:00,09:05:00)",5,0,2016-10-14,8,45,False
2016-10-14 09:05:00,152,0,3,"[09:05:00,09:25:00)",5,0,2016-10-14,9,5,False
2016-10-14 09:25:00,139,0,3,"[09:25:00,09:45:00)",5,0,2016-10-14,9,25,False
2016-10-14 09:45:00,123,0,3,"[09:45:00,10:05:00)",5,0,2016-10-14,9,45,False
2016-10-14 10:05:00,134,0,3,"[10:05:00,10:25:00)",5,0,2016-10-14,10,5,False
2016-10-14 10:25:00,147,0,3,"[10:25:00,10:45:00)",5,0,2016-10-14,10,25,False
2016-10-14 10:45:00,110,0,3,"[10:45:00,11:05:00)",5,0,2016-10-14,10,45,False
2016-10-14 11:05:00,135,0,3,"[11:05:00,11:25:00)",5,0,2016-10-14,11,5,False
2016-10-14 11:25:00,87,0,3,"[11:25:00,11:45:00)",5,0,2016-10-14,11,25,False
2016-10-14 11:45:00,90,0,3,"[11:45:00,12:05:00)",5,0,2016-10-14,11,45,False
2016-10-14 12:05:00,103,0,3,"[12:05:00,12:25:00)",5,0,2016-10-14,12,5,False
2016-10-14 12:25:00,90,0,3,"[12:25:00,12:45:00)",5,0,2016-10-14,12,25,False
2016-10-14 12:45:00,129,0,3,"[12:45:00,13:05:00)",5,0,2016-10-14,12,45,False
2016-10-14 13:05:00,107,0,3,"[13:05:00,13:25:00)",5,0,2016-10-14,13,5,False
2016-10-14 13:25:00,106,0,3,"[13:25:00,13:45:00)",5,0,2016-10-14,13,25,False
2016-10-14 13:45:00,126,0,3,"[13:45:00,14:05:00)",5,0,2016-10-14,13,45,False
2016-10-14 14:05:00,102,0,3,"[14:05:00,14:25:00)",5,0,2016-10-14,14,5,False
2016-10-14 14:25:00,101,0,3,"[14:25:00,14:45:00)",5,0,2016-10-14,14,25,False
2016-10-14 14:45:00,136,0,3,"[14:45:00,15:05:00)",5,0,2016-10-14,14,45,False
2016-10-14 15:05:00,142,0,3,"[15:05:00,15:25:00)",5,0,2016-10-14,15,5,False
2016-10-14 15:25:00,140,0,3,"[15:25:00,15:45:00)",5,0,2016-10-14,15,25,False
2016-10-14 15:45:00,138,0,3,"[15:45:00,16:05:00)",5,0,2016-10-14,15,45,False
2016-10-14 16:05:00,130,0,3,"[16:05:00,16:25:00)",5,0,2016-10-14,16,5,False
2016-10-14 16:25:00,134,0,3,"[16:25:00,16:45:00)",5,0,2016-10-14,16,25,False
2016-10-14 16:45:00,161,0,3,"[16:45:00,17:05:00)",5,0,2016-10-14,16,45,False
2016-10-14 17:05:00,137,0,3,"[17:05:00,17:25:00)",5,0,2016-10-14,17,5,False
2016-10-14 17:25:00,121,0,3,"[17:25:00,17:45:00)",5,0,2016-10-14,17,25,False
2016-10-14 17:45:00,107,0,3,"[17:45:00,18:05:00)",5,0,2016-10-14,17,45,False
2016-10-14 18:05:00,70,0,3,"[18:05:00,18:25:00)",5,0,2016-10-14,18,5,False
2016-10-14 18:25:00,61,0,3,"[18:25:00,18:45:00)",5,0,2016-10-14,18,25,False
2016-10-14 18:45:00,59,0,3,"[18:45:00,19:05:00)",5,0,2016-10-14,18,45,False
2016-10-14 19:05:00,67,0,3,"[19:05:00,19:25:00)",5,0,2016-10-14,19,5,False
2016-10-14 19:25:00,75,0,3,"[19:25:00,19:45:00)",5,0,2016-10-14,19,25,False
2016-10-14 19:45:00,60,0,3,"[19:45:00,20:05:00)",5,0,2016-10-14,19,45,False
2016-10-14 20:05:00,48,0,3,"[20:05:00,20:25:00)",5,0,2016-10-14,20,5,False
2016-10-14 20:25:00,49,0,3,"[20:25:00,20:45:00)",5,0,2016-10-14,20,25,False
2016-10-14 20:45:00,52,0,3,"[20:45:00,21:05:00)",5,0,2016-10-14,20,45,False
2016-10-14 21:05:00,35,0,3,"[21:05:00,21:25:00)",5,0,2016-10-14,21,5,False
2016-10-14 21:25:00,31,0,3,"[21:25:00,21:45:00)",5,0,2016-10-14,21,25,False
2016-10-14 21:45:00,40,0,3,"[21:45:00,22:05:00)",5,0,2016-10-14,21,45,False
2016-10-14 22:05:00,34,0,3,"[22:05:00,22:25:00)",5,0,2016-10-14,22,5,False
2016-10-14 22:25:00,18,0,3,"[22:25:00,22:45:00)",5,0,2016-10-14,22,25,False
2016-10-14 22:45:00,19,0,3,"[22:45:00,23:05:00)",5,0,2016-10-14,22,45,False
2016-10-14 23:05:00,19,0,3,"[23:05:00,23:25:00)",5,0,2016-10-14,23,5,False
2016-10-14 23:25:00,14,0,3,"[23:25:00,23:45:00)",5,0,2016-10-14,23,25,False
2016-10-14 23:45:00,10,0,3,"[23:45:00,00:00:00)",5,0,2016-10-14,23,45,False
2016-10-15 00:05:00,15,0,3,"[00:05:00,00:25:00)",6,1,2016-10-15,0,5,False
2016-10-15 00:25:00,15,0,3,"[00:25:00,00:45:00)",6,1,2016-10-15,0,25,False
2016-10-15 00:45:00,19,0,3,"[00:45:00,01:05:00)",6,1,2016-10-15,0,45,False
2016-10-15 01:05:00,25,0,3,"[01:05:00,01:25:00)",6,1,2016-10-15,1,5,False
2016-10-15 01:25:00,19,0,3,"[01:25:00,01:45:00)",6,1,2016-10-15,1,25,False
2016-10-15 01:45:00,16,0,3,"[01:45:00,02:05:00)",6,1,2016-10-15,1,45,False
2016-10-15 02:05:00,8,0,3,"[02:05:00,02:25:00)",6,1,2016-10-15,2,5,False
2016-10-15 02:25:00,22,0,3,"[02:25:00,02:45:00)",6,1,2016-10-15,2,25,False
2016-10-15 02:45:00,10,0,3,"[02:45:00,03:05:00)",6,1,2016-10-15,2,45,False
2016-10-15 03:05:00,9,0,3,"[03:05:00,03:25:00)",6,1,2016-10-15,3,5,False
2016-10-15 03:25:00,18,0,3,"[03:25:00,03:45:00)",6,1,2016-10-15,3,25,False
2016-10-15 03:45:00,9,0,3,"[03:45:00,04:05:00)",6,1,2016-10-15,3,45,False
2016-10-15 04:05:00,14,0,3,"[04:05:00,04:25:00)",6,1,2016-10-15,4,5,False
2016-10-15 04:25:00,11,0,3,"[04:25:00,04:45:00)",6,1,2016-10-15,4,25,False
2016-10-15 04:45:00,18,0,3,"[04:45:00,05:05:00)",6,1,2016-10-15,4,45,False
2016-10-15 05:05:00,18,0,3,"[05:05:00,05:25:00)",6,1,2016-10-15,5,5,False
2016-10-15 05:25:00,10,0,3,"[05:25:00,05:45:00)",6,1,2016-10-15,5,25,False
2016-10-15 05:45:00,24,0,3,"[05:45:00,06:05:00)",6,1,2016-10-15,5,45,False
2016-10-15 06:05:00,25,0,3,"[06:05:00,06:25:00)",6,1,2016-10-15,6,5,False
2016-10-15 06:25:00,50,0,3,"[06:25:00,06:45:00)",6,1,2016-10-15,6,25,False
2016-10-15 06:45:00,91,0,3,"[06:45:00,07:05:00)",6,1,2016-10-15,6,45,False
2016-10-15 07:05:00,98,0,3,"[07:05:00,07:25:00)",6,1,2016-10-15,7,5,False
2016-10-15 07:25:00,106,0,3,"[07:25:00,07:45:00)",6,1,2016-10-15,7,25,False
2016-10-15 07:45:00,103,0,3,"[07:45:00,08:05:00)",6,1,2016-10-15,7,45,False
2016-10-15 08:05:00,106,0,3,"[08:05:00,08:25:00)",6,1,2016-10-15,8,5,False
2016-10-15 08:25:00,95,0,3,"[08:25:00,08:45:00)",6,1,2016-10-15,8,25,False
2016-10-15 08:45:00,123,0,3,"[08:45:00,09:05:00)",6,1,2016-10-15,8,45,False
2016-10-15 09:05:00,136,0,3,"[09:05:00,09:25:00)",6,1,2016-10-15,9,5,False
2016-10-15 09:25:00,106,0,3,"[09:25:00,09:45:00)",6,1,2016-10-15,9,25,False
2016-10-15 09:45:00,130,0,3,"[09:45:00,10:05:00)",6,1,2016-10-15,9,45,False
2016-10-15 10:05:00,109,0,3,"[10:05:00,10:25:00)",6,1,2016-10-15,10,5,False
2016-10-15 10:25:00,133,0,3,"[10:25:00,10:45:00)",6,1,2016-10-15,10,25,False
2016-10-15 10:45:00,106,0,3,"[10:45:00,11:05:00)",6,1,2016-10-15,10,45,False
2016-10-15 11:05:00,105,0,3,"[11:05:00,11:25:00)",6,1,2016-10-15,11,5,False
2016-10-15 11:25:00,108,0,3,"[11:25:00,11:45:00)",6,1,2016-10-15,11,25,False
2016-10-15 11:45:00,109,0,3,"[11:45:00,12:05:00)",6,1,2016-10-15,11,45,False
2016-10-15 12:05:00,97,0,3,"[12:05:00,12:25:00)",6,1,2016-10-15,12,5,False
2016-10-15 12:25:00,97,0,3,"[12:25:00,12:45:00)",6,1,2016-10-15,12,25,False
2016-10-15 12:45:00,104,0,3,"[12:45:00,13:05:00)",6,1,2016-10-15,12,45,False
2016-10-15 13:05:00,106,0,3,"[13:05:00,13:25:00)",6,1,2016-10-15,13,5,False
2016-10-15 13:25:00,137,0,3,"[13:25:00,13:45:00)",6,1,2016-10-15,13,25,False
2016-10-15 13:45:00,130,0,3,"[13:45:00,14:05:00)",6,1,2016-10-15,13,45,False
2016-10-15 14:05:00,106,0,3,"[14:05:00,14:25:00)",6,1,2016-10-15,14,5,False
2016-10-15 14:25:00,118,0,3,"[14:25:00,14:45:00)",6,1,2016-10-15,14,25,False
2016-10-15 14:45:00,120,0,3,"[14:45:00,15:05:00)",6,1,2016-10-15,14,45,False
2016-10-15 15:05:00,119,0,3,"[15:05:00,15:25:00)",6,1,2016-10-15,15,5,False
2016-10-15 15:25:00,152,0,3,"[15:25:00,15:45:00)",6,1,2016-10-15,15,25,False
2016-10-15 15:45:00,128,0,3,"[15:45:00,16:05:00)",6,1,2016-10-15,15,45,False
2016-10-15 16:05:00,137,0,3,"[16:05:00,16:25:00)",6,1,2016-10-15,16,5,False
2016-10-15 16:25:00,113,0,3,"[16:25:00,16:45:00)",6,1,2016-10-15,16,25,False
2016-10-15 16:45:00,124,0,3,"[16:45:00,17:05:00)",6,1,2016-10-15,16,45,False
2016-10-15 17:05:00,116,0,3,"[17:05:00,17:25:00)",6,1,2016-10-15,17,5,False
2016-10-15 17:25:00,116,0,3,"[17:25:00,17:45:00)",6,1,2016-10-15,17,25,False
2016-10-15 17:45:00,100,0,3,"[17:45:00,18:05:00)",6,1,2016-10-15,17,45,False
2016-10-15 18:05:00,81,0,3,"[18:05:00,18:25:00)",6,1,2016-10-15,18,5,False
2016-10-15 18:25:00,57,0,3,"[18:25:00,18:45:00)",6,1,2016-10-15,18,25,False
2016-10-15 18:45:00,81,0,3,"[18:45:00,19:05:00)",6,1,2016-10-15,18,45,False
2016-10-15 19:05:00,51,0,3,"[19:05:00,19:25:00)",6,1,2016-10-15,19,5,False
2016-10-15 19:25:00,80,0,3,"[19:25:00,19:45:00)",6,1,2016-10-15,19,25,False
2016-10-15 19:45:00,59,0,3,"[19:45:00,20:05:00)",6,1,2016-10-15,19,45,False
2016-10-15 20:05:00,55,0,3,"[20:05:00,20:25:00)",6,1,2016-10-15,20,5,False
2016-10-15 20:25:00,54,0,3,"[20:25:00,20:45:00)",6,1,2016-10-15,20,25,False
2016-10-15 20:45:00,45,0,3,"[20:45:00,21:05:00)",6,1,2016-10-15,20,45,False
2016-10-15 21:05:00,44,0,3,"[21:05:00,21:25:00)",6,1,2016-10-15,21,5,False
2016-10-15 21:25:00,40,0,3,"[21:25:00,21:45:00)",6,1,2016-10-15,21,25,False
2016-10-15 21:45:00,31,0,3,"[21:45:00,22:05:00)",6,1,2016-10-15,21,45,False
2016-10-15 22:05:00,22,0,3,"[22:05:00,22:25:00)",6,1,2016-10-15,22,5,False
2016-10-15 22:25:00,21,0,3,"[22:25:00,22:45:00)",6,1,2016-10-15,22,25,False
2016-10-15 22:45:00,18,0,3,"[22:45:00,23:05:00)",6,1,2016-10-15,22,45,False
2016-10-15 23:05:00,10,0,3,"[23:05:00,23:25:00)",6,1,2016-10-15,23,5,False
2016-10-15 23:25:00,10,0,3,"[23:25:00,23:45:00)",6,1,2016-10-15,23,25,False
2016-10-15 23:45:00,16,0,3,"[23:45:00,00:00:00)",6,1,2016-10-15,23,45,False
2016-10-16 00:05:00,21,0,3,"[00:05:00,00:25:00)",7,1,2016-10-16,0,5,False
2016-10-16 00:25:00,19,0,3,"[00:25:00,00:45:00)",7,1,2016-10-16,0,25,False
2016-10-16 00:45:00,17,0,3,"[00:45:00,01:05:00)",7,1,2016-10-16,0,45,False
2016-10-16 01:05:00,20,0,3,"[01:05:00,01:25:00)",7,1,2016-10-16,1,5,False
2016-10-16 01:25:00,22,0,3,"[01:25:00,01:45:00)",7,1,2016-10-16,1,25,False
2016-10-16 01:45:00,11,0,3,"[01:45:00,02:05:00)",7,1,2016-10-16,1,45,False
2016-10-16 02:05:00,10,0,3,"[02:05:00,02:25:00)",7,1,2016-10-16,2,5,False
2016-10-16 02:25:00,14,0,3,"[02:25:00,02:45:00)",7,1,2016-10-16,2,25,False
2016-10-16 02:45:00,16,0,3,"[02:45:00,03:05:00)",7,1,2016-10-16,2,45,False
2016-10-16 03:05:00,13,0,3,"[03:05:00,03:25:00)",7,1,2016-10-16,3,5,False
2016-10-16 03:25:00,12,0,3,"[03:25:00,03:45:00)",7,1,2016-10-16,3,25,False
2016-10-16 03:45:00,14,0,3,"[03:45:00,04:05:00)",7,1,2016-10-16,3,45,False
2016-10-16 04:05:00,10,0,3,"[04:05:00,04:25:00)",7,1,2016-10-16,4,5,False
2016-10-16 04:25:00,15,0,3,"[04:25:00,04:45:00)",7,1,2016-10-16,4,25,False
2016-10-16 04:45:00,18,0,3,"[04:45:00,05:05:00)",7,1,2016-10-16,4,45,False
2016-10-16 05:05:00,6,0,3,"[05:05:00,05:25:00)",7,1,2016-10-16,5,5,False
2016-10-16 05:25:00,11,0,3,"[05:25:00,05:45:00)",7,1,2016-10-16,5,25,False
2016-10-16 05:45:00,15,0,3,"[05:45:00,06:05:00)",7,1,2016-10-16,5,45,False
2016-10-16 06:05:00,34,0,3,"[06:05:00,06:25:00)",7,1,2016-10-16,6,5,False
2016-10-16 06:25:00,43,0,3,"[06:25:00,06:45:00)",7,1,2016-10-16,6,25,False
2016-10-16 06:45:00,66,0,3,"[06:45:00,07:05:00)",7,1,2016-10-16,6,45,False
2016-10-16 07:05:00,67,0,3,"[07:05:00,07:25:00)",7,1,2016-10-16,7,5,False
2016-10-16 07:25:00,73,0,3,"[07:25:00,07:45:00)",7,1,2016-10-16,7,25,False
2016-10-16 07:45:00,78,0,3,"[07:45:00,08:05:00)",7,1,2016-10-16,7,45,False
2016-10-16 08:05:00,87,0,3,"[08:05:00,08:25:00)",7,1,2016-10-16,8,5,False
2016-10-16 08:25:00,116,0,3,"[08:25:00,08:45:00)",7,1,2016-10-16,8,25,False
2016-10-16 08:45:00,104,0,3,"[08:45:00,09:05:00)",7,1,2016-10-16,8,45,False
2016-10-16 09:05:00,105,0,3,"[09:05:00,09:25:00)",7,1,2016-10-16,9,5,False
2016-10-16 09:25:00,89,0,3,"[09:25:00,09:45:00)",7,1,2016-10-16,9,25,False
2016-10-16 09:45:00,84,0,3,"[09:45:00,10:05:00)",7,1,2016-10-16,9,45,False
2016-10-16 10:05:00,86,0,3,"[10:05:00,10:25:00)",7,1,2016-10-16,10,5,False
2016-10-16 10:25:00,79,0,3,"[10:25:00,10:45:00)",7,1,2016-10-16,10,25,False
2016-10-16 10:45:00,56,0,3,"[10:45:00,11:05:00)",7,1,2016-10-16,10,45,False
2016-10-16 11:05:00,48,0,3,"[11:05:00,11:25:00)",7,1,2016-10-16,11,5,False
2016-10-16 11:25:00,69,0,3,"[11:25:00,11:45:00)",7,1,2016-10-16,11,25,False
2016-10-16 11:45:00,100,0,3,"[11:45:00,12:05:00)",7,1,2016-10-16,11,45,False
2016-10-16 12:05:00,87,0,3,"[12:05:00,12:25:00)",7,1,2016-10-16,12,5,False
2016-10-16 12:25:00,102,0,3,"[12:25:00,12:45:00)",7,1,2016-10-16,12,25,False
2016-10-16 12:45:00,109,0,3,"[12:45:00,13:05:00)",7,1,2016-10-16,12,45,False
2016-10-16 13:05:00,112,0,3,"[13:05:00,13:25:00)",7,1,2016-10-16,13,5,False
2016-10-16 13:25:00,129,0,3,"[13:25:00,13:45:00)",7,1,2016-10-16,13,25,False
2016-10-16 13:45:00,116,0,3,"[13:45:00,14:05:00)",7,1,2016-10-16,13,45,False
2016-10-16 14:05:00,122,0,3,"[14:05:00,14:25:00)",7,1,2016-10-16,14,5,False
2016-10-16 14:25:00,139,0,3,"[14:25:00,14:45:00)",7,1,2016-10-16,14,25,False
2016-10-16 14:45:00,136,0,3,"[14:45:00,15:05:00)",7,1,2016-10-16,14,45,False
2016-10-16 15:05:00,126,0,3,"[15:05:00,15:25:00)",7,1,2016-10-16,15,5,False
2016-10-16 15:25:00,107,0,3,"[15:25:00,15:45:00)",7,1,2016-10-16,15,25,False
2016-10-16 15:45:00,130,0,3,"[15:45:00,16:05:00)",7,1,2016-10-16,15,45,False
2016-10-16 16:05:00,138,0,3,"[16:05:00,16:25:00)",7,1,2016-10-16,16,5,False
2016-10-16 16:25:00,132,0,3,"[16:25:00,16:45:00)",7,1,2016-10-16,16,25,False
2016-10-16 16:45:00,132,0,3,"[16:45:00,17:05:00)",7,1,2016-10-16,16,45,False
2016-10-16 17:05:00,120,0,3,"[17:05:00,17:25:00)",7,1,2016-10-16,17,5,False
2016-10-16 17:25:00,108,0,3,"[17:25:00,17:45:00)",7,1,2016-10-16,17,25,False
2016-10-16 17:45:00,124,0,3,"[17:45:00,18:05:00)",7,1,2016-10-16,17,45,False
2016-10-16 18:05:00,103,0,3,"[18:05:00,18:25:00)",7,1,2016-10-16,18,5,False
2016-10-16 18:25:00,93,0,3,"[18:25:00,18:45:00)",7,1,2016-10-16,18,25,False
2016-10-16 18:45:00,74,0,3,"[18:45:00,19:05:00)",7,1,2016-10-16,18,45,False
2016-10-16 19:05:00,84,0,3,"[19:05:00,19:25:00)",7,1,2016-10-16,19,5,False
2016-10-16 19:25:00,74,0,3,"[19:25:00,19:45:00)",7,1,2016-10-16,19,25,False
2016-10-16 19:45:00,70,0,3,"[19:45:00,20:05:00)",7,1,2016-10-16,19,45,False
2016-10-16 20:05:00,57,0,3,"[20:05:00,20:25:00)",7,1,2016-10-16,20,5,False
2016-10-16 20:25:00,53,0,3,"[20:25:00,20:45:00)",7,1,2016-10-16,20,25,False
2016-10-16 20:45:00,57,0,3,"[20:45:00,21:05:00)",7,1,2016-10-16,20,45,False
2016-10-16 21:05:00,39,0,3,"[21:05:00,21:25:00)",7,1,2016-10-16,21,5,False
2016-10-16 21:25:00,39,0,3,"[21:25:00,21:45:00)",7,1,2016-10-16,21,25,False
2016-10-16 21:45:00,29,0,3,"[21:45:00,22:05:00)",7,1,2016-10-16,21,45,False
2016-10-16 22:05:00,27,0,3,"[22:05:00,22:25:00)",7,1,2016-10-16,22,5,False
2016-10-16 22:25:00,26,0,3,"[22:25:00,22:45:00)",7,1,2016-10-16,22,25,False
2016-10-16 22:45:00,15,0,3,"[22:45:00,23:05:00)",7,1,2016-10-16,22,45,False
2016-10-16 23:05:00,18,0,3,"[23:05:00,23:25:00)",7,1,2016-10-16,23,5,False
2016-10-16 23:25:00,23,0,3,"[23:25:00,23:45:00)",7,1,2016-10-16,23,25,False
2016-10-16 23:45:00,18,0,3,"[23:45:00,00:00:00)",7,1,2016-10-16,23,45,False
2016-10-17 00:05:00,18,0,3,"[00:05:00,00:25:00)",1,0,2016-10-17,0,5,False
2016-10-17 00:25:00,20,0,3,"[00:25:00,00:45:00)",1,0,2016-10-17,0,25,False
2016-10-17 00:45:00,19,0,3,"[00:45:00,01:05:00)",1,0,2016-10-17,0,45,False
2016-10-17 01:05:00,20,0,3,"[01:05:00,01:25:00)",1,0,2016-10-17,1,5,False
2016-10-17 01:25:00,17,0,3,"[01:25:00,01:45:00)",1,0,2016-10-17,1,25,False
2016-10-17 01:45:00,12,0,3,"[01:45:00,02:05:00)",1,0,2016-10-17,1,45,False
2016-10-17 02:05:00,9,0,3,"[02:05:00,02:25:00)",1,0,2016-10-17,2,5,False
2016-10-17 02:25:00,15,0,3,"[02:25:00,02:45:00)",1,0,2016-10-17,2,25,False
2016-10-17 02:45:00,16,0,3,"[02:45:00,03:05:00)",1,0,2016-10-17,2,45,False
2016-10-17 03:05:00,13,0,3,"[03:05:00,03:25:00)",1,0,2016-10-17,3,5,False
2016-10-17 03:25:00,14,0,3,"[03:25:00,03:45:00)",1,0,2016-10-17,3,25,False
2016-10-17 03:45:00,9,0,3,"[03:45:00,04:05:00)",1,0,2016-10-17,3,45,False
2016-10-17 04:05:00,13,0,3,"[04:05:00,04:25:00)",1,0,2016-10-17,4,5,False
2016-10-17 04:25:00,14,0,3,"[04:25:00,04:45:00)",1,0,2016-10-17,4,25,False
2016-10-17 04:45:00,12,0,3,"[04:45:00,05:05:00)",1,0,2016-10-17,4,45,False
2016-10-17 05:05:00,11,0,3,"[05:05:00,05:25:00)",1,0,2016-10-17,5,5,False
2016-10-17 05:25:00,19,0,3,"[05:25:00,05:45:00)",1,0,2016-10-17,5,25,False
2016-10-17 05:45:00,23,0,3,"[05:45:00,06:05:00)",1,0,2016-10-17,5,45,False
2016-10-17 06:05:00,44,0,3,"[06:05:00,06:25:00)",1,0,2016-10-17,6,5,False
2016-10-17 06:25:00,65,0,3,"[06:25:00,06:45:00)",1,0,2016-10-17,6,25,False
2016-10-17 06:45:00,107,0,3,"[06:45:00,07:05:00)",1,0,2016-10-17,6,45,False
2016-10-17 07:05:00,159,0,3,"[07:05:00,07:25:00)",1,0,2016-10-17,7,5,False
2016-10-17 07:25:00,159,0,3,"[07:25:00,07:45:00)",1,0,2016-10-17,7,25,False
2016-10-17 07:45:00,177,0,3,"[07:45:00,08:05:00)",1,0,2016-10-17,7,45,False
2016-10-17 08:05:00,169,0,3,"[08:05:00,08:25:00)",1,0,2016-10-17,8,5,False
2016-10-17 08:25:00,175,0,3,"[08:25:00,08:45:00)",1,0,2016-10-17,8,25,False
2016-10-17 08:45:00,186,0,3,"[08:45:00,09:05:00)",1,0,2016-10-17,8,45,False
2016-10-17 09:05:00,147,0,3,"[09:05:00,09:25:00)",1,0,2016-10-17,9,5,False
2016-10-17 09:25:00,133,0,3,"[09:25:00,09:45:00)",1,0,2016-10-17,9,25,False
2016-10-17 09:45:00,115,0,3,"[09:45:00,10:05:00)",1,0,2016-10-17,9,45,False
2016-10-17 10:05:00,122,0,3,"[10:05:00,10:25:00)",1,0,2016-10-17,10,5,False
2016-10-17 10:25:00,108,0,3,"[10:25:00,10:45:00)",1,0,2016-10-17,10,25,False
2016-10-17 10:45:00,84,0,3,"[10:45:00,11:05:00)",1,0,2016-10-17,10,45,False
2016-10-17 11:05:00,99,0,3,"[11:05:00,11:25:00)",1,0,2016-10-17,11,5,False
2016-10-17 11:25:00,86,0,3,"[11:25:00,11:45:00)",1,0,2016-10-17,11,25,False
2016-10-17 11:45:00,84,0,3,"[11:45:00,12:05:00)",1,0,2016-10-17,11,45,False
2016-10-17 12:05:00,88,0,3,"[12:05:00,12:25:00)",1,0,2016-10-17,12,5,False
2016-10-17 12:25:00,78,0,3,"[12:25:00,12:45:00)",1,0,2016-10-17,12,25,False
2016-10-17 12:45:00,92,0,3,"[12:45:00,13:05:00)",1,0,2016-10-17,12,45,False
2016-10-17 13:05:00,116,0,3,"[13:05:00,13:25:00)",1,0,2016-10-17,13,5,False
2016-10-17 13:25:00,93,0,3,"[13:25:00,13:45:00)",1,0,2016-10-17,13,25,False
2016-10-17 13:45:00,91,0,3,"[13:45:00,14:05:00)",1,0,2016-10-17,13,45,False
2016-10-17 14:05:00,123,0,3,"[14:05:00,14:25:00)",1,0,2016-10-17,14,5,False
2016-10-17 14:25:00,109,0,3,"[14:25:00,14:45:00)",1,0,2016-10-17,14,25,False
2016-10-17 14:45:00,92,0,3,"[14:45:00,15:05:00)",1,0,2016-10-17,14,45,False
2016-10-17 15:05:00,115,0,3,"[15:05:00,15:25:00)",1,0,2016-10-17,15,5,False
2016-10-17 15:25:00,101,0,3,"[15:25:00,15:45:00)",1,0,2016-10-17,15,25,False
2016-10-17 15:45:00,103,0,3,"[15:45:00,16:05:00)",1,0,2016-10-17,15,45,False
2016-10-17 16:05:00,122,0,3,"[16:05:00,16:25:00)",1,0,2016-10-17,16,5,False
2016-10-17 16:25:00,103,0,3,"[16:25:00,16:45:00)",1,0,2016-10-17,16,25,False
2016-10-17 16:45:00,114,0,3,"[16:45:00,17:05:00)",1,0,2016-10-17,16,45,False
2016-10-17 17:05:00,139,0,3,"[17:05:00,17:25:00)",1,0,2016-10-17,17,5,False
2016-10-17 17:25:00,139,0,3,"[17:25:00,17:45:00)",1,0,2016-10-17,17,25,False
2016-10-17 17:45:00,95,0,3,"[17:45:00,18:05:00)",1,0,2016-10-17,17,45,False
2016-10-17 18:05:00,96,0,3,"[18:05:00,18:25:00)",1,0,2016-10-17,18,5,False
2016-10-17 18:25:00,77,0,3,"[18:25:00,18:45:00)",1,0,2016-10-17,18,25,False
2016-10-17 18:45:00,64,0,3,"[18:45:00,19:05:00)",1,0,2016-10-17,18,45,False
2016-10-17 19:05:00,47,0,3,"[19:05:00,19:25:00)",1,0,2016-10-17,19,5,False
2016-10-17 19:25:00,51,0,3,"[19:25:00,19:45:00)",1,0,2016-10-17,19,25,False
2016-10-17 19:45:00,50,0,3,"[19:45:00,20:05:00)",1,0,2016-10-17,19,45,False
2016-10-17 20:05:00,50,0,3,"[20:05:00,20:25:00)",1,0,2016-10-17,20,5,False
2016-10-17 20:25:00,43,0,3,"[20:25:00,20:45:00)",1,0,2016-10-17,20,25,False
2016-10-17 20:45:00,37,0,3,"[20:45:00,21:05:00)",1,0,2016-10-17,20,45,False
2016-10-17 21:05:00,35,0,3,"[21:05:00,21:25:00)",1,0,2016-10-17,21,5,False
2016-10-17 21:25:00,30,0,3,"[21:25:00,21:45:00)",1,0,2016-10-17,21,25,False
2016-10-17 21:45:00,20,0,3,"[21:45:00,22:05:00)",1,0,2016-10-17,21,45,False
2016-10-17 22:05:00,20,0,3,"[22:05:00,22:25:00)",1,0,2016-10-17,22,5,False
2016-10-17 22:25:00,21,0,3,"[22:25:00,22:45:00)",1,0,2016-10-17,22,25,False
2016-10-17 22:45:00,14,0,3,"[22:45:00,23:05:00)",1,0,2016-10-17,22,45,False
2016-10-17 23:05:00,5,0,3,"[23:05:00,23:25:00)",1,0,2016-10-17,23,5,False
2016-10-17 23:25:00,10,0,3,"[23:25:00,23:45:00)",1,0,2016-10-17,23,25,False
2016-10-17 23:45:00,13,0,3,"[23:45:00,00:00:00)",1,0,2016-10-17,23,45,False
2016-10-18 00:05:00,12,0,3,"[00:05:00,00:25:00)",2,0,2016-10-18,0,5,False
2016-10-18 00:25:00,11,0,3,"[00:25:00,00:45:00)",2,0,2016-10-18,0,25,False
2016-10-18 00:45:00,17,0,3,"[00:45:00,01:05:00)",2,0,2016-10-18,0,45,False
2016-10-18 01:05:00,22,0,3,"[01:05:00,01:25:00)",2,0,2016-10-18,1,5,False
2016-10-18 01:25:00,20,0,3,"[01:25:00,01:45:00)",2,0,2016-10-18,1,25,False
2016-10-18 01:45:00,20,0,3,"[01:45:00,02:05:00)",2,0,2016-10-18,1,45,False
2016-10-18 02:05:00,13,0,3,"[02:05:00,02:25:00)",2,0,2016-10-18,2,5,False
2016-10-18 02:25:00,10,0,3,"[02:25:00,02:45:00)",2,0,2016-10-18,2,25,False
2016-10-18 02:45:00,11,0,3,"[02:45:00,03:05:00)",2,0,2016-10-18,2,45,False
2016-10-18 03:05:00,14,0,3,"[03:05:00,03:25:00)",2,0,2016-10-18,3,5,False
2016-10-18 03:25:00,16,0,3,"[03:25:00,03:45:00)",2,0,2016-10-18,3,25,False
2016-10-18 03:45:00,12,0,3,"[03:45:00,04:05:00)",2,0,2016-10-18,3,45,False
2016-10-18 04:05:00,10,0,3,"[04:05:00,04:25:00)",2,0,2016-10-18,4,5,False
2016-10-18 04:25:00,17,0,3,"[04:25:00,04:45:00)",2,0,2016-10-18,4,25,False
2016-10-18 04:45:00,14,0,3,"[04:45:00,05:05:00)",2,0,2016-10-18,4,45,False
2016-10-18 05:05:00,11,0,3,"[05:05:00,05:25:00)",2,0,2016-10-18,5,5,False
2016-10-18 05:25:00,16,0,3,"[05:25:00,05:45:00)",2,0,2016-10-18,5,25,False
2016-10-18 05:45:00,20,0,3,"[05:45:00,06:05:00)",2,0,2016-10-18,5,45,False
2016-10-18 06:05:00,29,0,3,"[06:05:00,06:25:00)",2,0,2016-10-18,6,5,False
2016-10-18 06:25:00,52,0,3,"[06:25:00,06:45:00)",2,0,2016-10-18,6,25,False
2016-10-18 06:45:00,102,0,3,"[06:45:00,07:05:00)",2,0,2016-10-18,6,45,False
2016-10-18 07:05:00,106,0,3,"[07:05:00,07:25:00)",2,0,2016-10-18,7,5,False
2016-10-18 07:25:00,139,0,3,"[07:25:00,07:45:00)",2,0,2016-10-18,7,25,False
2016-10-18 07:45:00,172,0,3,"[07:45:00,08:05:00)",2,0,2016-10-18,7,45,False
2016-10-18 08:05:00,191,0,3,"[08:05:00,08:25:00)",2,0,2016-10-18,8,5,False
2016-10-18 08:25:00,149,0,3,"[08:25:00,08:45:00)",2,0,2016-10-18,8,25,False
2016-10-18 08:45:00,127,0,3,"[08:45:00,09:05:00)",2,0,2016-10-18,8,45,False
2016-10-18 09:05:00,190,0,3,"[09:05:00,09:25:00)",2,0,2016-10-18,9,5,False
2016-10-18 09:25:00,124,0,3,"[09:25:00,09:45:00)",2,0,2016-10-18,9,25,False
2016-10-18 09:45:00,126,0,3,"[09:45:00,10:05:00)",2,0,2016-10-18,9,45,False
2016-10-18 10:05:00,106,0,3,"[10:05:00,10:25:00)",2,0,2016-10-18,10,5,False
2016-10-18 10:25:00,116,0,3,"[10:25:00,10:45:00)",2,0,2016-10-18,10,25,False
2016-10-18 10:45:00,97,0,3,"[10:45:00,11:05:00)",2,0,2016-10-18,10,45,False
2016-10-18 11:05:00,75,0,3,"[11:05:00,11:25:00)",2,0,2016-10-18,11,5,False
2016-10-18 11:25:00,84,0,3,"[11:25:00,11:45:00)",2,0,2016-10-18,11,25,False
2016-10-18 11:45:00,82,0,3,"[11:45:00,12:05:00)",2,0,2016-10-18,11,45,False
2016-10-18 12:05:00,96,0,3,"[12:05:00,12:25:00)",2,0,2016-10-18,12,5,False
2016-10-18 12:25:00,109,0,3,"[12:25:00,12:45:00)",2,0,2016-10-18,12,25,False
2016-10-18 12:45:00,114,0,3,"[12:45:00,13:05:00)",2,0,2016-10-18,12,45,False
2016-10-18 13:05:00,96,0,3,"[13:05:00,13:25:00)",2,0,2016-10-18,13,5,False
2016-10-18 13:25:00,104,0,3,"[13:25:00,13:45:00)",2,0,2016-10-18,13,25,False
2016-10-18 13:45:00,131,0,3,"[13:45:00,14:05:00)",2,0,2016-10-18,13,45,False
2016-10-18 14:05:00,114,0,3,"[14:05:00,14:25:00)",2,0,2016-10-18,14,5,False
2016-10-18 14:25:00,125,0,3,"[14:25:00,14:45:00)",2,0,2016-10-18,14,25,False
2016-10-18 14:45:00,114,0,3,"[14:45:00,15:05:00)",2,0,2016-10-18,14,45,False
2016-10-18 15:05:00,113,0,3,"[15:05:00,15:25:00)",2,0,2016-10-18,15,5,False
2016-10-18 15:25:00,98,0,3,"[15:25:00,15:45:00)",2,0,2016-10-18,15,25,False
2016-10-18 15:45:00,92,0,3,"[15:45:00,16:05:00)",2,0,2016-10-18,15,45,False
2016-10-18 16:05:00,127,0,3,"[16:05:00,16:25:00)",2,0,2016-10-18,16,5,False
2016-10-18 16:25:00,117,0,3,"[16:25:00,16:45:00)",2,0,2016-10-18,16,25,False
2016-10-18 16:45:00,109,0,3,"[16:45:00,17:05:00)",2,0,2016-10-18,16,45,False
2016-10-18 17:05:00,123,0,3,"[17:05:00,17:25:00)",2,0,2016-10-18,17,5,False
2016-10-18 17:25:00,83,0,3,"[17:25:00,17:45:00)",2,0,2016-10-18,17,25,False
2016-10-18 17:45:00,91,0,3,"[17:45:00,18:05:00)",2,0,2016-10-18,17,45,False
2016-10-18 18:05:00,86,0,3,"[18:05:00,18:25:00)",2,0,2016-10-18,18,5,False
2016-10-18 18:25:00,63,0,3,"[18:25:00,18:45:00)",2,0,2016-10-18,18,25,False
2016-10-18 18:45:00,48,0,3,"[18:45:00,19:05:00)",2,0,2016-10-18,18,45,False
2016-10-18 19:05:00,42,0,3,"[19:05:00,19:25:00)",2,0,2016-10-18,19,5,False
2016-10-18 19:25:00,43,0,3,"[19:25:00,19:45:00)",2,0,2016-10-18,19,25,False
2016-10-18 19:45:00,53,0,3,"[19:45:00,20:05:00)",2,0,2016-10-18,19,45,False
2016-10-18 20:05:00,41,0,3,"[20:05:00,20:25:00)",2,0,2016-10-18,20,5,False
2016-10-18 20:25:00,38,0,3,"[20:25:00,20:45:00)",2,0,2016-10-18,20,25,False
2016-10-18 20:45:00,37,0,3,"[20:45:00,21:05:00)",2,0,2016-10-18,20,45,False
2016-10-18 21:05:00,37,0,3,"[21:05:00,21:25:00)",2,0,2016-10-18,21,5,False
2016-10-18 21:25:00,31,0,3,"[21:25:00,21:45:00)",2,0,2016-10-18,21,25,False
2016-10-18 21:45:00,29,0,3,"[21:45:00,22:05:00)",2,0,2016-10-18,21,45,False
2016-10-18 22:05:00,23,0,3,"[22:05:00,22:25:00)",2,0,2016-10-18,22,5,False
2016-10-18 22:25:00,18,0,3,"[22:25:00,22:45:00)",2,0,2016-10-18,22,25,False
2016-10-18 22:45:00,17,0,3,"[22:45:00,23:05:00)",2,0,2016-10-18,22,45,False
2016-10-18 23:05:00,14,0,3,"[23:05:00,23:25:00)",2,0,2016-10-18,23,5,False
2016-10-18 23:25:00,13,0,3,"[23:25:00,23:45:00)",2,0,2016-10-18,23,25,False
2016-10-18 23:45:00,20,0,3,"[23:45:00,00:00:00)",2,0,2016-10-18,23,45,False
2016-10-19 00:05:00,9,0,3,"[00:05:00,00:25:00)",3,0,2016-10-19,0,5,False
2016-10-19 00:25:00,11,0,3,"[00:25:00,00:45:00)",3,0,2016-10-19,0,25,False
2016-10-19 00:45:00,17,0,3,"[00:45:00,01:05:00)",3,0,2016-10-19,0,45,False
2016-10-19 01:05:00,24,0,3,"[01:05:00,01:25:00)",3,0,2016-10-19,1,5,False
2016-10-19 01:25:00,22,0,3,"[01:25:00,01:45:00)",3,0,2016-10-19,1,25,False
2016-10-19 01:45:00,13,0,3,"[01:45:00,02:05:00)",3,0,2016-10-19,1,45,False
2016-10-19 02:05:00,17,0,3,"[02:05:00,02:25:00)",3,0,2016-10-19,2,5,False
2016-10-19 02:25:00,12,0,3,"[02:25:00,02:45:00)",3,0,2016-10-19,2,25,False
2016-10-19 02:45:00,15,0,3,"[02:45:00,03:05:00)",3,0,2016-10-19,2,45,False
2016-10-19 03:05:00,10,0,3,"[03:05:00,03:25:00)",3,0,2016-10-19,3,5,False
2016-10-19 03:25:00,13,0,3,"[03:25:00,03:45:00)",3,0,2016-10-19,3,25,False
2016-10-19 03:45:00,10,0,3,"[03:45:00,04:05:00)",3,0,2016-10-19,3,45,False
2016-10-19 04:05:00,9,0,3,"[04:05:00,04:25:00)",3,0,2016-10-19,4,5,False
2016-10-19 04:25:00,9,0,3,"[04:25:00,04:45:00)",3,0,2016-10-19,4,25,False
2016-10-19 04:45:00,13,0,3,"[04:45:00,05:05:00)",3,0,2016-10-19,4,45,False
2016-10-19 05:05:00,18,0,3,"[05:05:00,05:25:00)",3,0,2016-10-19,5,5,False
2016-10-19 05:25:00,17,0,3,"[05:25:00,05:45:00)",3,0,2016-10-19,5,25,False
2016-10-19 05:45:00,26,0,3,"[05:45:00,06:05:00)",3,0,2016-10-19,5,45,False
2016-10-19 06:05:00,29,0,3,"[06:05:00,06:25:00)",3,0,2016-10-19,6,5,False
2016-10-19 06:25:00,60,0,3,"[06:25:00,06:45:00)",3,0,2016-10-19,6,25,False
2016-10-19 06:45:00,85,0,3,"[06:45:00,07:05:00)",3,0,2016-10-19,6,45,False
2016-10-19 07:05:00,135,0,3,"[07:05:00,07:25:00)",3,0,2016-10-19,7,5,False
2016-10-19 07:25:00,131,0,3,"[07:25:00,07:45:00)",3,0,2016-10-19,7,25,False
2016-10-19 07:45:00,151,0,3,"[07:45:00,08:05:00)",3,0,2016-10-19,7,45,False
2016-10-19 08:05:00,140,0,3,"[08:05:00,08:25:00)",3,0,2016-10-19,8,5,False
2016-10-19 08:25:00,148,0,3,"[08:25:00,08:45:00)",3,0,2016-10-19,8,25,False
2016-10-19 08:45:00,127,0,3,"[08:45:00,09:05:00)",3,0,2016-10-19,8,45,False
2016-10-19 09:05:00,151,0,3,"[09:05:00,09:25:00)",3,0,2016-10-19,9,5,False
2016-10-19 09:25:00,143,0,3,"[09:25:00,09:45:00)",3,0,2016-10-19,9,25,False
2016-10-19 09:45:00,142,0,3,"[09:45:00,10:05:00)",3,0,2016-10-19,9,45,False
2016-10-19 10:05:00,111,0,3,"[10:05:00,10:25:00)",3,0,2016-10-19,10,5,False
2016-10-19 10:25:00,96,0,3,"[10:25:00,10:45:00)",3,0,2016-10-19,10,25,False
2016-10-19 10:45:00,100,0,3,"[10:45:00,11:05:00)",3,0,2016-10-19,10,45,False
2016-10-19 11:05:00,88,0,3,"[11:05:00,11:25:00)",3,0,2016-10-19,11,5,False
2016-10-19 11:25:00,79,0,3,"[11:25:00,11:45:00)",3,0,2016-10-19,11,25,False
2016-10-19 11:45:00,101,0,3,"[11:45:00,12:05:00)",3,0,2016-10-19,11,45,False
2016-10-19 12:05:00,97,0,3,"[12:05:00,12:25:00)",3,0,2016-10-19,12,5,False
2016-10-19 12:25:00,79,0,3,"[12:25:00,12:45:00)",3,0,2016-10-19,12,25,False
2016-10-19 12:45:00,102,0,3,"[12:45:00,13:05:00)",3,0,2016-10-19,12,45,False
2016-10-19 13:05:00,94,0,3,"[13:05:00,13:25:00)",3,0,2016-10-19,13,5,False
2016-10-19 13:25:00,94,0,3,"[13:25:00,13:45:00)",3,0,2016-10-19,13,25,False
2016-10-19 13:45:00,134,0,3,"[13:45:00,14:05:00)",3,0,2016-10-19,13,45,False
2016-10-19 14:05:00,88,0,3,"[14:05:00,14:25:00)",3,0,2016-10-19,14,5,False
2016-10-19 14:25:00,108,0,3,"[14:25:00,14:45:00)",3,0,2016-10-19,14,25,False
2016-10-19 14:45:00,101,0,3,"[14:45:00,15:05:00)",3,0,2016-10-19,14,45,False
2016-10-19 15:05:00,119,0,3,"[15:05:00,15:25:00)",3,0,2016-10-19,15,5,False
2016-10-19 15:25:00,86,0,3,"[15:25:00,15:45:00)",3,0,2016-10-19,15,25,False
2016-10-19 15:45:00,107,0,3,"[15:45:00,16:05:00)",3,0,2016-10-19,15,45,False
2016-10-19 16:05:00,108,0,3,"[16:05:00,16:25:00)",3,0,2016-10-19,16,5,False
2016-10-19 16:25:00,101,0,3,"[16:25:00,16:45:00)",3,0,2016-10-19,16,25,False
2016-10-19 16:45:00,98,0,3,"[16:45:00,17:05:00)",3,0,2016-10-19,16,45,False
2016-10-19 17:05:00,116,0,3,"[17:05:00,17:25:00)",3,0,2016-10-19,17,5,False
2016-10-19 17:25:00,112,0,3,"[17:25:00,17:45:00)",3,0,2016-10-19,17,25,False
2016-10-19 17:45:00,82,0,3,"[17:45:00,18:05:00)",3,0,2016-10-19,17,45,False
2016-10-19 18:05:00,81,0,3,"[18:05:00,18:25:00)",3,0,2016-10-19,18,5,False
2016-10-19 18:25:00,62,0,3,"[18:25:00,18:45:00)",3,0,2016-10-19,18,25,False
2016-10-19 18:45:00,65,0,3,"[18:45:00,19:05:00)",3,0,2016-10-19,18,45,False
2016-10-19 19:05:00,43,0,3,"[19:05:00,19:25:00)",3,0,2016-10-19,19,5,False
2016-10-19 19:25:00,57,0,3,"[19:25:00,19:45:00)",3,0,2016-10-19,19,25,False
2016-10-19 19:45:00,48,0,3,"[19:45:00,20:05:00)",3,0,2016-10-19,19,45,False
2016-10-19 20:05:00,40,0,3,"[20:05:00,20:25:00)",3,0,2016-10-19,20,5,False
2016-10-19 20:25:00,31,0,3,"[20:25:00,20:45:00)",3,0,2016-10-19,20,25,False
2016-10-19 20:45:00,41,0,3,"[20:45:00,21:05:00)",3,0,2016-10-19,20,45,False
2016-10-19 21:05:00,40,0,3,"[21:05:00,21:25:00)",3,0,2016-10-19,21,5,False
2016-10-19 21:25:00,34,0,3,"[21:25:00,21:45:00)",3,0,2016-10-19,21,25,False
2016-10-19 21:45:00,33,0,3,"[21:45:00,22:05:00)",3,0,2016-10-19,21,45,False
2016-10-19 22:05:00,26,0,3,"[22:05:00,22:25:00)",3,0,2016-10-19,22,5,False
2016-10-19 22:25:00,25,0,3,"[22:25:00,22:45:00)",3,0,2016-10-19,22,25,False
2016-10-19 22:45:00,21,0,3,"[22:45:00,23:05:00)",3,0,2016-10-19,22,45,False
2016-10-19 23:05:00,27,0,3,"[23:05:00,23:25:00)",3,0,2016-10-19,23,5,False
2016-10-19 23:25:00,12,0,3,"[23:25:00,23:45:00)",3,0,2016-10-19,23,25,False
2016-10-19 23:45:00,13,0,3,"[23:45:00,00:00:00)",3,0,2016-10-19,23,45,False
2016-10-20 00:05:00,17,0,3,"[00:05:00,00:25:00)",4,0,2016-10-20,0,5,False
2016-10-20 00:25:00,16,0,3,"[00:25:00,00:45:00)",4,0,2016-10-20,0,25,False
2016-10-20 00:45:00,24,0,3,"[00:45:00,01:05:00)",4,0,2016-10-20,0,45,False
2016-10-20 01:05:00,16,0,3,"[01:05:00,01:25:00)",4,0,2016-10-20,1,5,False
2016-10-20 01:25:00,17,0,3,"[01:25:00,01:45:00)",4,0,2016-10-20,1,25,False
2016-10-20 01:45:00,20,0,3,"[01:45:00,02:05:00)",4,0,2016-10-20,1,45,False
2016-10-20 02:05:00,16,0,3,"[02:05:00,02:25:00)",4,0,2016-10-20,2,5,False
2016-10-20 02:25:00,14,0,3,"[02:25:00,02:45:00)",4,0,2016-10-20,2,25,False
2016-10-20 02:45:00,9,0,3,"[02:45:00,03:05:00)",4,0,2016-10-20,2,45,False
2016-10-20 03:05:00,13,0,3,"[03:05:00,03:25:00)",4,0,2016-10-20,3,5,False
2016-10-20 03:25:00,6,0,3,"[03:25:00,03:45:00)",4,0,2016-10-20,3,25,False
2016-10-20 03:45:00,11,0,3,"[03:45:00,04:05:00)",4,0,2016-10-20,3,45,False
2016-10-20 04:05:00,10,0,3,"[04:05:00,04:25:00)",4,0,2016-10-20,4,5,False
2016-10-20 04:25:00,11,0,3,"[04:25:00,04:45:00)",4,0,2016-10-20,4,25,False
2016-10-20 04:45:00,17,0,3,"[04:45:00,05:05:00)",4,0,2016-10-20,4,45,False
2016-10-20 05:05:00,18,0,3,"[05:05:00,05:25:00)",4,0,2016-10-20,5,5,False
2016-10-20 05:25:00,27,0,3,"[05:25:00,05:45:00)",4,0,2016-10-20,5,25,False
2016-10-20 05:45:00,22,0,3,"[05:45:00,06:05:00)",4,0,2016-10-20,5,45,False
2016-10-20 06:05:00,37,0,3,"[06:05:00,06:25:00)",4,0,2016-10-20,6,5,False
2016-10-20 06:25:00,58,0,3,"[06:25:00,06:45:00)",4,0,2016-10-20,6,25,False
2016-10-20 06:45:00,85,0,3,"[06:45:00,07:05:00)",4,0,2016-10-20,6,45,False
2016-10-20 07:05:00,113,0,3,"[07:05:00,07:25:00)",4,0,2016-10-20,7,5,False
2016-10-20 07:25:00,123,0,3,"[07:25:00,07:45:00)",4,0,2016-10-20,7,25,False
2016-10-20 07:45:00,133,0,3,"[07:45:00,08:05:00)",4,0,2016-10-20,7,45,False
2016-10-20 08:05:00,161,0,3,"[08:05:00,08:25:00)",4,0,2016-10-20,8,5,False
2016-10-20 08:25:00,150,0,3,"[08:25:00,08:45:00)",4,0,2016-10-20,8,25,False
2016-10-20 08:45:00,139,0,3,"[08:45:00,09:05:00)",4,0,2016-10-20,8,45,False
2016-10-20 09:05:00,136,0,3,"[09:05:00,09:25:00)",4,0,2016-10-20,9,5,False
2016-10-20 09:25:00,136,0,3,"[09:25:00,09:45:00)",4,0,2016-10-20,9,25,False
2016-10-20 09:45:00,109,0,3,"[09:45:00,10:05:00)",4,0,2016-10-20,9,45,False
2016-10-20 10:05:00,110,0,3,"[10:05:00,10:25:00)",4,0,2016-10-20,10,5,False
2016-10-20 10:25:00,98,0,3,"[10:25:00,10:45:00)",4,0,2016-10-20,10,25,False
2016-10-20 10:45:00,103,0,3,"[10:45:00,11:05:00)",4,0,2016-10-20,10,45,False
2016-10-20 11:05:00,85,0,3,"[11:05:00,11:25:00)",4,0,2016-10-20,11,5,False
2016-10-20 11:25:00,76,0,3,"[11:25:00,11:45:00)",4,0,2016-10-20,11,25,False
2016-10-20 11:45:00,85,0,3,"[11:45:00,12:05:00)",4,0,2016-10-20,11,45,False
2016-10-20 12:05:00,108,0,3,"[12:05:00,12:25:00)",4,0,2016-10-20,12,5,False
2016-10-20 12:25:00,121,0,3,"[12:25:00,12:45:00)",4,0,2016-10-20,12,25,False
2016-10-20 12:45:00,94,0,3,"[12:45:00,13:05:00)",4,0,2016-10-20,12,45,False
2016-10-20 13:05:00,112,0,3,"[13:05:00,13:25:00)",4,0,2016-10-20,13,5,False
2016-10-20 13:25:00,146,0,3,"[13:25:00,13:45:00)",4,0,2016-10-20,13,25,False
2016-10-20 13:45:00,127,0,3,"[13:45:00,14:05:00)",4,0,2016-10-20,13,45,False
2016-10-20 14:05:00,102,0,3,"[14:05:00,14:25:00)",4,0,2016-10-20,14,5,False
2016-10-20 14:25:00,117,0,3,"[14:25:00,14:45:00)",4,0,2016-10-20,14,25,False
2016-10-20 14:45:00,108,0,3,"[14:45:00,15:05:00)",4,0,2016-10-20,14,45,False
2016-10-20 15:05:00,94,0,3,"[15:05:00,15:25:00)",4,0,2016-10-20,15,5,False
2016-10-20 15:25:00,113,0,3,"[15:25:00,15:45:00)",4,0,2016-10-20,15,25,False
2016-10-20 15:45:00,108,0,3,"[15:45:00,16:05:00)",4,0,2016-10-20,15,45,False
2016-10-20 16:05:00,113,0,3,"[16:05:00,16:25:00)",4,0,2016-10-20,16,5,False
2016-10-20 16:25:00,102,0,3,"[16:25:00,16:45:00)",4,0,2016-10-20,16,25,False
2016-10-20 16:45:00,163,0,3,"[16:45:00,17:05:00)",4,0,2016-10-20,16,45,False
2016-10-20 17:05:00,119,0,3,"[17:05:00,17:25:00)",4,0,2016-10-20,17,5,False
2016-10-20 17:25:00,105,0,3,"[17:25:00,17:45:00)",4,0,2016-10-20,17,25,False
2016-10-20 17:45:00,92,0,3,"[17:45:00,18:05:00)",4,0,2016-10-20,17,45,False
2016-10-20 18:05:00,76,0,3,"[18:05:00,18:25:00)",4,0,2016-10-20,18,5,False
2016-10-20 18:25:00,65,0,3,"[18:25:00,18:45:00)",4,0,2016-10-20,18,25,False
2016-10-20 18:45:00,52,0,3,"[18:45:00,19:05:00)",4,0,2016-10-20,18,45,False
2016-10-20 19:05:00,58,0,3,"[19:05:00,19:25:00)",4,0,2016-10-20,19,5,False
2016-10-20 19:25:00,48,0,3,"[19:25:00,19:45:00)",4,0,2016-10-20,19,25,False
2016-10-20 19:45:00,45,0,3,"[19:45:00,20:05:00)",4,0,2016-10-20,19,45,False
2016-10-20 20:05:00,46,0,3,"[20:05:00,20:25:00)",4,0,2016-10-20,20,5,False
2016-10-20 20:25:00,37,0,3,"[20:25:00,20:45:00)",4,0,2016-10-20,20,25,False
2016-10-20 20:45:00,48,0,3,"[20:45:00,21:05:00)",4,0,2016-10-20,20,45,False
2016-10-20 21:05:00,38,0,3,"[21:05:00,21:25:00)",4,0,2016-10-20,21,5,False
2016-10-20 21:25:00,31,0,3,"[21:25:00,21:45:00)",4,0,2016-10-20,21,25,False
2016-10-20 21:45:00,25,0,3,"[21:45:00,22:05:00)",4,0,2016-10-20,21,45,False
2016-10-20 22:05:00,23,0,3,"[22:05:00,22:25:00)",4,0,2016-10-20,22,5,False
2016-10-20 22:25:00,18,0,3,"[22:25:00,22:45:00)",4,0,2016-10-20,22,25,False
2016-10-20 22:45:00,12,0,3,"[22:45:00,23:05:00)",4,0,2016-10-20,22,45,False
2016-10-20 23:05:00,5,0,3,"[23:05:00,23:25:00)",4,0,2016-10-20,23,5,False
2016-10-20 23:25:00,15,0,3,"[23:25:00,23:45:00)",4,0,2016-10-20,23,25,False
2016-10-20 23:45:00,17,0,3,"[23:45:00,00:00:00)",4,0,2016-10-20,23,45,False
2016-10-21 00:05:00,11,0,3,"[00:05:00,00:25:00)",5,0,2016-10-21,0,5,False
2016-10-21 00:25:00,21,0,3,"[00:25:00,00:45:00)",5,0,2016-10-21,0,25,False
2016-10-21 00:45:00,26,0,3,"[00:45:00,01:05:00)",5,0,2016-10-21,0,45,False
2016-10-21 01:05:00,16,0,3,"[01:05:00,01:25:00)",5,0,2016-10-21,1,5,False
2016-10-21 01:25:00,24,0,3,"[01:25:00,01:45:00)",5,0,2016-10-21,1,25,False
2016-10-21 01:45:00,21,0,3,"[01:45:00,02:05:00)",5,0,2016-10-21,1,45,False
2016-10-21 02:05:00,15,0,3,"[02:05:00,02:25:00)",5,0,2016-10-21,2,5,False
2016-10-21 02:25:00,20,0,3,"[02:25:00,02:45:00)",5,0,2016-10-21,2,25,False
2016-10-21 02:45:00,13,0,3,"[02:45:00,03:05:00)",5,0,2016-10-21,2,45,False
2016-10-21 03:05:00,10,0,3,"[03:05:00,03:25:00)",5,0,2016-10-21,3,5,False
2016-10-21 03:25:00,7,0,3,"[03:25:00,03:45:00)",5,0,2016-10-21,3,25,False
2016-10-21 03:45:00,8,0,3,"[03:45:00,04:05:00)",5,0,2016-10-21,3,45,False
2016-10-21 04:05:00,17,0,3,"[04:05:00,04:25:00)",5,0,2016-10-21,4,5,False
2016-10-21 04:25:00,16,0,3,"[04:25:00,04:45:00)",5,0,2016-10-21,4,25,False
2016-10-21 04:45:00,15,0,3,"[04:45:00,05:05:00)",5,0,2016-10-21,4,45,False
2016-10-21 05:05:00,11,0,3,"[05:05:00,05:25:00)",5,0,2016-10-21,5,5,False
2016-10-21 05:25:00,16,0,3,"[05:25:00,05:45:00)",5,0,2016-10-21,5,25,False
2016-10-21 05:45:00,15,0,3,"[05:45:00,06:05:00)",5,0,2016-10-21,5,45,False
2016-10-21 06:05:00,24,0,3,"[06:05:00,06:25:00)",5,0,2016-10-21,6,5,False
2016-10-21 06:25:00,59,0,3,"[06:25:00,06:45:00)",5,0,2016-10-21,6,25,False
2016-10-21 06:45:00,75,0,3,"[06:45:00,07:05:00)",5,0,2016-10-21,6,45,False
2016-10-21 07:05:00,121,0,3,"[07:05:00,07:25:00)",5,0,2016-10-21,7,5,False
2016-10-21 07:25:00,150,0,3,"[07:25:00,07:45:00)",5,0,2016-10-21,7,25,False
2016-10-21 07:45:00,163,0,3,"[07:45:00,08:05:00)",5,0,2016-10-21,7,45,False
2016-10-21 08:05:00,163,0,3,"[08:05:00,08:25:00)",5,0,2016-10-21,8,5,False
2016-10-21 08:25:00,151,0,3,"[08:25:00,08:45:00)",5,0,2016-10-21,8,25,False
2016-10-21 08:45:00,143,0,3,"[08:45:00,09:05:00)",5,0,2016-10-21,8,45,False
2016-10-21 09:05:00,131,0,3,"[09:05:00,09:25:00)",5,0,2016-10-21,9,5,False
2016-10-21 09:25:00,159,0,3,"[09:25:00,09:45:00)",5,0,2016-10-21,9,25,False
2016-10-21 09:45:00,113,0,3,"[09:45:00,10:05:00)",5,0,2016-10-21,9,45,False
2016-10-21 10:05:00,120,0,3,"[10:05:00,10:25:00)",5,0,2016-10-21,10,5,False
2016-10-21 10:25:00,113,0,3,"[10:25:00,10:45:00)",5,0,2016-10-21,10,25,False
2016-10-21 10:45:00,88,0,3,"[10:45:00,11:05:00)",5,0,2016-10-21,10,45,False
2016-10-21 11:05:00,85,0,3,"[11:05:00,11:25:00)",5,0,2016-10-21,11,5,False
2016-10-21 11:25:00,78,0,3,"[11:25:00,11:45:00)",5,0,2016-10-21,11,25,False
2016-10-21 11:45:00,81,0,3,"[11:45:00,12:05:00)",5,0,2016-10-21,11,45,False
2016-10-21 12:05:00,98,0,3,"[12:05:00,12:25:00)",5,0,2016-10-21,12,5,False
2016-10-21 12:25:00,116,0,3,"[12:25:00,12:45:00)",5,0,2016-10-21,12,25,False
2016-10-21 12:45:00,120,0,3,"[12:45:00,13:05:00)",5,0,2016-10-21,12,45,False
2016-10-21 13:05:00,118,0,3,"[13:05:00,13:25:00)",5,0,2016-10-21,13,5,False
2016-10-21 13:25:00,146,0,3,"[13:25:00,13:45:00)",5,0,2016-10-21,13,25,False
2016-10-21 13:45:00,108,0,3,"[13:45:00,14:05:00)",5,0,2016-10-21,13,45,False
2016-10-21 14:05:00,123,0,3,"[14:05:00,14:25:00)",5,0,2016-10-21,14,5,False
2016-10-21 14:25:00,122,0,3,"[14:25:00,14:45:00)",5,0,2016-10-21,14,25,False
2016-10-21 14:45:00,125,0,3,"[14:45:00,15:05:00)",5,0,2016-10-21,14,45,False
2016-10-21 15:05:00,136,0,3,"[15:05:00,15:25:00)",5,0,2016-10-21,15,5,False
2016-10-21 15:25:00,165,0,3,"[15:25:00,15:45:00)",5,0,2016-10-21,15,25,False
2016-10-21 15:45:00,153,0,3,"[15:45:00,16:05:00)",5,0,2016-10-21,15,45,False
2016-10-21 16:05:00,143,0,3,"[16:05:00,16:25:00)",5,0,2016-10-21,16,5,False
2016-10-21 16:25:00,170,0,3,"[16:25:00,16:45:00)",5,0,2016-10-21,16,25,False
2016-10-21 16:45:00,149,0,3,"[16:45:00,17:05:00)",5,0,2016-10-21,16,45,False
2016-10-21 17:05:00,123,0,3,"[17:05:00,17:25:00)",5,0,2016-10-21,17,5,False
2016-10-21 17:25:00,124,0,3,"[17:25:00,17:45:00)",5,0,2016-10-21,17,25,False
2016-10-21 17:45:00,104,0,3,"[17:45:00,18:05:00)",5,0,2016-10-21,17,45,False
2016-10-21 18:05:00,87,0,3,"[18:05:00,18:25:00)",5,0,2016-10-21,18,5,False
2016-10-21 18:25:00,78,0,3,"[18:25:00,18:45:00)",5,0,2016-10-21,18,25,False
2016-10-21 18:45:00,68,0,3,"[18:45:00,19:05:00)",5,0,2016-10-21,18,45,False
2016-10-21 19:05:00,69,0,3,"[19:05:00,19:25:00)",5,0,2016-10-21,19,5,False
2016-10-21 19:25:00,52,0,3,"[19:25:00,19:45:00)",5,0,2016-10-21,19,25,False
2016-10-21 19:45:00,56,0,3,"[19:45:00,20:05:00)",5,0,2016-10-21,19,45,False
2016-10-21 20:05:00,47,0,3,"[20:05:00,20:25:00)",5,0,2016-10-21,20,5,False
2016-10-21 20:25:00,42,0,3,"[20:25:00,20:45:00)",5,0,2016-10-21,20,25,False
2016-10-21 20:45:00,46,0,3,"[20:45:00,21:05:00)",5,0,2016-10-21,20,45,False
2016-10-21 21:05:00,40,0,3,"[21:05:00,21:25:00)",5,0,2016-10-21,21,5,False
2016-10-21 21:25:00,36,0,3,"[21:25:00,21:45:00)",5,0,2016-10-21,21,25,False
2016-10-21 21:45:00,26,0,3,"[21:45:00,22:05:00)",5,0,2016-10-21,21,45,False
2016-10-21 22:05:00,20,0,3,"[22:05:00,22:25:00)",5,0,2016-10-21,22,5,False
2016-10-21 22:25:00,19,0,3,"[22:25:00,22:45:00)",5,0,2016-10-21,22,25,False
2016-10-21 22:45:00,24,0,3,"[22:45:00,23:05:00)",5,0,2016-10-21,22,45,False
2016-10-21 23:05:00,15,0,3,"[23:05:00,23:25:00)",5,0,2016-10-21,23,5,False
2016-10-21 23:25:00,16,0,3,"[23:25:00,23:45:00)",5,0,2016-10-21,23,25,False
2016-10-21 23:45:00,8,0,3,"[23:45:00,00:00:00)",5,0,2016-10-21,23,45,False
2016-10-22 00:05:00,15,0,3,"[00:05:00,00:25:00)",6,1,2016-10-22,0,5,False
2016-10-22 00:25:00,20,0,3,"[00:25:00,00:45:00)",6,1,2016-10-22,0,25,False
2016-10-22 00:45:00,28,0,3,"[00:45:00,01:05:00)",6,1,2016-10-22,0,45,False
2016-10-22 01:05:00,18,0,3,"[01:05:00,01:25:00)",6,1,2016-10-22,1,5,False
2016-10-22 01:25:00,22,0,3,"[01:25:00,01:45:00)",6,1,2016-10-22,1,25,False
2016-10-22 01:45:00,21,0,3,"[01:45:00,02:05:00)",6,1,2016-10-22,1,45,False
2016-10-22 02:05:00,15,0,3,"[02:05:00,02:25:00)",6,1,2016-10-22,2,5,False
2016-10-22 02:25:00,13,0,3,"[02:25:00,02:45:00)",6,1,2016-10-22,2,25,False
2016-10-22 02:45:00,20,0,3,"[02:45:00,03:05:00)",6,1,2016-10-22,2,45,False
2016-10-22 03:05:00,10,0,3,"[03:05:00,03:25:00)",6,1,2016-10-22,3,5,False
2016-10-22 03:25:00,5,0,3,"[03:25:00,03:45:00)",6,1,2016-10-22,3,25,False
2016-10-22 03:45:00,8,0,3,"[03:45:00,04:05:00)",6,1,2016-10-22,3,45,False
2016-10-22 04:05:00,18,0,3,"[04:05:00,04:25:00)",6,1,2016-10-22,4,5,False
2016-10-22 04:25:00,14,0,3,"[04:25:00,04:45:00)",6,1,2016-10-22,4,25,False
2016-10-22 04:45:00,20,0,3,"[04:45:00,05:05:00)",6,1,2016-10-22,4,45,False
2016-10-22 05:05:00,7,0,3,"[05:05:00,05:25:00)",6,1,2016-10-22,5,5,False
2016-10-22 05:25:00,12,0,3,"[05:25:00,05:45:00)",6,1,2016-10-22,5,25,False
2016-10-22 05:45:00,22,0,3,"[05:45:00,06:05:00)",6,1,2016-10-22,5,45,False
2016-10-22 06:05:00,25,0,3,"[06:05:00,06:25:00)",6,1,2016-10-22,6,5,False
2016-10-22 06:25:00,41,0,3,"[06:25:00,06:45:00)",6,1,2016-10-22,6,25,False
2016-10-22 06:45:00,56,0,3,"[06:45:00,07:05:00)",6,1,2016-10-22,6,45,False
2016-10-22 07:05:00,84,0,3,"[07:05:00,07:25:00)",6,1,2016-10-22,7,5,False
2016-10-22 07:25:00,88,0,3,"[07:25:00,07:45:00)",6,1,2016-10-22,7,25,False
2016-10-22 07:45:00,84,0,3,"[07:45:00,08:05:00)",6,1,2016-10-22,7,45,False
2016-10-22 08:05:00,114,0,3,"[08:05:00,08:25:00)",6,1,2016-10-22,8,5,False
2016-10-22 08:25:00,126,0,3,"[08:25:00,08:45:00)",6,1,2016-10-22,8,25,False
2016-10-22 08:45:00,118,0,3,"[08:45:00,09:05:00)",6,1,2016-10-22,8,45,False
2016-10-22 09:05:00,120,0,3,"[09:05:00,09:25:00)",6,1,2016-10-22,9,5,False
2016-10-22 09:25:00,117,0,3,"[09:25:00,09:45:00)",6,1,2016-10-22,9,25,False
2016-10-22 09:45:00,118,0,3,"[09:45:00,10:05:00)",6,1,2016-10-22,9,45,False
2016-10-22 10:05:00,105,0,3,"[10:05:00,10:25:00)",6,1,2016-10-22,10,5,False
2016-10-22 10:25:00,105,0,3,"[10:25:00,10:45:00)",6,1,2016-10-22,10,25,False
2016-10-22 10:45:00,103,0,3,"[10:45:00,11:05:00)",6,1,2016-10-22,10,45,False
2016-10-22 11:05:00,89,0,3,"[11:05:00,11:25:00)",6,1,2016-10-22,11,5,False
2016-10-22 11:25:00,86,0,3,"[11:25:00,11:45:00)",6,1,2016-10-22,11,25,False
2016-10-22 11:45:00,96,0,3,"[11:45:00,12:05:00)",6,1,2016-10-22,11,45,False
2016-10-22 12:05:00,92,0,3,"[12:05:00,12:25:00)",6,1,2016-10-22,12,5,False
2016-10-22 12:25:00,96,0,3,"[12:25:00,12:45:00)",6,1,2016-10-22,12,25,False
2016-10-22 12:45:00,112,0,3,"[12:45:00,13:05:00)",6,1,2016-10-22,12,45,False
2016-10-22 13:05:00,102,0,3,"[13:05:00,13:25:00)",6,1,2016-10-22,13,5,False
2016-10-22 13:25:00,121,0,3,"[13:25:00,13:45:00)",6,1,2016-10-22,13,25,False
2016-10-22 13:45:00,117,0,3,"[13:45:00,14:05:00)",6,1,2016-10-22,13,45,False
2016-10-22 14:05:00,103,0,3,"[14:05:00,14:25:00)",6,1,2016-10-22,14,5,False
2016-10-22 14:25:00,101,0,3,"[14:25:00,14:45:00)",6,1,2016-10-22,14,25,False
2016-10-22 14:45:00,105,0,3,"[14:45:00,15:05:00)",6,1,2016-10-22,14,45,False
2016-10-22 15:05:00,106,0,3,"[15:05:00,15:25:00)",6,1,2016-10-22,15,5,False
2016-10-22 15:25:00,106,0,3,"[15:25:00,15:45:00)",6,1,2016-10-22,15,25,False
2016-10-22 15:45:00,116,0,3,"[15:45:00,16:05:00)",6,1,2016-10-22,15,45,False
2016-10-22 16:05:00,107,0,3,"[16:05:00,16:25:00)",6,1,2016-10-22,16,5,False
2016-10-22 16:25:00,102,0,3,"[16:25:00,16:45:00)",6,1,2016-10-22,16,25,False
2016-10-22 16:45:00,120,0,3,"[16:45:00,17:05:00)",6,1,2016-10-22,16,45,False
2016-10-22 17:05:00,98,0,3,"[17:05:00,17:25:00)",6,1,2016-10-22,17,5,False
2016-10-22 17:25:00,98,0,3,"[17:25:00,17:45:00)",6,1,2016-10-22,17,25,False
2016-10-22 17:45:00,87,0,3,"[17:45:00,18:05:00)",6,1,2016-10-22,17,45,False
2016-10-22 18:05:00,69,0,3,"[18:05:00,18:25:00)",6,1,2016-10-22,18,5,False
2016-10-22 18:25:00,79,0,3,"[18:25:00,18:45:00)",6,1,2016-10-22,18,25,False
2016-10-22 18:45:00,53,0,3,"[18:45:00,19:05:00)",6,1,2016-10-22,18,45,False
2016-10-22 19:05:00,58,0,3,"[19:05:00,19:25:00)",6,1,2016-10-22,19,5,False
2016-10-22 19:25:00,44,0,3,"[19:25:00,19:45:00)",6,1,2016-10-22,19,25,False
2016-10-22 19:45:00,53,0,3,"[19:45:00,20:05:00)",6,1,2016-10-22,19,45,False
2016-10-22 20:05:00,29,0,3,"[20:05:00,20:25:00)",6,1,2016-10-22,20,5,False
2016-10-22 20:25:00,35,0,3,"[20:25:00,20:45:00)",6,1,2016-10-22,20,25,False
2016-10-22 20:45:00,43,0,3,"[20:45:00,21:05:00)",6,1,2016-10-22,20,45,False
2016-10-22 21:05:00,24,0,3,"[21:05:00,21:25:00)",6,1,2016-10-22,21,5,False
2016-10-22 21:25:00,29,0,3,"[21:25:00,21:45:00)",6,1,2016-10-22,21,25,False
2016-10-22 21:45:00,19,0,3,"[21:45:00,22:05:00)",6,1,2016-10-22,21,45,False
2016-10-22 22:05:00,19,0,3,"[22:05:00,22:25:00)",6,1,2016-10-22,22,5,False
2016-10-22 22:25:00,23,0,3,"[22:25:00,22:45:00)",6,1,2016-10-22,22,25,False
2016-10-22 22:45:00,20,0,3,"[22:45:00,23:05:00)",6,1,2016-10-22,22,45,False
2016-10-22 23:05:00,11,0,3,"[23:05:00,23:25:00)",6,1,2016-10-22,23,5,False
2016-10-22 23:25:00,12,0,3,"[23:25:00,23:45:00)",6,1,2016-10-22,23,25,False
2016-10-22 23:45:00,14,0,3,"[23:45:00,00:00:00)",6,1,2016-10-22,23,45,False
2016-10-23 00:05:00,18,0,3,"[00:05:00,00:25:00)",7,1,2016-10-23,0,5,False
2016-10-23 00:25:00,17,0,3,"[00:25:00,00:45:00)",7,1,2016-10-23,0,25,False
2016-10-23 00:45:00,27,0,3,"[00:45:00,01:05:00)",7,1,2016-10-23,0,45,False
2016-10-23 01:05:00,14,0,3,"[01:05:00,01:25:00)",7,1,2016-10-23,1,5,False
2016-10-23 01:25:00,22,0,3,"[01:25:00,01:45:00)",7,1,2016-10-23,1,25,False
2016-10-23 01:45:00,17,0,3,"[01:45:00,02:05:00)",7,1,2016-10-23,1,45,False
2016-10-23 02:05:00,15,0,3,"[02:05:00,02:25:00)",7,1,2016-10-23,2,5,False
2016-10-23 02:25:00,17,0,3,"[02:25:00,02:45:00)",7,1,2016-10-23,2,25,False
2016-10-23 02:45:00,11,0,3,"[02:45:00,03:05:00)",7,1,2016-10-23,2,45,False
2016-10-23 03:05:00,10,0,3,"[03:05:00,03:25:00)",7,1,2016-10-23,3,5,False
2016-10-23 03:25:00,10,0,3,"[03:25:00,03:45:00)",7,1,2016-10-23,3,25,False
2016-10-23 03:45:00,3,0,3,"[03:45:00,04:05:00)",7,1,2016-10-23,3,45,False
2016-10-23 04:05:00,11,0,3,"[04:05:00,04:25:00)",7,1,2016-10-23,4,5,False
2016-10-23 04:25:00,8,0,3,"[04:25:00,04:45:00)",7,1,2016-10-23,4,25,False
2016-10-23 04:45:00,11,0,3,"[04:45:00,05:05:00)",7,1,2016-10-23,4,45,False
2016-10-23 05:05:00,12,0,3,"[05:05:00,05:25:00)",7,1,2016-10-23,5,5,False
2016-10-23 05:25:00,7,0,3,"[05:25:00,05:45:00)",7,1,2016-10-23,5,25,False
2016-10-23 05:45:00,11,0,3,"[05:45:00,06:05:00)",7,1,2016-10-23,5,45,False
2016-10-23 06:05:00,20,0,3,"[06:05:00,06:25:00)",7,1,2016-10-23,6,5,False
2016-10-23 06:25:00,38,0,3,"[06:25:00,06:45:00)",7,1,2016-10-23,6,25,False
2016-10-23 06:45:00,40,0,3,"[06:45:00,07:05:00)",7,1,2016-10-23,6,45,False
2016-10-23 07:05:00,57,0,3,"[07:05:00,07:25:00)",7,1,2016-10-23,7,5,False
2016-10-23 07:25:00,79,0,3,"[07:25:00,07:45:00)",7,1,2016-10-23,7,25,False
2016-10-23 07:45:00,63,0,3,"[07:45:00,08:05:00)",7,1,2016-10-23,7,45,False
2016-10-23 08:05:00,87,0,3,"[08:05:00,08:25:00)",7,1,2016-10-23,8,5,False
2016-10-23 08:25:00,87,0,3,"[08:25:00,08:45:00)",7,1,2016-10-23,8,25,False
2016-10-23 08:45:00,84,0,3,"[08:45:00,09:05:00)",7,1,2016-10-23,8,45,False
2016-10-23 09:05:00,96,0,3,"[09:05:00,09:25:00)",7,1,2016-10-23,9,5,False
2016-10-23 09:25:00,97,0,3,"[09:25:00,09:45:00)",7,1,2016-10-23,9,25,False
2016-10-23 09:45:00,101,0,3,"[09:45:00,10:05:00)",7,1,2016-10-23,9,45,False
2016-10-23 10:05:00,104,0,3,"[10:05:00,10:25:00)",7,1,2016-10-23,10,5,False
2016-10-23 10:25:00,85,0,3,"[10:25:00,10:45:00)",7,1,2016-10-23,10,25,False
2016-10-23 10:45:00,106,0,3,"[10:45:00,11:05:00)",7,1,2016-10-23,10,45,False
2016-10-23 11:05:00,71,0,3,"[11:05:00,11:25:00)",7,1,2016-10-23,11,5,False
2016-10-23 11:25:00,108,0,3,"[11:25:00,11:45:00)",7,1,2016-10-23,11,25,False
2016-10-23 11:45:00,89,0,3,"[11:45:00,12:05:00)",7,1,2016-10-23,11,45,False
2016-10-23 12:05:00,82,0,3,"[12:05:00,12:25:00)",7,1,2016-10-23,12,5,False
2016-10-23 12:25:00,88,0,3,"[12:25:00,12:45:00)",7,1,2016-10-23,12,25,False
2016-10-23 12:45:00,96,0,3,"[12:45:00,13:05:00)",7,1,2016-10-23,12,45,False
2016-10-23 13:05:00,116,0,3,"[13:05:00,13:25:00)",7,1,2016-10-23,13,5,False
2016-10-23 13:25:00,117,0,3,"[13:25:00,13:45:00)",7,1,2016-10-23,13,25,False
2016-10-23 13:45:00,143,0,3,"[13:45:00,14:05:00)",7,1,2016-10-23,13,45,False
2016-10-23 14:05:00,124,0,3,"[14:05:00,14:25:00)",7,1,2016-10-23,14,5,False
2016-10-23 14:25:00,140,0,3,"[14:25:00,14:45:00)",7,1,2016-10-23,14,25,False
2016-10-23 14:45:00,145,0,3,"[14:45:00,15:05:00)",7,1,2016-10-23,14,45,False
2016-10-23 15:05:00,102,0,3,"[15:05:00,15:25:00)",7,1,2016-10-23,15,5,False
2016-10-23 15:25:00,115,0,3,"[15:25:00,15:45:00)",7,1,2016-10-23,15,25,False
2016-10-23 15:45:00,133,0,3,"[15:45:00,16:05:00)",7,1,2016-10-23,15,45,False
2016-10-23 16:05:00,119,0,3,"[16:05:00,16:25:00)",7,1,2016-10-23,16,5,False
2016-10-23 16:25:00,104,0,3,"[16:25:00,16:45:00)",7,1,2016-10-23,16,25,False
2016-10-23 16:45:00,128,0,3,"[16:45:00,17:05:00)",7,1,2016-10-23,16,45,False
2016-10-23 17:05:00,127,0,3,"[17:05:00,17:25:00)",7,1,2016-10-23,17,5,False
2016-10-23 17:25:00,96,0,3,"[17:25:00,17:45:00)",7,1,2016-10-23,17,25,False
2016-10-23 17:45:00,87,0,3,"[17:45:00,18:05:00)",7,1,2016-10-23,17,45,False
2016-10-23 18:05:00,58,0,3,"[18:05:00,18:25:00)",7,1,2016-10-23,18,5,False
2016-10-23 18:25:00,81,0,3,"[18:25:00,18:45:00)",7,1,2016-10-23,18,25,False
2016-10-23 18:45:00,77,0,3,"[18:45:00,19:05:00)",7,1,2016-10-23,18,45,False
2016-10-23 19:05:00,68,0,3,"[19:05:00,19:25:00)",7,1,2016-10-23,19,5,False
2016-10-23 19:25:00,51,0,3,"[19:25:00,19:45:00)",7,1,2016-10-23,19,25,False
2016-10-23 19:45:00,53,0,3,"[19:45:00,20:05:00)",7,1,2016-10-23,19,45,False
2016-10-23 20:05:00,55,0,3,"[20:05:00,20:25:00)",7,1,2016-10-23,20,5,False
2016-10-23 20:25:00,55,0,3,"[20:25:00,20:45:00)",7,1,2016-10-23,20,25,False
2016-10-23 20:45:00,50,0,3,"[20:45:00,21:05:00)",7,1,2016-10-23,20,45,False
2016-10-23 21:05:00,27,0,3,"[21:05:00,21:25:00)",7,1,2016-10-23,21,5,False
2016-10-23 21:25:00,31,0,3,"[21:25:00,21:45:00)",7,1,2016-10-23,21,25,False
2016-10-23 21:45:00,35,0,3,"[21:45:00,22:05:00)",7,1,2016-10-23,21,45,False
2016-10-23 22:05:00,26,0,3,"[22:05:00,22:25:00)",7,1,2016-10-23,22,5,False
2016-10-23 22:25:00,20,0,3,"[22:25:00,22:45:00)",7,1,2016-10-23,22,25,False
2016-10-23 22:45:00,18,0,3,"[22:45:00,23:05:00)",7,1,2016-10-23,22,45,False
2016-10-23 23:05:00,11,0,3,"[23:05:00,23:25:00)",7,1,2016-10-23,23,5,False
2016-10-23 23:25:00,15,0,3,"[23:25:00,23:45:00)",7,1,2016-10-23,23,25,False
2016-10-23 23:45:00,12,0,3,"[23:45:00,00:00:00)",7,1,2016-10-23,23,45,False
2016-10-24 00:05:00,15,0,3,"[00:05:00,00:25:00)",1,0,2016-10-24,0,5,False
2016-10-24 00:25:00,13,0,3,"[00:25:00,00:45:00)",1,0,2016-10-24,0,25,False
2016-10-24 00:45:00,14,0,3,"[00:45:00,01:05:00)",1,0,2016-10-24,0,45,False
2016-10-24 01:05:00,17,0,3,"[01:05:00,01:25:00)",1,0,2016-10-24,1,5,False
2016-10-24 01:25:00,19,0,3,"[01:25:00,01:45:00)",1,0,2016-10-24,1,25,False
2016-10-24 01:45:00,14,0,3,"[01:45:00,02:05:00)",1,0,2016-10-24,1,45,False
2016-10-24 02:05:00,11,0,3,"[02:05:00,02:25:00)",1,0,2016-10-24,2,5,False
2016-10-24 02:25:00,15,0,3,"[02:25:00,02:45:00)",1,0,2016-10-24,2,25,False
2016-10-24 02:45:00,14,0,3,"[02:45:00,03:05:00)",1,0,2016-10-24,2,45,False
2016-10-24 03:05:00,18,0,3,"[03:05:00,03:25:00)",1,0,2016-10-24,3,5,False
2016-10-24 03:25:00,12,0,3,"[03:25:00,03:45:00)",1,0,2016-10-24,3,25,False
2016-10-24 03:45:00,9,0,3,"[03:45:00,04:05:00)",1,0,2016-10-24,3,45,False
2016-10-24 04:05:00,9,0,3,"[04:05:00,04:25:00)",1,0,2016-10-24,4,5,False
2016-10-24 04:25:00,10,0,3,"[04:25:00,04:45:00)",1,0,2016-10-24,4,25,False
2016-10-24 04:45:00,14,0,3,"[04:45:00,05:05:00)",1,0,2016-10-24,4,45,False
2016-10-24 05:05:00,15,0,3,"[05:05:00,05:25:00)",1,0,2016-10-24,5,5,False
2016-10-24 05:25:00,17,0,3,"[05:25:00,05:45:00)",1,0,2016-10-24,5,25,False
2016-10-24 05:45:00,24,0,3,"[05:45:00,06:05:00)",1,0,2016-10-24,5,45,False
2016-10-24 06:05:00,41,0,3,"[06:05:00,06:25:00)",1,0,2016-10-24,6,5,False
2016-10-24 06:25:00,72,0,3,"[06:25:00,06:45:00)",1,0,2016-10-24,6,25,False
2016-10-24 06:45:00,118,0,3,"[06:45:00,07:05:00)",1,0,2016-10-24,6,45,False
2016-10-24 07:05:00,147,0,3,"[07:05:00,07:25:00)",1,0,2016-10-24,7,5,False
2016-10-24 07:25:00,148,0,3,"[07:25:00,07:45:00)",1,0,2016-10-24,7,25,False
2016-10-24 07:45:00,181,0,3,"[07:45:00,08:05:00)",1,0,2016-10-24,7,45,False
2016-10-24 08:05:00,176,0,3,"[08:05:00,08:25:00)",1,0,2016-10-24,8,5,False
2016-10-24 08:25:00,163,0,3,"[08:25:00,08:45:00)",1,0,2016-10-24,8,25,False
2016-10-24 08:45:00,153,0,3,"[08:45:00,09:05:00)",1,0,2016-10-24,8,45,False
2016-10-24 09:05:00,161,0,3,"[09:05:00,09:25:00)",1,0,2016-10-24,9,5,False
2016-10-24 09:25:00,143,0,3,"[09:25:00,09:45:00)",1,0,2016-10-24,9,25,False
2016-10-24 09:45:00,116,0,3,"[09:45:00,10:05:00)",1,0,2016-10-24,9,45,False
2016-10-24 10:05:00,104,0,3,"[10:05:00,10:25:00)",1,0,2016-10-24,10,5,False
2016-10-24 10:25:00,93,0,3,"[10:25:00,10:45:00)",1,0,2016-10-24,10,25,False
2016-10-24 10:45:00,103,0,3,"[10:45:00,11:05:00)",1,0,2016-10-24,10,45,False
2016-10-24 11:05:00,94,0,3,"[11:05:00,11:25:00)",1,0,2016-10-24,11,5,False
2016-10-24 11:25:00,95,0,3,"[11:25:00,11:45:00)",1,0,2016-10-24,11,25,False
2016-10-24 11:45:00,110,0,3,"[11:45:00,12:05:00)",1,0,2016-10-24,11,45,False
2016-10-24 12:05:00,92,0,3,"[12:05:00,12:25:00)",1,0,2016-10-24,12,5,False
2016-10-24 12:25:00,89,0,3,"[12:25:00,12:45:00)",1,0,2016-10-24,12,25,False
2016-10-24 12:45:00,109,0,3,"[12:45:00,13:05:00)",1,0,2016-10-24,12,45,False
2016-10-24 13:05:00,92,0,3,"[13:05:00,13:25:00)",1,0,2016-10-24,13,5,False
2016-10-24 13:25:00,131,0,3,"[13:25:00,13:45:00)",1,0,2016-10-24,13,25,False
2016-10-24 13:45:00,93,0,3,"[13:45:00,14:05:00)",1,0,2016-10-24,13,45,False
2016-10-24 14:05:00,102,0,3,"[14:05:00,14:25:00)",1,0,2016-10-24,14,5,False
2016-10-24 14:25:00,84,0,3,"[14:25:00,14:45:00)",1,0,2016-10-24,14,25,False
2016-10-24 14:45:00,115,0,3,"[14:45:00,15:05:00)",1,0,2016-10-24,14,45,False
2016-10-24 15:05:00,143,0,3,"[15:05:00,15:25:00)",1,0,2016-10-24,15,5,False
2016-10-24 15:25:00,99,0,3,"[15:25:00,15:45:00)",1,0,2016-10-24,15,25,False
2016-10-24 15:45:00,113,0,3,"[15:45:00,16:05:00)",1,0,2016-10-24,15,45,False
2016-10-24 16:05:00,104,0,3,"[16:05:00,16:25:00)",1,0,2016-10-24,16,5,False
2016-10-24 16:25:00,100,0,3,"[16:25:00,16:45:00)",1,0,2016-10-24,16,25,False
2016-10-24 16:45:00,141,0,3,"[16:45:00,17:05:00)",1,0,2016-10-24,16,45,False
2016-10-24 17:05:00,136,0,3,"[17:05:00,17:25:00)",1,0,2016-10-24,17,5,False
2016-10-24 17:25:00,101,0,3,"[17:25:00,17:45:00)",1,0,2016-10-24,17,25,False
2016-10-24 17:45:00,93,0,3,"[17:45:00,18:05:00)",1,0,2016-10-24,17,45,False
2016-10-24 18:05:00,80,0,3,"[18:05:00,18:25:00)",1,0,2016-10-24,18,5,False
2016-10-24 18:25:00,55,0,3,"[18:25:00,18:45:00)",1,0,2016-10-24,18,25,False
2016-10-24 18:45:00,47,0,3,"[18:45:00,19:05:00)",1,0,2016-10-24,18,45,False
2016-10-24 19:05:00,36,0,3,"[19:05:00,19:25:00)",1,0,2016-10-24,19,5,False
2016-10-24 19:25:00,40,0,3,"[19:25:00,19:45:00)",1,0,2016-10-24,19,25,False
2016-10-24 19:45:00,54,0,3,"[19:45:00,20:05:00)",1,0,2016-10-24,19,45,False
2016-10-24 20:05:00,50,0,3,"[20:05:00,20:25:00)",1,0,2016-10-24,20,5,False
2016-10-24 20:25:00,40,0,3,"[20:25:00,20:45:00)",1,0,2016-10-24,20,25,False
2016-10-24 20:45:00,29,0,3,"[20:45:00,21:05:00)",1,0,2016-10-24,20,45,False
2016-10-24 21:05:00,46,0,3,"[21:05:00,21:25:00)",1,0,2016-10-24,21,5,False
2016-10-24 21:25:00,35,0,3,"[21:25:00,21:45:00)",1,0,2016-10-24,21,25,False
2016-10-24 21:45:00,28,0,3,"[21:45:00,22:05:00)",1,0,2016-10-24,21,45,False
2016-10-24 22:05:00,24,0,3,"[22:05:00,22:25:00)",1,0,2016-10-24,22,5,False
2016-10-24 22:25:00,20,0,3,"[22:25:00,22:45:00)",1,0,2016-10-24,22,25,False
2016-10-24 22:45:00,17,0,3,"[22:45:00,23:05:00)",1,0,2016-10-24,22,45,False
2016-10-24 23:05:00,11,0,3,"[23:05:00,23:25:00)",1,0,2016-10-24,23,5,False
2016-10-24 23:25:00,15,0,3,"[23:25:00,23:45:00)",1,0,2016-10-24,23,25,False
2016-09-19 00:05:00,132,1,1,"[00:05:00,00:25:00)",1,0,2016-09-19,0,5,False
2016-09-19 00:25:00,44,1,1,"[00:25:00,00:45:00)",1,0,2016-09-19,0,25,False
2016-09-19 00:45:00,25,1,1,"[00:45:00,01:05:00)",1,0,2016-09-19,0,45,False
2016-09-19 01:05:00,7,1,1,"[01:05:00,01:25:00)",1,0,2016-09-19,1,5,False
2016-09-19 01:25:00,13,1,1,"[01:25:00,01:45:00)",1,0,2016-09-19,1,25,False
2016-09-19 01:45:00,5,1,1,"[01:45:00,02:05:00)",1,0,2016-09-19,1,45,False
2016-09-19 02:05:00,6,1,1,"[02:05:00,02:25:00)",1,0,2016-09-19,2,5,False
2016-09-19 02:25:00,8,1,1,"[02:25:00,02:45:00)",1,0,2016-09-19,2,25,False
2016-09-19 02:45:00,13,1,1,"[02:45:00,03:05:00)",1,0,2016-09-19,2,45,False
2016-09-19 03:05:00,11,1,1,"[03:05:00,03:25:00)",1,0,2016-09-19,3,5,False
2016-09-19 03:25:00,18,1,1,"[03:25:00,03:45:00)",1,0,2016-09-19,3,25,False
2016-09-19 03:45:00,17,1,1,"[03:45:00,04:05:00)",1,0,2016-09-19,3,45,False
2016-09-19 04:05:00,15,1,1,"[04:05:00,04:25:00)",1,0,2016-09-19,4,5,False
2016-09-19 04:25:00,19,1,1,"[04:25:00,04:45:00)",1,0,2016-09-19,4,25,False
2016-09-19 04:45:00,24,1,1,"[04:45:00,05:05:00)",1,0,2016-09-19,4,45,False
2016-09-19 05:05:00,27,1,1,"[05:05:00,05:25:00)",1,0,2016-09-19,5,5,False
2016-09-19 05:25:00,28,1,1,"[05:25:00,05:45:00)",1,0,2016-09-19,5,25,False
2016-09-19 05:45:00,34,1,1,"[05:45:00,06:05:00)",1,0,2016-09-19,5,45,False
2016-09-19 06:05:00,44,1,1,"[06:05:00,06:25:00)",1,0,2016-09-19,6,5,False
2016-09-19 06:25:00,63,1,1,"[06:25:00,06:45:00)",1,0,2016-09-19,6,25,False
2016-09-19 06:45:00,69,1,1,"[06:45:00,07:05:00)",1,0,2016-09-19,6,45,False
2016-09-19 07:05:00,76,1,1,"[07:05:00,07:25:00)",1,0,2016-09-19,7,5,False
2016-09-19 07:25:00,90,1,1,"[07:25:00,07:45:00)",1,0,2016-09-19,7,25,False
2016-09-19 07:45:00,119,1,1,"[07:45:00,08:05:00)",1,0,2016-09-19,7,45,False
2016-09-19 08:05:00,111,1,1,"[08:05:00,08:25:00)",1,0,2016-09-19,8,5,False
2016-09-19 08:25:00,128,1,1,"[08:25:00,08:45:00)",1,0,2016-09-19,8,25,False
2016-09-19 08:45:00,126,1,1,"[08:45:00,09:05:00)",1,0,2016-09-19,8,45,False
2016-09-19 09:05:00,126,1,1,"[09:05:00,09:25:00)",1,0,2016-09-19,9,5,False
2016-09-19 09:25:00,143,1,1,"[09:25:00,09:45:00)",1,0,2016-09-19,9,25,False
2016-09-19 09:45:00,113,1,1,"[09:45:00,10:05:00)",1,0,2016-09-19,9,45,False
2016-09-19 10:05:00,117,1,1,"[10:05:00,10:25:00)",1,0,2016-09-19,10,5,False
2016-09-19 10:25:00,94,1,1,"[10:25:00,10:45:00)",1,0,2016-09-19,10,25,False
2016-09-19 10:45:00,105,1,1,"[10:45:00,11:05:00)",1,0,2016-09-19,10,45,False
2016-09-19 11:05:00,78,1,1,"[11:05:00,11:25:00)",1,0,2016-09-19,11,5,False
2016-09-19 11:25:00,86,1,1,"[11:25:00,11:45:00)",1,0,2016-09-19,11,25,False
2016-09-19 11:45:00,95,1,1,"[11:45:00,12:05:00)",1,0,2016-09-19,11,45,False
2016-09-19 12:05:00,93,1,1,"[12:05:00,12:25:00)",1,0,2016-09-19,12,5,False
2016-09-19 12:25:00,71,1,1,"[12:25:00,12:45:00)",1,0,2016-09-19,12,25,False
2016-09-19 12:45:00,95,1,1,"[12:45:00,13:05:00)",1,0,2016-09-19,12,45,False
2016-09-19 13:05:00,93,1,1,"[13:05:00,13:25:00)",1,0,2016-09-19,13,5,False
2016-09-19 13:25:00,107,1,1,"[13:25:00,13:45:00)",1,0,2016-09-19,13,25,False
2016-09-19 13:45:00,107,1,1,"[13:45:00,14:05:00)",1,0,2016-09-19,13,45,False
2016-09-19 14:05:00,98,1,1,"[14:05:00,14:25:00)",1,0,2016-09-19,14,5,False
2016-09-19 14:25:00,105,1,1,"[14:25:00,14:45:00)",1,0,2016-09-19,14,25,False
2016-09-19 14:45:00,95,1,1,"[14:45:00,15:05:00)",1,0,2016-09-19,14,45,False
2016-09-19 15:05:00,74,1,1,"[15:05:00,15:25:00)",1,0,2016-09-19,15,5,False
2016-09-19 15:25:00,101,1,1,"[15:25:00,15:45:00)",1,0,2016-09-19,15,25,False
2016-09-19 15:45:00,105,1,1,"[15:45:00,16:05:00)",1,0,2016-09-19,15,45,False
2016-09-19 16:05:00,108,1,1,"[16:05:00,16:25:00)",1,0,2016-09-19,16,5,False
2016-09-19 16:25:00,113,1,1,"[16:25:00,16:45:00)",1,0,2016-09-19,16,25,False
2016-09-19 16:45:00,122,1,1,"[16:45:00,17:05:00)",1,0,2016-09-19,16,45,False
2016-09-19 17:05:00,99,1,1,"[17:05:00,17:25:00)",1,0,2016-09-19,17,5,False
2016-09-19 17:25:00,120,1,1,"[17:25:00,17:45:00)",1,0,2016-09-19,17,25,False
2016-09-19 17:45:00,89,1,1,"[17:45:00,18:05:00)",1,0,2016-09-19,17,45,False
2016-09-19 18:05:00,85,1,1,"[18:05:00,18:25:00)",1,0,2016-09-19,18,5,False
2016-09-19 18:25:00,81,1,1,"[18:25:00,18:45:00)",1,0,2016-09-19,18,25,False
2016-09-19 18:45:00,66,1,1,"[18:45:00,19:05:00)",1,0,2016-09-19,18,45,False
2016-09-19 19:05:00,60,1,1,"[19:05:00,19:25:00)",1,0,2016-09-19,19,5,False
2016-09-19 19:25:00,41,1,1,"[19:25:00,19:45:00)",1,0,2016-09-19,19,25,False
2016-09-19 19:45:00,40,1,1,"[19:45:00,20:05:00)",1,0,2016-09-19,19,45,False
2016-09-19 20:05:00,50,1,1,"[20:05:00,20:25:00)",1,0,2016-09-19,20,5,False
2016-09-19 20:25:00,31,1,1,"[20:25:00,20:45:00)",1,0,2016-09-19,20,25,False
2016-09-19 20:45:00,41,1,1,"[20:45:00,21:05:00)",1,0,2016-09-19,20,45,False
2016-09-19 21:05:00,28,1,1,"[21:05:00,21:25:00)",1,0,2016-09-19,21,5,False
2016-09-19 21:25:00,29,1,1,"[21:25:00,21:45:00)",1,0,2016-09-19,21,25,False
2016-09-19 21:45:00,25,1,1,"[21:45:00,22:05:00)",1,0,2016-09-19,21,45,False
2016-09-19 22:05:00,26,1,1,"[22:05:00,22:25:00)",1,0,2016-09-19,22,5,False
2016-09-19 22:25:00,20,1,1,"[22:25:00,22:45:00)",1,0,2016-09-19,22,25,False
2016-09-19 22:45:00,21,1,1,"[22:45:00,23:05:00)",1,0,2016-09-19,22,45,False
2016-09-19 23:05:00,17,1,1,"[23:05:00,23:25:00)",1,0,2016-09-19,23,5,False
2016-09-19 23:25:00,11,1,1,"[23:25:00,23:45:00)",1,0,2016-09-19,23,25,False
2016-09-19 23:45:00,52,1,1,"[23:45:00,00:00:00)",1,0,2016-09-19,23,45,False
2016-09-20 00:05:00,118,1,1,"[00:05:00,00:25:00)",2,0,2016-09-20,0,5,False
2016-09-20 00:25:00,65,1,1,"[00:25:00,00:45:00)",2,0,2016-09-20,0,25,False
2016-09-20 00:45:00,31,1,1,"[00:45:00,01:05:00)",2,0,2016-09-20,0,45,False
2016-09-20 01:05:00,9,1,1,"[01:05:00,01:25:00)",2,0,2016-09-20,1,5,False
2016-09-20 01:25:00,8,1,1,"[01:25:00,01:45:00)",2,0,2016-09-20,1,25,False
2016-09-20 01:45:00,12,1,1,"[01:45:00,02:05:00)",2,0,2016-09-20,1,45,False
2016-09-20 02:05:00,6,1,1,"[02:05:00,02:25:00)",2,0,2016-09-20,2,5,False
2016-09-20 02:25:00,11,1,1,"[02:25:00,02:45:00)",2,0,2016-09-20,2,25,False
2016-09-20 02:45:00,6,1,1,"[02:45:00,03:05:00)",2,0,2016-09-20,2,45,False
2016-09-20 03:05:00,5,1,1,"[03:05:00,03:25:00)",2,0,2016-09-20,3,5,False
2016-09-20 03:25:00,15,1,1,"[03:25:00,03:45:00)",2,0,2016-09-20,3,25,False
2016-09-20 03:45:00,17,1,1,"[03:45:00,04:05:00)",2,0,2016-09-20,3,45,False
2016-09-20 04:05:00,18,1,1,"[04:05:00,04:25:00)",2,0,2016-09-20,4,5,False
2016-09-20 04:25:00,18,1,1,"[04:25:00,04:45:00)",2,0,2016-09-20,4,25,False
2016-09-20 04:45:00,25,1,1,"[04:45:00,05:05:00)",2,0,2016-09-20,4,45,False
2016-09-20 05:05:00,27,1,1,"[05:05:00,05:25:00)",2,0,2016-09-20,5,5,False
2016-09-20 05:25:00,34,1,1,"[05:25:00,05:45:00)",2,0,2016-09-20,5,25,False
2016-09-20 05:45:00,37,1,1,"[05:45:00,06:05:00)",2,0,2016-09-20,5,45,False
2016-09-20 06:05:00,53,1,1,"[06:05:00,06:25:00)",2,0,2016-09-20,6,5,False
2016-09-20 06:25:00,60,1,1,"[06:25:00,06:45:00)",2,0,2016-09-20,6,25,False
2016-09-20 06:45:00,71,1,1,"[06:45:00,07:05:00)",2,0,2016-09-20,6,45,False
2016-09-20 07:05:00,103,1,1,"[07:05:00,07:25:00)",2,0,2016-09-20,7,5,False
2016-09-20 07:25:00,143,1,1,"[07:25:00,07:45:00)",2,0,2016-09-20,7,25,False
2016-09-20 07:45:00,128,1,1,"[07:45:00,08:05:00)",2,0,2016-09-20,7,45,False
2016-09-20 08:05:00,129,1,1,"[08:05:00,08:25:00)",2,0,2016-09-20,8,5,False
2016-09-20 08:25:00,152,1,1,"[08:25:00,08:45:00)",2,0,2016-09-20,8,25,False
2016-09-20 08:45:00,138,1,1,"[08:45:00,09:05:00)",2,0,2016-09-20,8,45,False
2016-09-20 09:05:00,143,1,1,"[09:05:00,09:25:00)",2,0,2016-09-20,9,5,False
2016-09-20 09:25:00,154,1,1,"[09:25:00,09:45:00)",2,0,2016-09-20,9,25,False
2016-09-20 09:45:00,152,1,1,"[09:45:00,10:05:00)",2,0,2016-09-20,9,45,False
2016-09-20 10:05:00,95,1,1,"[10:05:00,10:25:00)",2,0,2016-09-20,10,5,False
2016-09-20 10:25:00,88,1,1,"[10:25:00,10:45:00)",2,0,2016-09-20,10,25,False
2016-09-20 10:45:00,98,1,1,"[10:45:00,11:05:00)",2,0,2016-09-20,10,45,False
2016-09-20 11:05:00,92,1,1,"[11:05:00,11:25:00)",2,0,2016-09-20,11,5,False
2016-09-20 11:25:00,100,1,1,"[11:25:00,11:45:00)",2,0,2016-09-20,11,25,False
2016-09-20 11:45:00,80,1,1,"[11:45:00,12:05:00)",2,0,2016-09-20,11,45,False
2016-09-20 12:05:00,88,1,1,"[12:05:00,12:25:00)",2,0,2016-09-20,12,5,False
2016-09-20 12:25:00,70,1,1,"[12:25:00,12:45:00)",2,0,2016-09-20,12,25,False
2016-09-20 12:45:00,80,1,1,"[12:45:00,13:05:00)",2,0,2016-09-20,12,45,False
2016-09-20 13:05:00,95,1,1,"[13:05:00,13:25:00)",2,0,2016-09-20,13,5,False
2016-09-20 13:25:00,98,1,1,"[13:25:00,13:45:00)",2,0,2016-09-20,13,25,False
2016-09-20 13:45:00,102,1,1,"[13:45:00,14:05:00)",2,0,2016-09-20,13,45,False
2016-09-20 14:05:00,106,1,1,"[14:05:00,14:25:00)",2,0,2016-09-20,14,5,False
2016-09-20 14:25:00,96,1,1,"[14:25:00,14:45:00)",2,0,2016-09-20,14,25,False
2016-09-20 14:45:00,91,1,1,"[14:45:00,15:05:00)",2,0,2016-09-20,14,45,False
2016-09-20 15:05:00,89,1,1,"[15:05:00,15:25:00)",2,0,2016-09-20,15,5,False
2016-09-20 15:25:00,65,1,1,"[15:25:00,15:45:00)",2,0,2016-09-20,15,25,False
2016-09-20 15:45:00,78,1,1,"[15:45:00,16:05:00)",2,0,2016-09-20,15,45,False
2016-09-20 16:05:00,100,1,1,"[16:05:00,16:25:00)",2,0,2016-09-20,16,5,False
2016-09-20 16:25:00,95,1,1,"[16:25:00,16:45:00)",2,0,2016-09-20,16,25,False
2016-09-20 16:45:00,94,1,1,"[16:45:00,17:05:00)",2,0,2016-09-20,16,45,False
2016-09-20 17:05:00,110,1,1,"[17:05:00,17:25:00)",2,0,2016-09-20,17,5,False
2016-09-20 17:25:00,113,1,1,"[17:25:00,17:45:00)",2,0,2016-09-20,17,25,False
2016-09-20 17:45:00,124,1,1,"[17:45:00,18:05:00)",2,0,2016-09-20,17,45,False
2016-09-20 18:05:00,73,1,1,"[18:05:00,18:25:00)",2,0,2016-09-20,18,5,False
2016-09-20 18:25:00,61,1,1,"[18:25:00,18:45:00)",2,0,2016-09-20,18,25,False
2016-09-20 18:45:00,54,1,1,"[18:45:00,19:05:00)",2,0,2016-09-20,18,45,False
2016-09-20 19:05:00,43,1,1,"[19:05:00,19:25:00)",2,0,2016-09-20,19,5,False
2016-09-20 19:25:00,54,1,1,"[19:25:00,19:45:00)",2,0,2016-09-20,19,25,False
2016-09-20 19:45:00,41,1,1,"[19:45:00,20:05:00)",2,0,2016-09-20,19,45,False
2016-09-20 20:05:00,40,1,1,"[20:05:00,20:25:00)",2,0,2016-09-20,20,5,False
2016-09-20 20:25:00,41,1,1,"[20:25:00,20:45:00)",2,0,2016-09-20,20,25,False
2016-09-20 20:45:00,33,1,1,"[20:45:00,21:05:00)",2,0,2016-09-20,20,45,False
2016-09-20 21:05:00,47,1,1,"[21:05:00,21:25:00)",2,0,2016-09-20,21,5,False
2016-09-20 21:25:00,36,1,1,"[21:25:00,21:45:00)",2,0,2016-09-20,21,25,False
2016-09-20 21:45:00,41,1,1,"[21:45:00,22:05:00)",2,0,2016-09-20,21,45,False
2016-09-20 22:05:00,28,1,1,"[22:05:00,22:25:00)",2,0,2016-09-20,22,5,False
2016-09-20 22:25:00,29,1,1,"[22:25:00,22:45:00)",2,0,2016-09-20,22,25,False
2016-09-20 22:45:00,21,1,1,"[22:45:00,23:05:00)",2,0,2016-09-20,22,45,False
2016-09-20 23:05:00,16,1,1,"[23:05:00,23:25:00)",2,0,2016-09-20,23,5,False
2016-09-20 23:25:00,18,1,1,"[23:25:00,23:45:00)",2,0,2016-09-20,23,25,False
2016-09-20 23:45:00,42,1,1,"[23:45:00,00:00:00)",2,0,2016-09-20,23,45,False
2016-09-21 00:05:00,85,1,1,"[00:05:00,00:25:00)",3,0,2016-09-21,0,5,False
2016-09-21 00:25:00,56,1,1,"[00:25:00,00:45:00)",3,0,2016-09-21,0,25,False
2016-09-21 00:45:00,31,1,1,"[00:45:00,01:05:00)",3,0,2016-09-21,0,45,False
2016-09-21 01:05:00,12,1,1,"[01:05:00,01:25:00)",3,0,2016-09-21,1,5,False
2016-09-21 01:25:00,9,1,1,"[01:25:00,01:45:00)",3,0,2016-09-21,1,25,False
2016-09-21 01:45:00,11,1,1,"[01:45:00,02:05:00)",3,0,2016-09-21,1,45,False
2016-09-21 02:05:00,10,1,1,"[02:05:00,02:25:00)",3,0,2016-09-21,2,5,False
2016-09-21 02:25:00,7,1,1,"[02:25:00,02:45:00)",3,0,2016-09-21,2,25,False
2016-09-21 02:45:00,9,1,1,"[02:45:00,03:05:00)",3,0,2016-09-21,2,45,False
2016-09-21 03:05:00,14,1,1,"[03:05:00,03:25:00)",3,0,2016-09-21,3,5,False
2016-09-21 03:25:00,17,1,1,"[03:25:00,03:45:00)",3,0,2016-09-21,3,25,False
2016-09-21 03:45:00,19,1,1,"[03:45:00,04:05:00)",3,0,2016-09-21,3,45,False
2016-09-21 04:05:00,17,1,1,"[04:05:00,04:25:00)",3,0,2016-09-21,4,5,False
2016-09-21 04:25:00,18,1,1,"[04:25:00,04:45:00)",3,0,2016-09-21,4,25,False
2016-09-21 04:45:00,22,1,1,"[04:45:00,05:05:00)",3,0,2016-09-21,4,45,False
2016-09-21 05:05:00,29,1,1,"[05:05:00,05:25:00)",3,0,2016-09-21,5,5,False
2016-09-21 05:25:00,26,1,1,"[05:25:00,05:45:00)",3,0,2016-09-21,5,25,False
2016-09-21 05:45:00,34,1,1,"[05:45:00,06:05:00)",3,0,2016-09-21,5,45,False
2016-09-21 06:05:00,40,1,1,"[06:05:00,06:25:00)",3,0,2016-09-21,6,5,False
2016-09-21 06:25:00,59,1,1,"[06:25:00,06:45:00)",3,0,2016-09-21,6,25,False
2016-09-21 06:45:00,70,1,1,"[06:45:00,07:05:00)",3,0,2016-09-21,6,45,False
2016-09-21 07:05:00,84,1,1,"[07:05:00,07:25:00)",3,0,2016-09-21,7,5,False
2016-09-21 07:25:00,93,1,1,"[07:25:00,07:45:00)",3,0,2016-09-21,7,25,False
2016-09-21 07:45:00,102,1,1,"[07:45:00,08:05:00)",3,0,2016-09-21,7,45,False
2016-09-21 08:05:00,100,1,1,"[08:05:00,08:25:00)",3,0,2016-09-21,8,5,False
2016-09-21 08:25:00,108,1,1,"[08:25:00,08:45:00)",3,0,2016-09-21,8,25,False
2016-09-21 08:45:00,113,1,1,"[08:45:00,09:05:00)",3,0,2016-09-21,8,45,False
2016-09-21 09:05:00,136,1,1,"[09:05:00,09:25:00)",3,0,2016-09-21,9,5,False
2016-09-21 09:25:00,130,1,1,"[09:25:00,09:45:00)",3,0,2016-09-21,9,25,False
2016-09-21 09:45:00,118,1,1,"[09:45:00,10:05:00)",3,0,2016-09-21,9,45,False
2016-09-21 10:05:00,98,1,1,"[10:05:00,10:25:00)",3,0,2016-09-21,10,5,False
2016-09-21 10:25:00,100,1,1,"[10:25:00,10:45:00)",3,0,2016-09-21,10,25,False
2016-09-21 10:45:00,88,1,1,"[10:45:00,11:05:00)",3,0,2016-09-21,10,45,False
2016-09-21 11:05:00,80,1,1,"[11:05:00,11:25:00)",3,0,2016-09-21,11,5,False
2016-09-21 11:25:00,65,1,1,"[11:25:00,11:45:00)",3,0,2016-09-21,11,25,False
2016-09-21 11:45:00,86,1,1,"[11:45:00,12:05:00)",3,0,2016-09-21,11,45,False
2016-09-21 12:05:00,86,1,1,"[12:05:00,12:25:00)",3,0,2016-09-21,12,5,False
2016-09-21 12:25:00,94,1,1,"[12:25:00,12:45:00)",3,0,2016-09-21,12,25,False
2016-09-21 12:45:00,94,1,1,"[12:45:00,13:05:00)",3,0,2016-09-21,12,45,False
2016-09-21 13:05:00,86,1,1,"[13:05:00,13:25:00)",3,0,2016-09-21,13,5,False
2016-09-21 13:25:00,88,1,1,"[13:25:00,13:45:00)",3,0,2016-09-21,13,25,False
2016-09-21 13:45:00,110,1,1,"[13:45:00,14:05:00)",3,0,2016-09-21,13,45,False
2016-09-21 14:05:00,98,1,1,"[14:05:00,14:25:00)",3,0,2016-09-21,14,5,False
2016-09-21 14:25:00,96,1,1,"[14:25:00,14:45:00)",3,0,2016-09-21,14,25,False
2016-09-21 14:45:00,101,1,1,"[14:45:00,15:05:00)",3,0,2016-09-21,14,45,False
2016-09-21 15:05:00,100,1,1,"[15:05:00,15:25:00)",3,0,2016-09-21,15,5,False
2016-09-21 15:25:00,99,1,1,"[15:25:00,15:45:00)",3,0,2016-09-21,15,25,False
2016-09-21 15:45:00,89,1,1,"[15:45:00,16:05:00)",3,0,2016-09-21,15,45,False
2016-09-21 16:05:00,105,1,1,"[16:05:00,16:25:00)",3,0,2016-09-21,16,5,False
2016-09-21 16:25:00,103,1,1,"[16:25:00,16:45:00)",3,0,2016-09-21,16,25,False
2016-09-21 16:45:00,91,1,1,"[16:45:00,17:05:00)",3,0,2016-09-21,16,45,False
2016-09-21 17:05:00,95,1,1,"[17:05:00,17:25:00)",3,0,2016-09-21,17,5,False
2016-09-21 17:25:00,99,1,1,"[17:25:00,17:45:00)",3,0,2016-09-21,17,25,False
2016-09-21 17:45:00,95,1,1,"[17:45:00,18:05:00)",3,0,2016-09-21,17,45,False
2016-09-21 18:05:00,70,1,1,"[18:05:00,18:25:00)",3,0,2016-09-21,18,5,False
2016-09-21 18:25:00,88,1,1,"[18:25:00,18:45:00)",3,0,2016-09-21,18,25,False
2016-09-21 18:45:00,73,1,1,"[18:45:00,19:05:00)",3,0,2016-09-21,18,45,False
2016-09-21 19:05:00,46,1,1,"[19:05:00,19:25:00)",3,0,2016-09-21,19,5,False
2016-09-21 19:25:00,44,1,1,"[19:25:00,19:45:00)",3,0,2016-09-21,19,25,False
2016-09-21 19:45:00,45,1,1,"[19:45:00,20:05:00)",3,0,2016-09-21,19,45,False
2016-09-21 20:05:00,41,1,1,"[20:05:00,20:25:00)",3,0,2016-09-21,20,5,False
2016-09-21 20:25:00,40,1,1,"[20:25:00,20:45:00)",3,0,2016-09-21,20,25,False
2016-09-21 20:45:00,32,1,1,"[20:45:00,21:05:00)",3,0,2016-09-21,20,45,False
2016-09-21 21:05:00,30,1,1,"[21:05:00,21:25:00)",3,0,2016-09-21,21,5,False
2016-09-21 21:25:00,32,1,1,"[21:25:00,21:45:00)",3,0,2016-09-21,21,25,False
2016-09-21 21:45:00,27,1,1,"[21:45:00,22:05:00)",3,0,2016-09-21,21,45,False
2016-09-21 22:05:00,23,1,1,"[22:05:00,22:25:00)",3,0,2016-09-21,22,5,False
2016-09-21 22:25:00,21,1,1,"[22:25:00,22:45:00)",3,0,2016-09-21,22,25,False
2016-09-21 22:45:00,25,1,1,"[22:45:00,23:05:00)",3,0,2016-09-21,22,45,False
2016-09-21 23:05:00,13,1,1,"[23:05:00,23:25:00)",3,0,2016-09-21,23,5,False
2016-09-21 23:25:00,21,1,1,"[23:25:00,23:45:00)",3,0,2016-09-21,23,25,False
2016-09-21 23:45:00,46,1,1,"[23:45:00,00:00:00)",3,0,2016-09-21,23,45,False
2016-09-22 00:05:00,94,1,1,"[00:05:00,00:25:00)",4,0,2016-09-22,0,5,False
2016-09-22 00:25:00,71,1,1,"[00:25:00,00:45:00)",4,0,2016-09-22,0,25,False
2016-09-22 00:45:00,36,1,1,"[00:45:00,01:05:00)",4,0,2016-09-22,0,45,False
2016-09-22 01:05:00,5,1,1,"[01:05:00,01:25:00)",4,0,2016-09-22,1,5,False
2016-09-22 01:25:00,11,1,1,"[01:25:00,01:45:00)",4,0,2016-09-22,1,25,False
2016-09-22 01:45:00,8,1,1,"[01:45:00,02:05:00)",4,0,2016-09-22,1,45,False
2016-09-22 02:05:00,10,1,1,"[02:05:00,02:25:00)",4,0,2016-09-22,2,5,False
2016-09-22 02:25:00,7,1,1,"[02:25:00,02:45:00)",4,0,2016-09-22,2,25,False
2016-09-22 02:45:00,8,1,1,"[02:45:00,03:05:00)",4,0,2016-09-22,2,45,False
2016-09-22 03:05:00,10,1,1,"[03:05:00,03:25:00)",4,0,2016-09-22,3,5,False
2016-09-22 03:25:00,12,1,1,"[03:25:00,03:45:00)",4,0,2016-09-22,3,25,False
2016-09-22 03:45:00,15,1,1,"[03:45:00,04:05:00)",4,0,2016-09-22,3,45,False
2016-09-22 04:05:00,20,1,1,"[04:05:00,04:25:00)",4,0,2016-09-22,4,5,False
2016-09-22 04:25:00,17,1,1,"[04:25:00,04:45:00)",4,0,2016-09-22,4,25,False
2016-09-22 04:45:00,17,1,1,"[04:45:00,05:05:00)",4,0,2016-09-22,4,45,False
2016-09-22 05:05:00,31,1,1,"[05:05:00,05:25:00)",4,0,2016-09-22,5,5,False
2016-09-22 05:25:00,35,1,1,"[05:25:00,05:45:00)",4,0,2016-09-22,5,25,False
2016-09-22 05:45:00,30,1,1,"[05:45:00,06:05:00)",4,0,2016-09-22,5,45,False
2016-09-22 06:05:00,53,1,1,"[06:05:00,06:25:00)",4,0,2016-09-22,6,5,False
2016-09-22 06:25:00,63,1,1,"[06:25:00,06:45:00)",4,0,2016-09-22,6,25,False
2016-09-22 06:45:00,58,1,1,"[06:45:00,07:05:00)",4,0,2016-09-22,6,45,False
2016-09-22 07:05:00,80,1,1,"[07:05:00,07:25:00)",4,0,2016-09-22,7,5,False
2016-09-22 07:25:00,98,1,1,"[07:25:00,07:45:00)",4,0,2016-09-22,7,25,False
2016-09-22 07:45:00,105,1,1,"[07:45:00,08:05:00)",4,0,2016-09-22,7,45,False
2016-09-22 08:05:00,107,1,1,"[08:05:00,08:25:00)",4,0,2016-09-22,8,5,False
2016-09-22 08:25:00,90,1,1,"[08:25:00,08:45:00)",4,0,2016-09-22,8,25,False
2016-09-22 08:45:00,113,1,1,"[08:45:00,09:05:00)",4,0,2016-09-22,8,45,False
2016-09-22 09:05:00,116,1,1,"[09:05:00,09:25:00)",4,0,2016-09-22,9,5,False
2016-09-22 09:25:00,122,1,1,"[09:25:00,09:45:00)",4,0,2016-09-22,9,25,False
2016-09-22 09:45:00,116,1,1,"[09:45:00,10:05:00)",4,0,2016-09-22,9,45,False
2016-09-22 10:05:00,85,1,1,"[10:05:00,10:25:00)",4,0,2016-09-22,10,5,False
2016-09-22 10:25:00,110,1,1,"[10:25:00,10:45:00)",4,0,2016-09-22,10,25,False
2016-09-22 10:45:00,73,1,1,"[10:45:00,11:05:00)",4,0,2016-09-22,10,45,False
2016-09-22 11:05:00,89,1,1,"[11:05:00,11:25:00)",4,0,2016-09-22,11,5,False
2016-09-22 11:25:00,80,1,1,"[11:25:00,11:45:00)",4,0,2016-09-22,11,25,False
2016-09-22 11:45:00,87,1,1,"[11:45:00,12:05:00)",4,0,2016-09-22,11,45,False
2016-09-22 12:05:00,104,1,1,"[12:05:00,12:25:00)",4,0,2016-09-22,12,5,False
2016-09-22 12:25:00,89,1,1,"[12:25:00,12:45:00)",4,0,2016-09-22,12,25,False
2016-09-22 12:45:00,102,1,1,"[12:45:00,13:05:00)",4,0,2016-09-22,12,45,False
2016-09-22 13:05:00,90,1,1,"[13:05:00,13:25:00)",4,0,2016-09-22,13,5,False
2016-09-22 13:25:00,108,1,1,"[13:25:00,13:45:00)",4,0,2016-09-22,13,25,False
2016-09-22 13:45:00,117,1,1,"[13:45:00,14:05:00)",4,0,2016-09-22,13,45,False
2016-09-22 14:05:00,76,1,1,"[14:05:00,14:25:00)",4,0,2016-09-22,14,5,False
2016-09-22 14:25:00,89,1,1,"[14:25:00,14:45:00)",4,0,2016-09-22,14,25,False
2016-09-22 14:45:00,92,1,1,"[14:45:00,15:05:00)",4,0,2016-09-22,14,45,False
2016-09-22 15:05:00,91,1,1,"[15:05:00,15:25:00)",4,0,2016-09-22,15,5,False
2016-09-22 15:25:00,113,1,1,"[15:25:00,15:45:00)",4,0,2016-09-22,15,25,False
2016-09-22 15:45:00,88,1,1,"[15:45:00,16:05:00)",4,0,2016-09-22,15,45,False
2016-09-22 16:05:00,100,1,1,"[16:05:00,16:25:00)",4,0,2016-09-22,16,5,False
2016-09-22 16:25:00,113,1,1,"[16:25:00,16:45:00)",4,0,2016-09-22,16,25,False
2016-09-22 16:45:00,113,1,1,"[16:45:00,17:05:00)",4,0,2016-09-22,16,45,False
2016-09-22 17:05:00,113,1,1,"[17:05:00,17:25:00)",4,0,2016-09-22,17,5,False
2016-09-22 17:25:00,98,1,1,"[17:25:00,17:45:00)",4,0,2016-09-22,17,25,False
2016-09-22 17:45:00,111,1,1,"[17:45:00,18:05:00)",4,0,2016-09-22,17,45,False
2016-09-22 18:05:00,73,1,1,"[18:05:00,18:25:00)",4,0,2016-09-22,18,5,False
2016-09-22 18:25:00,90,1,1,"[18:25:00,18:45:00)",4,0,2016-09-22,18,25,False
2016-09-22 18:45:00,77,1,1,"[18:45:00,19:05:00)",4,0,2016-09-22,18,45,False
2016-09-22 19:05:00,41,1,1,"[19:05:00,19:25:00)",4,0,2016-09-22,19,5,False
2016-09-22 19:25:00,46,1,1,"[19:25:00,19:45:00)",4,0,2016-09-22,19,25,False
2016-09-22 19:45:00,40,1,1,"[19:45:00,20:05:00)",4,0,2016-09-22,19,45,False
2016-09-22 20:05:00,35,1,1,"[20:05:00,20:25:00)",4,0,2016-09-22,20,5,False
2016-09-22 20:25:00,23,1,1,"[20:25:00,20:45:00)",4,0,2016-09-22,20,25,False
2016-09-22 20:45:00,27,1,1,"[20:45:00,21:05:00)",4,0,2016-09-22,20,45,False
2016-09-22 21:05:00,26,1,1,"[21:05:00,21:25:00)",4,0,2016-09-22,21,5,False
2016-09-22 21:25:00,19,1,1,"[21:25:00,21:45:00)",4,0,2016-09-22,21,25,False
2016-09-22 21:45:00,23,1,1,"[21:45:00,22:05:00)",4,0,2016-09-22,21,45,False
2016-09-22 22:05:00,21,1,1,"[22:05:00,22:25:00)",4,0,2016-09-22,22,5,False
2016-09-22 22:25:00,23,1,1,"[22:25:00,22:45:00)",4,0,2016-09-22,22,25,False
2016-09-22 22:45:00,20,1,1,"[22:45:00,23:05:00)",4,0,2016-09-22,22,45,False
2016-09-22 23:05:00,22,1,1,"[23:05:00,23:25:00)",4,0,2016-09-22,23,5,False
2016-09-22 23:25:00,11,1,1,"[23:25:00,23:45:00)",4,0,2016-09-22,23,25,False
2016-09-22 23:45:00,26,1,1,"[23:45:00,00:00:00)",4,0,2016-09-22,23,45,False
2016-09-23 00:05:00,112,1,1,"[00:05:00,00:25:00)",5,0,2016-09-23,0,5,False
2016-09-23 00:25:00,65,1,1,"[00:25:00,00:45:00)",5,0,2016-09-23,0,25,False
2016-09-23 00:45:00,37,1,1,"[00:45:00,01:05:00)",5,0,2016-09-23,0,45,False
2016-09-23 01:05:00,7,1,1,"[01:05:00,01:25:00)",5,0,2016-09-23,1,5,False
2016-09-23 01:25:00,9,1,1,"[01:25:00,01:45:00)",5,0,2016-09-23,1,25,False
2016-09-23 01:45:00,9,1,1,"[01:45:00,02:05:00)",5,0,2016-09-23,1,45,False
2016-09-23 02:05:00,4,1,1,"[02:05:00,02:25:00)",5,0,2016-09-23,2,5,False
2016-09-23 02:25:00,7,1,1,"[02:25:00,02:45:00)",5,0,2016-09-23,2,25,False
2016-09-23 02:45:00,10,1,1,"[02:45:00,03:05:00)",5,0,2016-09-23,2,45,False
2016-09-23 03:05:00,14,1,1,"[03:05:00,03:25:00)",5,0,2016-09-23,3,5,False
2016-09-23 03:25:00,12,1,1,"[03:25:00,03:45:00)",5,0,2016-09-23,3,25,False
2016-09-23 03:45:00,18,1,1,"[03:45:00,04:05:00)",5,0,2016-09-23,3,45,False
2016-09-23 04:05:00,14,1,1,"[04:05:00,04:25:00)",5,0,2016-09-23,4,5,False
2016-09-23 04:25:00,22,1,1,"[04:25:00,04:45:00)",5,0,2016-09-23,4,25,False
2016-09-23 04:45:00,27,1,1,"[04:45:00,05:05:00)",5,0,2016-09-23,4,45,False
2016-09-23 05:05:00,31,1,1,"[05:05:00,05:25:00)",5,0,2016-09-23,5,5,False
2016-09-23 05:25:00,28,1,1,"[05:25:00,05:45:00)",5,0,2016-09-23,5,25,False
2016-09-23 05:45:00,37,1,1,"[05:45:00,06:05:00)",5,0,2016-09-23,5,45,False
2016-09-23 06:05:00,31,1,1,"[06:05:00,06:25:00)",5,0,2016-09-23,6,5,False
2016-09-23 06:25:00,61,1,1,"[06:25:00,06:45:00)",5,0,2016-09-23,6,25,False
2016-09-23 06:45:00,75,1,1,"[06:45:00,07:05:00)",5,0,2016-09-23,6,45,False
2016-09-23 07:05:00,86,1,1,"[07:05:00,07:25:00)",5,0,2016-09-23,7,5,False
2016-09-23 07:25:00,97,1,1,"[07:25:00,07:45:00)",5,0,2016-09-23,7,25,False
2016-09-23 07:45:00,93,1,1,"[07:45:00,08:05:00)",5,0,2016-09-23,7,45,False
2016-09-23 08:05:00,116,1,1,"[08:05:00,08:25:00)",5,0,2016-09-23,8,5,False
2016-09-23 08:25:00,120,1,1,"[08:25:00,08:45:00)",5,0,2016-09-23,8,25,False
2016-09-23 08:45:00,121,1,1,"[08:45:00,09:05:00)",5,0,2016-09-23,8,45,False
2016-09-23 09:05:00,125,1,1,"[09:05:00,09:25:00)",5,0,2016-09-23,9,5,False
2016-09-23 09:25:00,121,1,1,"[09:25:00,09:45:00)",5,0,2016-09-23,9,25,False
2016-09-23 09:45:00,83,1,1,"[09:45:00,10:05:00)",5,0,2016-09-23,9,45,False
2016-09-23 10:05:00,82,1,1,"[10:05:00,10:25:00)",5,0,2016-09-23,10,5,False
2016-09-23 10:25:00,66,1,1,"[10:25:00,10:45:00)",5,0,2016-09-23,10,25,False
2016-09-23 10:45:00,89,1,1,"[10:45:00,11:05:00)",5,0,2016-09-23,10,45,False
2016-09-23 11:05:00,79,1,1,"[11:05:00,11:25:00)",5,0,2016-09-23,11,5,False
2016-09-23 11:25:00,94,1,1,"[11:25:00,11:45:00)",5,0,2016-09-23,11,25,False
2016-09-23 11:45:00,98,1,1,"[11:45:00,12:05:00)",5,0,2016-09-23,11,45,False
2016-09-23 12:05:00,115,1,1,"[12:05:00,12:25:00)",5,0,2016-09-23,12,5,False
2016-09-23 12:25:00,99,1,1,"[12:25:00,12:45:00)",5,0,2016-09-23,12,25,False
2016-09-23 12:45:00,85,1,1,"[12:45:00,13:05:00)",5,0,2016-09-23,12,45,False
2016-09-23 13:05:00,109,1,1,"[13:05:00,13:25:00)",5,0,2016-09-23,13,5,False
2016-09-23 13:25:00,110,1,1,"[13:25:00,13:45:00)",5,0,2016-09-23,13,25,False
2016-09-23 13:45:00,127,1,1,"[13:45:00,14:05:00)",5,0,2016-09-23,13,45,False
2016-09-23 14:05:00,112,1,1,"[14:05:00,14:25:00)",5,0,2016-09-23,14,5,False
2016-09-23 14:25:00,116,1,1,"[14:25:00,14:45:00)",5,0,2016-09-23,14,25,False
2016-09-23 14:45:00,116,1,1,"[14:45:00,15:05:00)",5,0,2016-09-23,14,45,False
2016-09-23 15:05:00,100,1,1,"[15:05:00,15:25:00)",5,0,2016-09-23,15,5,False
2016-09-23 15:25:00,121,1,1,"[15:25:00,15:45:00)",5,0,2016-09-23,15,25,False
2016-09-23 15:45:00,110,1,1,"[15:45:00,16:05:00)",5,0,2016-09-23,15,45,False
2016-09-23 16:05:00,108,1,1,"[16:05:00,16:25:00)",5,0,2016-09-23,16,5,False
2016-09-23 16:25:00,111,1,1,"[16:25:00,16:45:00)",5,0,2016-09-23,16,25,False
2016-09-23 16:45:00,126,1,1,"[16:45:00,17:05:00)",5,0,2016-09-23,16,45,False
2016-09-23 17:05:00,104,1,1,"[17:05:00,17:25:00)",5,0,2016-09-23,17,5,False
2016-09-23 17:25:00,111,1,1,"[17:25:00,17:45:00)",5,0,2016-09-23,17,25,False
2016-09-23 17:45:00,136,1,1,"[17:45:00,18:05:00)",5,0,2016-09-23,17,45,False
2016-09-23 18:05:00,83,1,1,"[18:05:00,18:25:00)",5,0,2016-09-23,18,5,False
2016-09-23 18:25:00,108,1,1,"[18:25:00,18:45:00)",5,0,2016-09-23,18,25,False
2016-09-23 18:45:00,86,1,1,"[18:45:00,19:05:00)",5,0,2016-09-23,18,45,False
2016-09-23 19:05:00,63,1,1,"[19:05:00,19:25:00)",5,0,2016-09-23,19,5,False
2016-09-23 19:25:00,55,1,1,"[19:25:00,19:45:00)",5,0,2016-09-23,19,25,False
2016-09-23 19:45:00,49,1,1,"[19:45:00,20:05:00)",5,0,2016-09-23,19,45,False
2016-09-23 20:05:00,34,1,1,"[20:05:00,20:25:00)",5,0,2016-09-23,20,5,False
2016-09-23 20:25:00,40,1,1,"[20:25:00,20:45:00)",5,0,2016-09-23,20,25,False
2016-09-23 20:45:00,44,1,1,"[20:45:00,21:05:00)",5,0,2016-09-23,20,45,False
2016-09-23 21:05:00,32,1,1,"[21:05:00,21:25:00)",5,0,2016-09-23,21,5,False
2016-09-23 21:25:00,35,1,1,"[21:25:00,21:45:00)",5,0,2016-09-23,21,25,False
2016-09-23 21:45:00,45,1,1,"[21:45:00,22:05:00)",5,0,2016-09-23,21,45,False
2016-09-23 22:05:00,20,1,1,"[22:05:00,22:25:00)",5,0,2016-09-23,22,5,False
2016-09-23 22:25:00,26,1,1,"[22:25:00,22:45:00)",5,0,2016-09-23,22,25,False
2016-09-23 22:45:00,15,1,1,"[22:45:00,23:05:00)",5,0,2016-09-23,22,45,False
2016-09-23 23:05:00,13,1,1,"[23:05:00,23:25:00)",5,0,2016-09-23,23,5,False
2016-09-23 23:25:00,13,1,1,"[23:25:00,23:45:00)",5,0,2016-09-23,23,25,False
2016-09-23 23:45:00,54,1,1,"[23:45:00,00:00:00)",5,0,2016-09-23,23,45,False
2016-09-24 00:05:00,113,1,1,"[00:05:00,00:25:00)",6,1,2016-09-24,0,5,False
2016-09-24 00:25:00,103,1,1,"[00:25:00,00:45:00)",6,1,2016-09-24,0,25,False
2016-09-24 00:45:00,46,1,1,"[00:45:00,01:05:00)",6,1,2016-09-24,0,45,False
2016-09-24 01:05:00,9,1,1,"[01:05:00,01:25:00)",6,1,2016-09-24,1,5,False
2016-09-24 01:25:00,7,1,1,"[01:25:00,01:45:00)",6,1,2016-09-24,1,25,False
2016-09-24 01:45:00,5,1,1,"[01:45:00,02:05:00)",6,1,2016-09-24,1,45,False
2016-09-24 02:05:00,10,1,1,"[02:05:00,02:25:00)",6,1,2016-09-24,2,5,False
2016-09-24 02:25:00,7,1,1,"[02:25:00,02:45:00)",6,1,2016-09-24,2,25,False
2016-09-24 02:45:00,11,1,1,"[02:45:00,03:05:00)",6,1,2016-09-24,2,45,False
2016-09-24 03:05:00,11,1,1,"[03:05:00,03:25:00)",6,1,2016-09-24,3,5,False
2016-09-24 03:25:00,18,1,1,"[03:25:00,03:45:00)",6,1,2016-09-24,3,25,False
2016-09-24 03:45:00,14,1,1,"[03:45:00,04:05:00)",6,1,2016-09-24,3,45,False
2016-09-24 04:05:00,18,1,1,"[04:05:00,04:25:00)",6,1,2016-09-24,4,5,False
2016-09-24 04:25:00,19,1,1,"[04:25:00,04:45:00)",6,1,2016-09-24,4,25,False
2016-09-24 04:45:00,24,1,1,"[04:45:00,05:05:00)",6,1,2016-09-24,4,45,False
2016-09-24 05:05:00,33,1,1,"[05:05:00,05:25:00)",6,1,2016-09-24,5,5,False
2016-09-24 05:25:00,38,1,1,"[05:25:00,05:45:00)",6,1,2016-09-24,5,25,False
2016-09-24 05:45:00,32,1,1,"[05:45:00,06:05:00)",6,1,2016-09-24,5,45,False
2016-09-24 06:05:00,34,1,1,"[06:05:00,06:25:00)",6,1,2016-09-24,6,5,False
2016-09-24 06:25:00,62,1,1,"[06:25:00,06:45:00)",6,1,2016-09-24,6,25,False
2016-09-24 06:45:00,63,1,1,"[06:45:00,07:05:00)",6,1,2016-09-24,6,45,False
2016-09-24 07:05:00,81,1,1,"[07:05:00,07:25:00)",6,1,2016-09-24,7,5,False
2016-09-24 07:25:00,72,1,1,"[07:25:00,07:45:00)",6,1,2016-09-24,7,25,False
2016-09-24 07:45:00,106,1,1,"[07:45:00,08:05:00)",6,1,2016-09-24,7,45,False
2016-09-24 08:05:00,100,1,1,"[08:05:00,08:25:00)",6,1,2016-09-24,8,5,False
2016-09-24 08:25:00,104,1,1,"[08:25:00,08:45:00)",6,1,2016-09-24,8,25,False
2016-09-24 08:45:00,101,1,1,"[08:45:00,09:05:00)",6,1,2016-09-24,8,45,False
2016-09-24 09:05:00,81,1,1,"[09:05:00,09:25:00)",6,1,2016-09-24,9,5,False
2016-09-24 09:25:00,89,1,1,"[09:25:00,09:45:00)",6,1,2016-09-24,9,25,False
2016-09-24 09:45:00,78,1,1,"[09:45:00,10:05:00)",6,1,2016-09-24,9,45,False
2016-09-24 10:05:00,70,1,1,"[10:05:00,10:25:00)",6,1,2016-09-24,10,5,False
2016-09-24 10:25:00,96,1,1,"[10:25:00,10:45:00)",6,1,2016-09-24,10,25,False
2016-09-24 10:45:00,78,1,1,"[10:45:00,11:05:00)",6,1,2016-09-24,10,45,False
2016-09-24 11:05:00,63,1,1,"[11:05:00,11:25:00)",6,1,2016-09-24,11,5,False
2016-09-24 11:25:00,108,1,1,"[11:25:00,11:45:00)",6,1,2016-09-24,11,25,False
2016-09-24 11:45:00,88,1,1,"[11:45:00,12:05:00)",6,1,2016-09-24,11,45,False
2016-09-24 12:05:00,100,1,1,"[12:05:00,12:25:00)",6,1,2016-09-24,12,5,False
2016-09-24 12:25:00,111,1,1,"[12:25:00,12:45:00)",6,1,2016-09-24,12,25,False
2016-09-24 12:45:00,87,1,1,"[12:45:00,13:05:00)",6,1,2016-09-24,12,45,False
2016-09-24 13:05:00,103,1,1,"[13:05:00,13:25:00)",6,1,2016-09-24,13,5,False
2016-09-24 13:25:00,127,1,1,"[13:25:00,13:45:00)",6,1,2016-09-24,13,25,False
2016-09-24 13:45:00,92,1,1,"[13:45:00,14:05:00)",6,1,2016-09-24,13,45,False
2016-09-24 14:05:00,90,1,1,"[14:05:00,14:25:00)",6,1,2016-09-24,14,5,False
2016-09-24 14:25:00,88,1,1,"[14:25:00,14:45:00)",6,1,2016-09-24,14,25,False
2016-09-24 14:45:00,103,1,1,"[14:45:00,15:05:00)",6,1,2016-09-24,14,45,False
2016-09-24 15:05:00,103,1,1,"[15:05:00,15:25:00)",6,1,2016-09-24,15,5,False
2016-09-24 15:25:00,100,1,1,"[15:25:00,15:45:00)",6,1,2016-09-24,15,25,False
2016-09-24 15:45:00,101,1,1,"[15:45:00,16:05:00)",6,1,2016-09-24,15,45,False
2016-09-24 16:05:00,86,1,1,"[16:05:00,16:25:00)",6,1,2016-09-24,16,5,False
2016-09-24 16:25:00,87,1,1,"[16:25:00,16:45:00)",6,1,2016-09-24,16,25,False
2016-09-24 16:45:00,94,1,1,"[16:45:00,17:05:00)",6,1,2016-09-24,16,45,False
2016-09-24 17:05:00,93,1,1,"[17:05:00,17:25:00)",6,1,2016-09-24,17,5,False
2016-09-24 17:25:00,85,1,1,"[17:25:00,17:45:00)",6,1,2016-09-24,17,25,False
2016-09-24 17:45:00,103,1,1,"[17:45:00,18:05:00)",6,1,2016-09-24,17,45,False
2016-09-24 18:05:00,75,1,1,"[18:05:00,18:25:00)",6,1,2016-09-24,18,5,False
2016-09-24 18:25:00,73,1,1,"[18:25:00,18:45:00)",6,1,2016-09-24,18,25,False
2016-09-24 18:45:00,55,1,1,"[18:45:00,19:05:00)",6,1,2016-09-24,18,45,False
2016-09-24 19:05:00,53,1,1,"[19:05:00,19:25:00)",6,1,2016-09-24,19,5,False
2016-09-24 19:25:00,53,1,1,"[19:25:00,19:45:00)",6,1,2016-09-24,19,25,False
2016-09-24 19:45:00,37,1,1,"[19:45:00,20:05:00)",6,1,2016-09-24,19,45,False
2016-09-24 20:05:00,42,1,1,"[20:05:00,20:25:00)",6,1,2016-09-24,20,5,False
2016-09-24 20:25:00,27,1,1,"[20:25:00,20:45:00)",6,1,2016-09-24,20,25,False
2016-09-24 20:45:00,50,1,1,"[20:45:00,21:05:00)",6,1,2016-09-24,20,45,False
2016-09-24 21:05:00,29,1,1,"[21:05:00,21:25:00)",6,1,2016-09-24,21,5,False
2016-09-24 21:25:00,30,1,1,"[21:25:00,21:45:00)",6,1,2016-09-24,21,25,False
2016-09-24 21:45:00,25,1,1,"[21:45:00,22:05:00)",6,1,2016-09-24,21,45,False
2016-09-24 22:05:00,21,1,1,"[22:05:00,22:25:00)",6,1,2016-09-24,22,5,False
2016-09-24 22:25:00,22,1,1,"[22:25:00,22:45:00)",6,1,2016-09-24,22,25,False
2016-09-24 22:45:00,24,1,1,"[22:45:00,23:05:00)",6,1,2016-09-24,22,45,False
2016-09-24 23:05:00,16,1,1,"[23:05:00,23:25:00)",6,1,2016-09-24,23,5,False
2016-09-24 23:25:00,14,1,1,"[23:25:00,23:45:00)",6,1,2016-09-24,23,25,False
2016-09-24 23:45:00,27,1,1,"[23:45:00,00:00:00)",6,1,2016-09-24,23,45,False
2016-09-25 00:05:00,94,1,1,"[00:05:00,00:25:00)",7,1,2016-09-25,0,5,False
2016-09-25 00:25:00,45,1,1,"[00:25:00,00:45:00)",7,1,2016-09-25,0,25,False
2016-09-25 00:45:00,22,1,1,"[00:45:00,01:05:00)",7,1,2016-09-25,0,45,False
2016-09-25 01:05:00,15,1,1,"[01:05:00,01:25:00)",7,1,2016-09-25,1,5,False
2016-09-25 01:25:00,5,1,1,"[01:25:00,01:45:00)",7,1,2016-09-25,1,25,False
2016-09-25 01:45:00,13,1,1,"[01:45:00,02:05:00)",7,1,2016-09-25,1,45,False
2016-09-25 02:05:00,12,1,1,"[02:05:00,02:25:00)",7,1,2016-09-25,2,5,False
2016-09-25 02:25:00,5,1,1,"[02:25:00,02:45:00)",7,1,2016-09-25,2,25,False
2016-09-25 02:45:00,6,1,1,"[02:45:00,03:05:00)",7,1,2016-09-25,2,45,False
2016-09-25 03:05:00,14,1,1,"[03:05:00,03:25:00)",7,1,2016-09-25,3,5,False
2016-09-25 03:25:00,19,1,1,"[03:25:00,03:45:00)",7,1,2016-09-25,3,25,False
2016-09-25 03:45:00,10,1,1,"[03:45:00,04:05:00)",7,1,2016-09-25,3,45,False
2016-09-25 04:05:00,14,1,1,"[04:05:00,04:25:00)",7,1,2016-09-25,4,5,False
2016-09-25 04:25:00,17,1,1,"[04:25:00,04:45:00)",7,1,2016-09-25,4,25,False
2016-09-25 04:45:00,34,1,1,"[04:45:00,05:05:00)",7,1,2016-09-25,4,45,False
2016-09-25 05:05:00,31,1,1,"[05:05:00,05:25:00)",7,1,2016-09-25,5,5,False
2016-09-25 05:25:00,30,1,1,"[05:25:00,05:45:00)",7,1,2016-09-25,5,25,False
2016-09-25 05:45:00,35,1,1,"[05:45:00,06:05:00)",7,1,2016-09-25,5,45,False
2016-09-25 06:05:00,41,1,1,"[06:05:00,06:25:00)",7,1,2016-09-25,6,5,False
2016-09-25 06:25:00,55,1,1,"[06:25:00,06:45:00)",7,1,2016-09-25,6,25,False
2016-09-25 06:45:00,57,1,1,"[06:45:00,07:05:00)",7,1,2016-09-25,6,45,False
2016-09-25 07:05:00,68,1,1,"[07:05:00,07:25:00)",7,1,2016-09-25,7,5,False
2016-09-25 07:25:00,80,1,1,"[07:25:00,07:45:00)",7,1,2016-09-25,7,25,False
2016-09-25 07:45:00,74,1,1,"[07:45:00,08:05:00)",7,1,2016-09-25,7,45,False
2016-09-25 08:05:00,96,1,1,"[08:05:00,08:25:00)",7,1,2016-09-25,8,5,False
2016-09-25 08:25:00,98,1,1,"[08:25:00,08:45:00)",7,1,2016-09-25,8,25,False
2016-09-25 08:45:00,111,1,1,"[08:45:00,09:05:00)",7,1,2016-09-25,8,45,False
2016-09-25 09:05:00,103,1,1,"[09:05:00,09:25:00)",7,1,2016-09-25,9,5,False
2016-09-25 09:25:00,107,1,1,"[09:25:00,09:45:00)",7,1,2016-09-25,9,25,False
2016-09-25 09:45:00,87,1,1,"[09:45:00,10:05:00)",7,1,2016-09-25,9,45,False
2016-09-25 10:05:00,93,1,1,"[10:05:00,10:25:00)",7,1,2016-09-25,10,5,False
2016-09-25 10:25:00,91,1,1,"[10:25:00,10:45:00)",7,1,2016-09-25,10,25,False
2016-09-25 10:45:00,53,1,1,"[10:45:00,11:05:00)",7,1,2016-09-25,10,45,False
2016-09-25 11:05:00,67,1,1,"[11:05:00,11:25:00)",7,1,2016-09-25,11,5,False
2016-09-25 11:25:00,84,1,1,"[11:25:00,11:45:00)",7,1,2016-09-25,11,25,False
2016-09-25 11:45:00,71,1,1,"[11:45:00,12:05:00)",7,1,2016-09-25,11,45,False
2016-09-25 12:05:00,91,1,1,"[12:05:00,12:25:00)",7,1,2016-09-25,12,5,False
2016-09-25 12:25:00,97,1,1,"[12:25:00,12:45:00)",7,1,2016-09-25,12,25,False
2016-09-25 12:45:00,67,1,1,"[12:45:00,13:05:00)",7,1,2016-09-25,12,45,False
2016-09-25 13:05:00,107,1,1,"[13:05:00,13:25:00)",7,1,2016-09-25,13,5,False
2016-09-25 13:25:00,108,1,1,"[13:25:00,13:45:00)",7,1,2016-09-25,13,25,False
2016-09-25 13:45:00,91,1,1,"[13:45:00,14:05:00)",7,1,2016-09-25,13,45,False
2016-09-25 14:05:00,114,1,1,"[14:05:00,14:25:00)",7,1,2016-09-25,14,5,False
2016-09-25 14:25:00,91,1,1,"[14:25:00,14:45:00)",7,1,2016-09-25,14,25,False
2016-09-25 14:45:00,105,1,1,"[14:45:00,15:05:00)",7,1,2016-09-25,14,45,False
2016-09-25 15:05:00,89,1,1,"[15:05:00,15:25:00)",7,1,2016-09-25,15,5,False
2016-09-25 15:25:00,124,1,1,"[15:25:00,15:45:00)",7,1,2016-09-25,15,25,False
2016-09-25 15:45:00,84,1,1,"[15:45:00,16:05:00)",7,1,2016-09-25,15,45,False
2016-09-25 16:05:00,89,1,1,"[16:05:00,16:25:00)",7,1,2016-09-25,16,5,False
2016-09-25 16:25:00,123,1,1,"[16:25:00,16:45:00)",7,1,2016-09-25,16,25,False
2016-09-25 16:45:00,112,1,1,"[16:45:00,17:05:00)",7,1,2016-09-25,16,45,False
2016-09-25 17:05:00,97,1,1,"[17:05:00,17:25:00)",7,1,2016-09-25,17,5,False
2016-09-25 17:25:00,104,1,1,"[17:25:00,17:45:00)",7,1,2016-09-25,17,25,False
2016-09-25 17:45:00,79,1,1,"[17:45:00,18:05:00)",7,1,2016-09-25,17,45,False
2016-09-25 18:05:00,74,1,1,"[18:05:00,18:25:00)",7,1,2016-09-25,18,5,False
2016-09-25 18:25:00,56,1,1,"[18:25:00,18:45:00)",7,1,2016-09-25,18,25,False
2016-09-25 18:45:00,69,1,1,"[18:45:00,19:05:00)",7,1,2016-09-25,18,45,False
2016-09-25 19:05:00,40,1,1,"[19:05:00,19:25:00)",7,1,2016-09-25,19,5,False
2016-09-25 19:25:00,59,1,1,"[19:25:00,19:45:00)",7,1,2016-09-25,19,25,False
2016-09-25 19:45:00,61,1,1,"[19:45:00,20:05:00)",7,1,2016-09-25,19,45,False
2016-09-25 20:05:00,53,1,1,"[20:05:00,20:25:00)",7,1,2016-09-25,20,5,False
2016-09-25 20:25:00,41,1,1,"[20:25:00,20:45:00)",7,1,2016-09-25,20,25,False
2016-09-25 20:45:00,39,1,1,"[20:45:00,21:05:00)",7,1,2016-09-25,20,45,False
2016-09-25 21:05:00,37,1,1,"[21:05:00,21:25:00)",7,1,2016-09-25,21,5,False
2016-09-25 21:25:00,37,1,1,"[21:25:00,21:45:00)",7,1,2016-09-25,21,25,False
2016-09-25 21:45:00,23,1,1,"[21:45:00,22:05:00)",7,1,2016-09-25,21,45,False
2016-09-25 22:05:00,15,1,1,"[22:05:00,22:25:00)",7,1,2016-09-25,22,5,False
2016-09-25 22:25:00,14,1,1,"[22:25:00,22:45:00)",7,1,2016-09-25,22,25,False
2016-09-25 22:45:00,21,1,1,"[22:45:00,23:05:00)",7,1,2016-09-25,22,45,False
2016-09-25 23:05:00,13,1,1,"[23:05:00,23:25:00)",7,1,2016-09-25,23,5,False
2016-09-25 23:25:00,23,1,1,"[23:25:00,23:45:00)",7,1,2016-09-25,23,25,False
2016-09-25 23:45:00,52,1,1,"[23:45:00,00:00:00)",7,1,2016-09-25,23,45,False
2016-09-26 00:05:00,82,1,1,"[00:05:00,00:25:00)",1,0,2016-09-26,0,5,False
2016-09-26 00:25:00,51,1,1,"[00:25:00,00:45:00)",1,0,2016-09-26,0,25,False
2016-09-26 00:45:00,29,1,1,"[00:45:00,01:05:00)",1,0,2016-09-26,0,45,False
2016-09-26 01:05:00,5,1,1,"[01:05:00,01:25:00)",1,0,2016-09-26,1,5,False
2016-09-26 01:25:00,11,1,1,"[01:25:00,01:45:00)",1,0,2016-09-26,1,25,False
2016-09-26 01:45:00,6,1,1,"[01:45:00,02:05:00)",1,0,2016-09-26,1,45,False
2016-09-26 02:05:00,8,1,1,"[02:05:00,02:25:00)",1,0,2016-09-26,2,5,False
2016-09-26 02:25:00,4,1,1,"[02:25:00,02:45:00)",1,0,2016-09-26,2,25,False
2016-09-26 02:45:00,11,1,1,"[02:45:00,03:05:00)",1,0,2016-09-26,2,45,False
2016-09-26 03:05:00,10,1,1,"[03:05:00,03:25:00)",1,0,2016-09-26,3,5,False
2016-09-26 03:25:00,13,1,1,"[03:25:00,03:45:00)",1,0,2016-09-26,3,25,False
2016-09-26 03:45:00,17,1,1,"[03:45:00,04:05:00)",1,0,2016-09-26,3,45,False
2016-09-26 04:05:00,18,1,1,"[04:05:00,04:25:00)",1,0,2016-09-26,4,5,False
2016-09-26 04:25:00,20,1,1,"[04:25:00,04:45:00)",1,0,2016-09-26,4,25,False
2016-09-26 04:45:00,22,1,1,"[04:45:00,05:05:00)",1,0,2016-09-26,4,45,False
2016-09-26 05:05:00,25,1,1,"[05:05:00,05:25:00)",1,0,2016-09-26,5,5,False
2016-09-26 05:25:00,35,1,1,"[05:25:00,05:45:00)",1,0,2016-09-26,5,25,False
2016-09-26 05:45:00,43,1,1,"[05:45:00,06:05:00)",1,0,2016-09-26,5,45,False
2016-09-26 06:05:00,36,1,1,"[06:05:00,06:25:00)",1,0,2016-09-26,6,5,False
2016-09-26 06:25:00,60,1,1,"[06:25:00,06:45:00)",1,0,2016-09-26,6,25,False
2016-09-26 06:45:00,77,1,1,"[06:45:00,07:05:00)",1,0,2016-09-26,6,45,False
2016-09-26 07:05:00,105,1,1,"[07:05:00,07:25:00)",1,0,2016-09-26,7,5,False
2016-09-26 07:25:00,109,1,1,"[07:25:00,07:45:00)",1,0,2016-09-26,7,25,False
2016-09-26 07:45:00,128,1,1,"[07:45:00,08:05:00)",1,0,2016-09-26,7,45,False
2016-09-26 08:05:00,117,1,1,"[08:05:00,08:25:00)",1,0,2016-09-26,8,5,False
2016-09-26 08:25:00,86,1,1,"[08:25:00,08:45:00)",1,0,2016-09-26,8,25,False
2016-09-26 08:45:00,125,1,1,"[08:45:00,09:05:00)",1,0,2016-09-26,8,45,False
2016-09-26 09:05:00,129,1,1,"[09:05:00,09:25:00)",1,0,2016-09-26,9,5,False
2016-09-26 09:25:00,123,1,1,"[09:25:00,09:45:00)",1,0,2016-09-26,9,25,False
2016-09-26 09:45:00,88,1,1,"[09:45:00,10:05:00)",1,0,2016-09-26,9,45,False
2016-09-26 10:05:00,96,1,1,"[10:05:00,10:25:00)",1,0,2016-09-26,10,5,False
2016-09-26 10:25:00,96,1,1,"[10:25:00,10:45:00)",1,0,2016-09-26,10,25,False
2016-09-26 10:45:00,75,1,1,"[10:45:00,11:05:00)",1,0,2016-09-26,10,45,False
2016-09-26 11:05:00,88,1,1,"[11:05:00,11:25:00)",1,0,2016-09-26,11,5,False
2016-09-26 11:25:00,81,1,1,"[11:25:00,11:45:00)",1,0,2016-09-26,11,25,False
2016-09-26 11:45:00,64,1,1,"[11:45:00,12:05:00)",1,0,2016-09-26,11,45,False
2016-09-26 12:05:00,86,1,1,"[12:05:00,12:25:00)",1,0,2016-09-26,12,5,False
2016-09-26 12:25:00,82,1,1,"[12:25:00,12:45:00)",1,0,2016-09-26,12,25,False
2016-09-26 12:45:00,86,1,1,"[12:45:00,13:05:00)",1,0,2016-09-26,12,45,False
2016-09-26 13:05:00,85,1,1,"[13:05:00,13:25:00)",1,0,2016-09-26,13,5,False
2016-09-26 13:25:00,86,1,1,"[13:25:00,13:45:00)",1,0,2016-09-26,13,25,False
2016-09-26 13:45:00,93,1,1,"[13:45:00,14:05:00)",1,0,2016-09-26,13,45,False
2016-09-26 14:05:00,103,1,1,"[14:05:00,14:25:00)",1,0,2016-09-26,14,5,False
2016-09-26 14:25:00,105,1,1,"[14:25:00,14:45:00)",1,0,2016-09-26,14,25,False
2016-09-26 14:45:00,86,1,1,"[14:45:00,15:05:00)",1,0,2016-09-26,14,45,False
2016-09-26 15:05:00,90,1,1,"[15:05:00,15:25:00)",1,0,2016-09-26,15,5,False
2016-09-26 15:25:00,112,1,1,"[15:25:00,15:45:00)",1,0,2016-09-26,15,25,False
2016-09-26 15:45:00,84,1,1,"[15:45:00,16:05:00)",1,0,2016-09-26,15,45,False
2016-09-26 16:05:00,109,1,1,"[16:05:00,16:25:00)",1,0,2016-09-26,16,5,False
2016-09-26 16:25:00,111,1,1,"[16:25:00,16:45:00)",1,0,2016-09-26,16,25,False
2016-09-26 16:45:00,96,1,1,"[16:45:00,17:05:00)",1,0,2016-09-26,16,45,False
2016-09-26 17:05:00,107,1,1,"[17:05:00,17:25:00)",1,0,2016-09-26,17,5,False
2016-09-26 17:25:00,118,1,1,"[17:25:00,17:45:00)",1,0,2016-09-26,17,25,False
2016-09-26 17:45:00,86,1,1,"[17:45:00,18:05:00)",1,0,2016-09-26,17,45,False
2016-09-26 18:05:00,81,1,1,"[18:05:00,18:25:00)",1,0,2016-09-26,18,5,False
2016-09-26 18:25:00,83,1,1,"[18:25:00,18:45:00)",1,0,2016-09-26,18,25,False
2016-09-26 18:45:00,44,1,1,"[18:45:00,19:05:00)",1,0,2016-09-26,18,45,False
2016-09-26 19:05:00,55,1,1,"[19:05:00,19:25:00)",1,0,2016-09-26,19,5,False
2016-09-26 19:25:00,51,1,1,"[19:25:00,19:45:00)",1,0,2016-09-26,19,25,False
2016-09-26 19:45:00,44,1,1,"[19:45:00,20:05:00)",1,0,2016-09-26,19,45,False
2016-09-26 20:05:00,34,1,1,"[20:05:00,20:25:00)",1,0,2016-09-26,20,5,False
2016-09-26 20:25:00,39,1,1,"[20:25:00,20:45:00)",1,0,2016-09-26,20,25,False
2016-09-26 20:45:00,30,1,1,"[20:45:00,21:05:00)",1,0,2016-09-26,20,45,False
2016-09-26 21:05:00,32,1,1,"[21:05:00,21:25:00)",1,0,2016-09-26,21,5,False
2016-09-26 21:25:00,34,1,1,"[21:25:00,21:45:00)",1,0,2016-09-26,21,25,False
2016-09-26 21:45:00,19,1,1,"[21:45:00,22:05:00)",1,0,2016-09-26,21,45,False
2016-09-26 22:05:00,11,1,1,"[22:05:00,22:25:00)",1,0,2016-09-26,22,5,False
2016-09-26 22:25:00,26,1,1,"[22:25:00,22:45:00)",1,0,2016-09-26,22,25,False
2016-09-26 22:45:00,19,1,1,"[22:45:00,23:05:00)",1,0,2016-09-26,22,45,False
2016-09-26 23:05:00,14,1,1,"[23:05:00,23:25:00)",1,0,2016-09-26,23,5,False
2016-09-26 23:25:00,14,1,1,"[23:25:00,23:45:00)",1,0,2016-09-26,23,25,False
2016-09-26 23:45:00,49,1,1,"[23:45:00,00:00:00)",1,0,2016-09-26,23,45,False
2016-09-27 00:05:00,124,1,1,"[00:05:00,00:25:00)",2,0,2016-09-27,0,5,False
2016-09-27 00:25:00,63,1,1,"[00:25:00,00:45:00)",2,0,2016-09-27,0,25,False
2016-09-27 00:45:00,27,1,1,"[00:45:00,01:05:00)",2,0,2016-09-27,0,45,False
2016-09-27 01:05:00,9,1,1,"[01:05:00,01:25:00)",2,0,2016-09-27,1,5,False
2016-09-27 01:25:00,10,1,1,"[01:25:00,01:45:00)",2,0,2016-09-27,1,25,False
2016-09-27 01:45:00,13,1,1,"[01:45:00,02:05:00)",2,0,2016-09-27,1,45,False
2016-09-27 02:05:00,5,1,1,"[02:05:00,02:25:00)",2,0,2016-09-27,2,5,False
2016-09-27 02:25:00,9,1,1,"[02:25:00,02:45:00)",2,0,2016-09-27,2,25,False
2016-09-27 02:45:00,11,1,1,"[02:45:00,03:05:00)",2,0,2016-09-27,2,45,False
2016-09-27 03:05:00,9,1,1,"[03:05:00,03:25:00)",2,0,2016-09-27,3,5,False
2016-09-27 03:25:00,13,1,1,"[03:25:00,03:45:00)",2,0,2016-09-27,3,25,False
2016-09-27 03:45:00,13,1,1,"[03:45:00,04:05:00)",2,0,2016-09-27,3,45,False
2016-09-27 04:05:00,17,1,1,"[04:05:00,04:25:00)",2,0,2016-09-27,4,5,False
2016-09-27 04:25:00,23,1,1,"[04:25:00,04:45:00)",2,0,2016-09-27,4,25,False
2016-09-27 04:45:00,22,1,1,"[04:45:00,05:05:00)",2,0,2016-09-27,4,45,False
2016-09-27 05:05:00,22,1,1,"[05:05:00,05:25:00)",2,0,2016-09-27,5,5,False
2016-09-27 05:25:00,36,1,1,"[05:25:00,05:45:00)",2,0,2016-09-27,5,25,False
2016-09-27 05:45:00,33,1,1,"[05:45:00,06:05:00)",2,0,2016-09-27,5,45,False
2016-09-27 06:05:00,43,1,1,"[06:05:00,06:25:00)",2,0,2016-09-27,6,5,False
2016-09-27 06:25:00,70,1,1,"[06:25:00,06:45:00)",2,0,2016-09-27,6,25,False
2016-09-27 06:45:00,85,1,1,"[06:45:00,07:05:00)",2,0,2016-09-27,6,45,False
2016-09-27 07:05:00,71,1,1,"[07:05:00,07:25:00)",2,0,2016-09-27,7,5,False
2016-09-27 07:25:00,109,1,1,"[07:25:00,07:45:00)",2,0,2016-09-27,7,25,False
2016-09-27 07:45:00,114,1,1,"[07:45:00,08:05:00)",2,0,2016-09-27,7,45,False
2016-09-27 08:05:00,122,1,1,"[08:05:00,08:25:00)",2,0,2016-09-27,8,5,False
2016-09-27 08:25:00,118,1,1,"[08:25:00,08:45:00)",2,0,2016-09-27,8,25,False
2016-09-27 08:45:00,118,1,1,"[08:45:00,09:05:00)",2,0,2016-09-27,8,45,False
2016-09-27 09:05:00,120,1,1,"[09:05:00,09:25:00)",2,0,2016-09-27,9,5,False
2016-09-27 09:25:00,93,1,1,"[09:25:00,09:45:00)",2,0,2016-09-27,9,25,False
2016-09-27 09:45:00,82,1,1,"[09:45:00,10:05:00)",2,0,2016-09-27,9,45,False
2016-09-27 10:05:00,68,1,1,"[10:05:00,10:25:00)",2,0,2016-09-27,10,5,False
2016-09-27 10:25:00,94,1,1,"[10:25:00,10:45:00)",2,0,2016-09-27,10,25,False
2016-09-27 10:45:00,102,1,1,"[10:45:00,11:05:00)",2,0,2016-09-27,10,45,False
2016-09-27 11:05:00,81,1,1,"[11:05:00,11:25:00)",2,0,2016-09-27,11,5,False
2016-09-27 11:25:00,98,1,1,"[11:25:00,11:45:00)",2,0,2016-09-27,11,25,False
2016-09-27 11:45:00,70,1,1,"[11:45:00,12:05:00)",2,0,2016-09-27,11,45,False
2016-09-27 12:05:00,88,1,1,"[12:05:00,12:25:00)",2,0,2016-09-27,12,5,False
2016-09-27 12:25:00,78,1,1,"[12:25:00,12:45:00)",2,0,2016-09-27,12,25,False
2016-09-27 12:45:00,77,1,1,"[12:45:00,13:05:00)",2,0,2016-09-27,12,45,False
2016-09-27 13:05:00,90,1,1,"[13:05:00,13:25:00)",2,0,2016-09-27,13,5,False
2016-09-27 13:25:00,115,1,1,"[13:25:00,13:45:00)",2,0,2016-09-27,13,25,False
2016-09-27 13:45:00,99,1,1,"[13:45:00,14:05:00)",2,0,2016-09-27,13,45,False
2016-09-27 14:05:00,89,1,1,"[14:05:00,14:25:00)",2,0,2016-09-27,14,5,False
2016-09-27 14:25:00,96,1,1,"[14:25:00,14:45:00)",2,0,2016-09-27,14,25,False
2016-09-27 14:45:00,97,1,1,"[14:45:00,15:05:00)",2,0,2016-09-27,14,45,False
2016-09-27 15:05:00,128,1,1,"[15:05:00,15:25:00)",2,0,2016-09-27,15,5,False
2016-09-27 15:25:00,92,1,1,"[15:25:00,15:45:00)",2,0,2016-09-27,15,25,False
2016-09-27 15:45:00,105,1,1,"[15:45:00,16:05:00)",2,0,2016-09-27,15,45,False
2016-09-27 16:05:00,80,1,1,"[16:05:00,16:25:00)",2,0,2016-09-27,16,5,False
2016-09-27 16:25:00,111,1,1,"[16:25:00,16:45:00)",2,0,2016-09-27,16,25,False
2016-09-27 16:45:00,105,1,1,"[16:45:00,17:05:00)",2,0,2016-09-27,16,45,False
2016-09-27 17:05:00,102,1,1,"[17:05:00,17:25:00)",2,0,2016-09-27,17,5,False
2016-09-27 17:25:00,144,1,1,"[17:25:00,17:45:00)",2,0,2016-09-27,17,25,False
2016-09-27 17:45:00,94,1,1,"[17:45:00,18:05:00)",2,0,2016-09-27,17,45,False
2016-09-27 18:05:00,86,1,1,"[18:05:00,18:25:00)",2,0,2016-09-27,18,5,False
2016-09-27 18:25:00,78,1,1,"[18:25:00,18:45:00)",2,0,2016-09-27,18,25,False
2016-09-27 18:45:00,60,1,1,"[18:45:00,19:05:00)",2,0,2016-09-27,18,45,False
2016-09-27 19:05:00,47,1,1,"[19:05:00,19:25:00)",2,0,2016-09-27,19,5,False
2016-09-27 19:25:00,44,1,1,"[19:25:00,19:45:00)",2,0,2016-09-27,19,25,False
2016-09-27 19:45:00,35,1,1,"[19:45:00,20:05:00)",2,0,2016-09-27,19,45,False
2016-09-27 20:05:00,39,1,1,"[20:05:00,20:25:00)",2,0,2016-09-27,20,5,False
2016-09-27 20:25:00,41,1,1,"[20:25:00,20:45:00)",2,0,2016-09-27,20,25,False
2016-09-27 20:45:00,37,1,1,"[20:45:00,21:05:00)",2,0,2016-09-27,20,45,False
2016-09-27 21:05:00,30,1,1,"[21:05:00,21:25:00)",2,0,2016-09-27,21,5,False
2016-09-27 21:25:00,30,1,1,"[21:25:00,21:45:00)",2,0,2016-09-27,21,25,False
2016-09-27 21:45:00,25,1,1,"[21:45:00,22:05:00)",2,0,2016-09-27,21,45,False
2016-09-27 22:05:00,17,1,1,"[22:05:00,22:25:00)",2,0,2016-09-27,22,5,False
2016-09-27 22:25:00,20,1,1,"[22:25:00,22:45:00)",2,0,2016-09-27,22,25,False
2016-09-27 22:45:00,18,1,1,"[22:45:00,23:05:00)",2,0,2016-09-27,22,45,False
2016-09-27 23:05:00,7,1,1,"[23:05:00,23:25:00)",2,0,2016-09-27,23,5,False
2016-09-27 23:25:00,19,1,1,"[23:25:00,23:45:00)",2,0,2016-09-27,23,25,False
2016-09-27 23:45:00,49,1,1,"[23:45:00,00:00:00)",2,0,2016-09-27,23,45,False
2016-09-28 00:05:00,108,1,1,"[00:05:00,00:25:00)",3,0,2016-09-28,0,5,False
2016-09-28 00:25:00,47,1,1,"[00:25:00,00:45:00)",3,0,2016-09-28,0,25,False
2016-09-28 00:45:00,28,1,1,"[00:45:00,01:05:00)",3,0,2016-09-28,0,45,False
2016-09-28 01:05:00,4,1,1,"[01:05:00,01:25:00)",3,0,2016-09-28,1,5,False
2016-09-28 01:25:00,5,1,1,"[01:25:00,01:45:00)",3,0,2016-09-28,1,25,False
2016-09-28 01:45:00,9,1,1,"[01:45:00,02:05:00)",3,0,2016-09-28,1,45,False
2016-09-28 02:05:00,7,1,1,"[02:05:00,02:25:00)",3,0,2016-09-28,2,5,False
2016-09-28 02:25:00,10,1,1,"[02:25:00,02:45:00)",3,0,2016-09-28,2,25,False
2016-09-28 02:45:00,15,1,1,"[02:45:00,03:05:00)",3,0,2016-09-28,2,45,False
2016-09-28 03:05:00,7,1,1,"[03:05:00,03:25:00)",3,0,2016-09-28,3,5,False
2016-09-28 03:25:00,10,1,1,"[03:25:00,03:45:00)",3,0,2016-09-28,3,25,False
2016-09-28 03:45:00,22,1,1,"[03:45:00,04:05:00)",3,0,2016-09-28,3,45,False
2016-09-28 04:05:00,19,1,1,"[04:05:00,04:25:00)",3,0,2016-09-28,4,5,False
2016-09-28 04:25:00,18,1,1,"[04:25:00,04:45:00)",3,0,2016-09-28,4,25,False
2016-09-28 04:45:00,16,1,1,"[04:45:00,05:05:00)",3,0,2016-09-28,4,45,False
2016-09-28 05:05:00,34,1,1,"[05:05:00,05:25:00)",3,0,2016-09-28,5,5,False
2016-09-28 05:25:00,32,1,1,"[05:25:00,05:45:00)",3,0,2016-09-28,5,25,False
2016-09-28 05:45:00,31,1,1,"[05:45:00,06:05:00)",3,0,2016-09-28,5,45,False
2016-09-28 06:05:00,45,1,1,"[06:05:00,06:25:00)",3,0,2016-09-28,6,5,False
2016-09-28 06:25:00,53,1,1,"[06:25:00,06:45:00)",3,0,2016-09-28,6,25,False
2016-09-28 06:45:00,61,1,1,"[06:45:00,07:05:00)",3,0,2016-09-28,6,45,False
2016-09-28 07:05:00,72,1,1,"[07:05:00,07:25:00)",3,0,2016-09-28,7,5,False
2016-09-28 07:25:00,81,1,1,"[07:25:00,07:45:00)",3,0,2016-09-28,7,25,False
2016-09-28 07:45:00,116,1,1,"[07:45:00,08:05:00)",3,0,2016-09-28,7,45,False
2016-09-28 08:05:00,93,1,1,"[08:05:00,08:25:00)",3,0,2016-09-28,8,5,False
2016-09-28 08:25:00,107,1,1,"[08:25:00,08:45:00)",3,0,2016-09-28,8,25,False
2016-09-28 08:45:00,104,1,1,"[08:45:00,09:05:00)",3,0,2016-09-28,8,45,False
2016-09-28 09:05:00,102,1,1,"[09:05:00,09:25:00)",3,0,2016-09-28,9,5,False
2016-09-28 09:25:00,113,1,1,"[09:25:00,09:45:00)",3,0,2016-09-28,9,25,False
2016-09-28 09:45:00,93,1,1,"[09:45:00,10:05:00)",3,0,2016-09-28,9,45,False
2016-09-28 10:05:00,95,1,1,"[10:05:00,10:25:00)",3,0,2016-09-28,10,5,False
2016-09-28 10:25:00,105,1,1,"[10:25:00,10:45:00)",3,0,2016-09-28,10,25,False
2016-09-28 10:45:00,90,1,1,"[10:45:00,11:05:00)",3,0,2016-09-28,10,45,False
2016-09-28 11:05:00,90,1,1,"[11:05:00,11:25:00)",3,0,2016-09-28,11,5,False
2016-09-28 11:25:00,72,1,1,"[11:25:00,11:45:00)",3,0,2016-09-28,11,25,False
2016-09-28 11:45:00,101,1,1,"[11:45:00,12:05:00)",3,0,2016-09-28,11,45,False
2016-09-28 12:05:00,77,1,1,"[12:05:00,12:25:00)",3,0,2016-09-28,12,5,False
2016-09-28 12:25:00,76,1,1,"[12:25:00,12:45:00)",3,0,2016-09-28,12,25,False
2016-09-28 12:45:00,108,1,1,"[12:45:00,13:05:00)",3,0,2016-09-28,12,45,False
2016-09-28 13:05:00,84,1,1,"[13:05:00,13:25:00)",3,0,2016-09-28,13,5,False
2016-09-28 13:25:00,93,1,1,"[13:25:00,13:45:00)",3,0,2016-09-28,13,25,False
2016-09-28 13:45:00,97,1,1,"[13:45:00,14:05:00)",3,0,2016-09-28,13,45,False
2016-09-28 14:05:00,63,1,1,"[14:05:00,14:25:00)",3,0,2016-09-28,14,5,False
2016-09-28 14:25:00,96,1,1,"[14:25:00,14:45:00)",3,0,2016-09-28,14,25,False
2016-09-28 14:45:00,106,1,1,"[14:45:00,15:05:00)",3,0,2016-09-28,14,45,False
2016-09-28 15:05:00,98,1,1,"[15:05:00,15:25:00)",3,0,2016-09-28,15,5,False
2016-09-28 15:25:00,90,1,1,"[15:25:00,15:45:00)",3,0,2016-09-28,15,25,False
2016-09-28 15:45:00,82,1,1,"[15:45:00,16:05:00)",3,0,2016-09-28,15,45,False
2016-09-28 16:05:00,95,1,1,"[16:05:00,16:25:00)",3,0,2016-09-28,16,5,False
2016-09-28 16:25:00,71,1,1,"[16:25:00,16:45:00)",3,0,2016-09-28,16,25,False
2016-09-28 16:45:00,82,1,1,"[16:45:00,17:05:00)",3,0,2016-09-28,16,45,False
2016-09-28 17:05:00,86,1,1,"[17:05:00,17:25:00)",3,0,2016-09-28,17,5,False
2016-09-28 17:25:00,115,1,1,"[17:25:00,17:45:00)",3,0,2016-09-28,17,25,False
2016-09-28 17:45:00,105,1,1,"[17:45:00,18:05:00)",3,0,2016-09-28,17,45,False
2016-09-28 18:05:00,73,1,1,"[18:05:00,18:25:00)",3,0,2016-09-28,18,5,False
2016-09-28 18:25:00,70,1,1,"[18:25:00,18:45:00)",3,0,2016-09-28,18,25,False
2016-09-28 18:45:00,59,1,1,"[18:45:00,19:05:00)",3,0,2016-09-28,18,45,False
2016-09-28 19:05:00,42,1,1,"[19:05:00,19:25:00)",3,0,2016-09-28,19,5,False
2016-09-28 19:25:00,36,1,1,"[19:25:00,19:45:00)",3,0,2016-09-28,19,25,False
2016-09-28 19:45:00,39,1,1,"[19:45:00,20:05:00)",3,0,2016-09-28,19,45,False
2016-09-28 20:05:00,31,1,1,"[20:05:00,20:25:00)",3,0,2016-09-28,20,5,False
2016-09-28 20:25:00,35,1,1,"[20:25:00,20:45:00)",3,0,2016-09-28,20,25,False
2016-09-28 20:45:00,31,1,1,"[20:45:00,21:05:00)",3,0,2016-09-28,20,45,False
2016-09-28 21:05:00,16,1,1,"[21:05:00,21:25:00)",3,0,2016-09-28,21,5,False
2016-09-28 21:25:00,33,1,1,"[21:25:00,21:45:00)",3,0,2016-09-28,21,25,False
2016-09-28 21:45:00,14,1,1,"[21:45:00,22:05:00)",3,0,2016-09-28,21,45,False
2016-09-28 22:05:00,13,1,1,"[22:05:00,22:25:00)",3,0,2016-09-28,22,5,False
2016-09-28 22:25:00,15,1,1,"[22:25:00,22:45:00)",3,0,2016-09-28,22,25,False
2016-09-28 22:45:00,11,1,1,"[22:45:00,23:05:00)",3,0,2016-09-28,22,45,False
2016-09-28 23:05:00,5,1,1,"[23:05:00,23:25:00)",3,0,2016-09-28,23,5,False
2016-09-28 23:25:00,17,1,1,"[23:25:00,23:45:00)",3,0,2016-09-28,23,25,False
2016-09-28 23:45:00,45,1,1,"[23:45:00,00:00:00)",3,0,2016-09-28,23,45,False
2016-09-29 00:05:00,102,1,1,"[00:05:00,00:25:00)",4,0,2016-09-29,0,5,False
2016-09-29 00:25:00,71,1,1,"[00:25:00,00:45:00)",4,0,2016-09-29,0,25,False
2016-09-29 00:45:00,40,1,1,"[00:45:00,01:05:00)",4,0,2016-09-29,0,45,False
2016-09-29 01:05:00,16,1,1,"[01:05:00,01:25:00)",4,0,2016-09-29,1,5,False
2016-09-29 01:25:00,10,1,1,"[01:25:00,01:45:00)",4,0,2016-09-29,1,25,False
2016-09-29 01:45:00,9,1,1,"[01:45:00,02:05:00)",4,0,2016-09-29,1,45,False
2016-09-29 02:05:00,6,1,1,"[02:05:00,02:25:00)",4,0,2016-09-29,2,5,False
2016-09-29 02:25:00,14,1,1,"[02:25:00,02:45:00)",4,0,2016-09-29,2,25,False
2016-09-29 02:45:00,4,1,1,"[02:45:00,03:05:00)",4,0,2016-09-29,2,45,False
2016-09-29 03:05:00,10,1,1,"[03:05:00,03:25:00)",4,0,2016-09-29,3,5,False
2016-09-29 03:25:00,20,1,1,"[03:25:00,03:45:00)",4,0,2016-09-29,3,25,False
2016-09-29 03:45:00,11,1,1,"[03:45:00,04:05:00)",4,0,2016-09-29,3,45,False
2016-09-29 04:05:00,13,1,1,"[04:05:00,04:25:00)",4,0,2016-09-29,4,5,False
2016-09-29 04:25:00,23,1,1,"[04:25:00,04:45:00)",4,0,2016-09-29,4,25,False
2016-09-29 04:45:00,20,1,1,"[04:45:00,05:05:00)",4,0,2016-09-29,4,45,False
2016-09-29 05:05:00,24,1,1,"[05:05:00,05:25:00)",4,0,2016-09-29,5,5,False
2016-09-29 05:25:00,32,1,1,"[05:25:00,05:45:00)",4,0,2016-09-29,5,25,False
2016-09-29 05:45:00,28,1,1,"[05:45:00,06:05:00)",4,0,2016-09-29,5,45,False
2016-09-29 06:05:00,34,1,1,"[06:05:00,06:25:00)",4,0,2016-09-29,6,5,False
2016-09-29 06:25:00,31,1,1,"[06:25:00,06:45:00)",4,0,2016-09-29,6,25,False
2016-09-29 06:45:00,55,1,1,"[06:45:00,07:05:00)",4,0,2016-09-29,6,45,False
2016-09-29 07:05:00,50,1,1,"[07:05:00,07:25:00)",4,0,2016-09-29,7,5,False
2016-09-29 07:25:00,72,1,1,"[07:25:00,07:45:00)",4,0,2016-09-29,7,25,False
2016-09-29 07:45:00,86,1,1,"[07:45:00,08:05:00)",4,0,2016-09-29,7,45,False
2016-09-29 08:05:00,98,1,1,"[08:05:00,08:25:00)",4,0,2016-09-29,8,5,False
2016-09-29 08:25:00,104,1,1,"[08:25:00,08:45:00)",4,0,2016-09-29,8,25,False
2016-09-29 08:45:00,120,1,1,"[08:45:00,09:05:00)",4,0,2016-09-29,8,45,False
2016-09-29 09:05:00,97,1,1,"[09:05:00,09:25:00)",4,0,2016-09-29,9,5,False
2016-09-29 09:25:00,106,1,1,"[09:25:00,09:45:00)",4,0,2016-09-29,9,25,False
2016-09-29 09:45:00,99,1,1,"[09:45:00,10:05:00)",4,0,2016-09-29,9,45,False
2016-09-29 10:05:00,91,1,1,"[10:05:00,10:25:00)",4,0,2016-09-29,10,5,False
2016-09-29 10:25:00,101,1,1,"[10:25:00,10:45:00)",4,0,2016-09-29,10,25,False
2016-09-29 10:45:00,105,1,1,"[10:45:00,11:05:00)",4,0,2016-09-29,10,45,False
2016-09-29 11:05:00,73,1,1,"[11:05:00,11:25:00)",4,0,2016-09-29,11,5,False
2016-09-29 11:25:00,76,1,1,"[11:25:00,11:45:00)",4,0,2016-09-29,11,25,False
2016-09-29 11:45:00,77,1,1,"[11:45:00,12:05:00)",4,0,2016-09-29,11,45,False
2016-09-29 12:05:00,99,1,1,"[12:05:00,12:25:00)",4,0,2016-09-29,12,5,False
2016-09-29 12:25:00,86,1,1,"[12:25:00,12:45:00)",4,0,2016-09-29,12,25,False
2016-09-29 12:45:00,84,1,1,"[12:45:00,13:05:00)",4,0,2016-09-29,12,45,False
2016-09-29 13:05:00,75,1,1,"[13:05:00,13:25:00)",4,0,2016-09-29,13,5,False
2016-09-29 13:25:00,97,1,1,"[13:25:00,13:45:00)",4,0,2016-09-29,13,25,False
2016-09-29 13:45:00,68,1,1,"[13:45:00,14:05:00)",4,0,2016-09-29,13,45,False
2016-09-29 14:05:00,70,1,1,"[14:05:00,14:25:00)",4,0,2016-09-29,14,5,False
2016-09-29 14:25:00,78,1,1,"[14:25:00,14:45:00)",4,0,2016-09-29,14,25,False
2016-09-29 14:45:00,95,1,1,"[14:45:00,15:05:00)",4,0,2016-09-29,14,45,False
2016-09-29 15:05:00,67,1,1,"[15:05:00,15:25:00)",4,0,2016-09-29,15,5,False
2016-09-29 15:25:00,56,1,1,"[15:25:00,15:45:00)",4,0,2016-09-29,15,25,False
2016-09-29 15:45:00,87,1,1,"[15:45:00,16:05:00)",4,0,2016-09-29,15,45,False
2016-09-29 16:05:00,92,1,1,"[16:05:00,16:25:00)",4,0,2016-09-29,16,5,False
2016-09-29 16:25:00,86,1,1,"[16:25:00,16:45:00)",4,0,2016-09-29,16,25,False
2016-09-29 16:45:00,81,1,1,"[16:45:00,17:05:00)",4,0,2016-09-29,16,45,False
2016-09-29 17:05:00,101,1,1,"[17:05:00,17:25:00)",4,0,2016-09-29,17,5,False
2016-09-29 17:25:00,90,1,1,"[17:25:00,17:45:00)",4,0,2016-09-29,17,25,False
2016-09-29 17:45:00,126,1,1,"[17:45:00,18:05:00)",4,0,2016-09-29,17,45,False
2016-09-29 18:05:00,68,1,1,"[18:05:00,18:25:00)",4,0,2016-09-29,18,5,False
2016-09-29 18:25:00,75,1,1,"[18:25:00,18:45:00)",4,0,2016-09-29,18,25,False
2016-09-29 18:45:00,75,1,1,"[18:45:00,19:05:00)",4,0,2016-09-29,18,45,False
2016-09-29 19:05:00,58,1,1,"[19:05:00,19:25:00)",4,0,2016-09-29,19,5,False
2016-09-29 19:25:00,44,1,1,"[19:25:00,19:45:00)",4,0,2016-09-29,19,25,False
2016-09-29 19:45:00,45,1,1,"[19:45:00,20:05:00)",4,0,2016-09-29,19,45,False
2016-09-29 20:05:00,41,1,1,"[20:05:00,20:25:00)",4,0,2016-09-29,20,5,False
2016-09-29 20:25:00,33,1,1,"[20:25:00,20:45:00)",4,0,2016-09-29,20,25,False
2016-09-29 20:45:00,29,1,1,"[20:45:00,21:05:00)",4,0,2016-09-29,20,45,False
2016-09-29 21:05:00,34,1,1,"[21:05:00,21:25:00)",4,0,2016-09-29,21,5,False
2016-09-29 21:25:00,31,1,1,"[21:25:00,21:45:00)",4,0,2016-09-29,21,25,False
2016-09-29 21:45:00,27,1,1,"[21:45:00,22:05:00)",4,0,2016-09-29,21,45,False
2016-09-29 22:05:00,20,1,1,"[22:05:00,22:25:00)",4,0,2016-09-29,22,5,False
2016-09-29 22:25:00,40,1,1,"[22:25:00,22:45:00)",4,0,2016-09-29,22,25,False
2016-09-29 22:45:00,19,1,1,"[22:45:00,23:05:00)",4,0,2016-09-29,22,45,False
2016-09-29 23:05:00,6,1,1,"[23:05:00,23:25:00)",4,0,2016-09-29,23,5,False
2016-09-29 23:25:00,13,1,1,"[23:25:00,23:45:00)",4,0,2016-09-29,23,25,False
2016-09-29 23:45:00,75,1,1,"[23:45:00,00:00:00)",4,0,2016-09-29,23,45,False
2016-09-30 00:05:00,232,1,1,"[00:05:00,00:25:00)",5,0,2016-09-30,0,5,False
2016-09-30 00:25:00,183,1,1,"[00:25:00,00:45:00)",5,0,2016-09-30,0,25,False
2016-09-30 00:45:00,130,1,1,"[00:45:00,01:05:00)",5,0,2016-09-30,0,45,False
2016-09-30 01:05:00,11,1,1,"[01:05:00,01:25:00)",5,0,2016-09-30,1,5,False
2016-09-30 01:25:00,5,1,1,"[01:25:00,01:45:00)",5,0,2016-09-30,1,25,False
2016-09-30 01:45:00,9,1,1,"[01:45:00,02:05:00)",5,0,2016-09-30,1,45,False
2016-09-30 02:05:00,10,1,1,"[02:05:00,02:25:00)",5,0,2016-09-30,2,5,False
2016-09-30 02:25:00,6,1,1,"[02:25:00,02:45:00)",5,0,2016-09-30,2,25,False
2016-09-30 02:45:00,8,1,1,"[02:45:00,03:05:00)",5,0,2016-09-30,2,45,False
2016-09-30 03:05:00,14,1,1,"[03:05:00,03:25:00)",5,0,2016-09-30,3,5,False
2016-09-30 03:25:00,22,1,1,"[03:25:00,03:45:00)",5,0,2016-09-30,3,25,False
2016-09-30 03:45:00,15,1,1,"[03:45:00,04:05:00)",5,0,2016-09-30,3,45,False
2016-09-30 04:05:00,17,1,1,"[04:05:00,04:25:00)",5,0,2016-09-30,4,5,False
2016-09-30 04:25:00,20,1,1,"[04:25:00,04:45:00)",5,0,2016-09-30,4,25,False
2016-09-30 04:45:00,19,1,1,"[04:45:00,05:05:00)",5,0,2016-09-30,4,45,False
2016-09-30 05:05:00,30,1,1,"[05:05:00,05:25:00)",5,0,2016-09-30,5,5,False
2016-09-30 05:25:00,35,1,1,"[05:25:00,05:45:00)",5,0,2016-09-30,5,25,False
2016-09-30 05:45:00,29,1,1,"[05:45:00,06:05:00)",5,0,2016-09-30,5,45,False
2016-09-30 06:05:00,49,1,1,"[06:05:00,06:25:00)",5,0,2016-09-30,6,5,False
2016-09-30 06:25:00,49,1,1,"[06:25:00,06:45:00)",5,0,2016-09-30,6,25,False
2016-09-30 06:45:00,69,1,1,"[06:45:00,07:05:00)",5,0,2016-09-30,6,45,False
2016-09-30 07:05:00,70,1,1,"[07:05:00,07:25:00)",5,0,2016-09-30,7,5,False
2016-09-30 07:25:00,104,1,1,"[07:25:00,07:45:00)",5,0,2016-09-30,7,25,False
2016-09-30 07:45:00,114,1,1,"[07:45:00,08:05:00)",5,0,2016-09-30,7,45,False
2016-09-30 08:05:00,111,1,1,"[08:05:00,08:25:00)",5,0,2016-09-30,8,5,False
2016-09-30 08:25:00,117,1,1,"[08:25:00,08:45:00)",5,0,2016-09-30,8,25,False
2016-09-30 08:45:00,140,1,1,"[08:45:00,09:05:00)",5,0,2016-09-30,8,45,False
2016-09-30 09:05:00,129,1,1,"[09:05:00,09:25:00)",5,0,2016-09-30,9,5,False
2016-09-30 09:25:00,133,1,1,"[09:25:00,09:45:00)",5,0,2016-09-30,9,25,False
2016-09-30 09:45:00,101,1,1,"[09:45:00,10:05:00)",5,0,2016-09-30,9,45,False
2016-09-30 10:05:00,111,1,1,"[10:05:00,10:25:00)",5,0,2016-09-30,10,5,False
2016-09-30 10:25:00,127,1,1,"[10:25:00,10:45:00)",5,0,2016-09-30,10,25,False
2016-09-30 10:45:00,126,1,1,"[10:45:00,11:05:00)",5,0,2016-09-30,10,45,False
2016-09-30 11:05:00,110,1,1,"[11:05:00,11:25:00)",5,0,2016-09-30,11,5,False
2016-09-30 11:25:00,113,1,1,"[11:25:00,11:45:00)",5,0,2016-09-30,11,25,False
2016-09-30 11:45:00,115,1,1,"[11:45:00,12:05:00)",5,0,2016-09-30,11,45,False
2016-09-30 12:05:00,149,1,1,"[12:05:00,12:25:00)",5,0,2016-09-30,12,5,False
2016-09-30 12:25:00,147,1,1,"[12:25:00,12:45:00)",5,0,2016-09-30,12,25,False
2016-09-30 12:45:00,146,1,1,"[12:45:00,13:05:00)",5,0,2016-09-30,12,45,False
2016-09-30 13:05:00,128,1,1,"[13:05:00,13:25:00)",5,0,2016-09-30,13,5,False
2016-09-30 13:25:00,133,1,1,"[13:25:00,13:45:00)",5,0,2016-09-30,13,25,False
2016-09-30 13:45:00,130,1,1,"[13:45:00,14:05:00)",5,0,2016-09-30,13,45,False
2016-09-30 14:05:00,125,1,1,"[14:05:00,14:25:00)",5,0,2016-09-30,14,5,False
2016-09-30 14:25:00,124,1,1,"[14:25:00,14:45:00)",5,0,2016-09-30,14,25,False
2016-09-30 14:45:00,115,1,1,"[14:45:00,15:05:00)",5,0,2016-09-30,14,45,False
2016-09-30 15:05:00,114,1,1,"[15:05:00,15:25:00)",5,0,2016-09-30,15,5,False
2016-09-30 15:25:00,89,1,1,"[15:25:00,15:45:00)",5,0,2016-09-30,15,25,False
2016-09-30 15:45:00,71,1,1,"[15:45:00,16:05:00)",5,0,2016-09-30,15,45,False
2016-09-30 16:05:00,83,1,1,"[16:05:00,16:25:00)",5,0,2016-09-30,16,5,False
2016-09-30 16:25:00,103,1,1,"[16:25:00,16:45:00)",5,0,2016-09-30,16,25,False
2016-09-30 16:45:00,92,1,1,"[16:45:00,17:05:00)",5,0,2016-09-30,16,45,False
2016-09-30 17:05:00,78,1,1,"[17:05:00,17:25:00)",5,0,2016-09-30,17,5,False
2016-09-30 17:25:00,89,1,1,"[17:25:00,17:45:00)",5,0,2016-09-30,17,25,False
2016-09-30 17:45:00,67,1,1,"[17:45:00,18:05:00)",5,0,2016-09-30,17,45,False
2016-09-30 18:05:00,17,1,1,"[18:05:00,18:25:00)",5,0,2016-09-30,18,5,False
2016-09-30 18:25:00,20,1,1,"[18:25:00,18:45:00)",5,0,2016-09-30,18,25,False
2016-09-30 18:45:00,37,1,1,"[18:45:00,19:05:00)",5,0,2016-09-30,18,45,False
2016-09-30 19:05:00,19,1,1,"[19:05:00,19:25:00)",5,0,2016-09-30,19,5,False
2016-09-30 19:25:00,15,1,1,"[19:25:00,19:45:00)",5,0,2016-09-30,19,25,False
2016-09-30 19:45:00,24,1,1,"[19:45:00,20:05:00)",5,0,2016-09-30,19,45,False
2016-09-30 20:05:00,8,1,1,"[20:05:00,20:25:00)",5,0,2016-09-30,20,5,False
2016-09-30 20:25:00,20,1,1,"[20:25:00,20:45:00)",5,0,2016-09-30,20,25,False
2016-09-30 20:45:00,18,1,1,"[20:45:00,21:05:00)",5,0,2016-09-30,20,45,False
2016-09-30 21:05:00,5,1,1,"[21:05:00,21:25:00)",5,0,2016-09-30,21,5,False
2016-09-30 21:25:00,3,1,1,"[21:25:00,21:45:00)",5,0,2016-09-30,21,25,False
2016-09-30 21:45:00,3,1,1,"[21:45:00,22:05:00)",5,0,2016-09-30,21,45,False
2016-09-30 22:05:00,4,1,1,"[22:05:00,22:25:00)",5,0,2016-09-30,22,5,False
2016-09-30 22:25:00,15,1,1,"[22:25:00,22:45:00)",5,0,2016-09-30,22,25,False
2016-09-30 22:45:00,11,1,1,"[22:45:00,23:05:00)",5,0,2016-09-30,22,45,False
2016-09-30 23:05:00,19,1,1,"[23:05:00,23:25:00)",5,0,2016-09-30,23,5,False
2016-09-30 23:25:00,14,1,1,"[23:25:00,23:45:00)",5,0,2016-09-30,23,25,False
2016-09-30 23:45:00,13,1,1,"[23:45:00,00:00:00)",5,0,2016-09-30,23,45,False
2016-10-01 00:05:00,24,1,1,"[00:05:00,00:25:00)",6,1,2016-10-01,0,5,True
2016-10-01 00:25:00,12,1,1,"[00:25:00,00:45:00)",6,1,2016-10-01,0,25,True
2016-10-01 00:45:00,9,1,1,"[00:45:00,01:05:00)",6,1,2016-10-01,0,45,True
2016-10-01 01:05:00,0,1,1,"[01:05:00,01:25:00)",6,1,2016-10-01,1,5,True
2016-10-01 01:25:00,2,1,1,"[01:25:00,01:45:00)",6,1,2016-10-01,1,25,True
2016-10-01 01:45:00,0,1,1,"[01:45:00,02:05:00)",6,1,2016-10-01,1,45,True
2016-10-01 02:05:00,1,1,1,"[02:05:00,02:25:00)",6,1,2016-10-01,2,5,True
2016-10-01 02:25:00,1,1,1,"[02:25:00,02:45:00)",6,1,2016-10-01,2,25,True
2016-10-01 02:45:00,4,1,1,"[02:45:00,03:05:00)",6,1,2016-10-01,2,45,True
2016-10-01 03:05:00,3,1,1,"[03:05:00,03:25:00)",6,1,2016-10-01,3,5,True
2016-10-01 03:25:00,4,1,1,"[03:25:00,03:45:00)",6,1,2016-10-01,3,25,True
2016-10-01 03:45:00,2,1,1,"[03:45:00,04:05:00)",6,1,2016-10-01,3,45,True
2016-10-01 04:05:00,4,1,1,"[04:05:00,04:25:00)",6,1,2016-10-01,4,5,True
2016-10-01 04:25:00,5,1,1,"[04:25:00,04:45:00)",6,1,2016-10-01,4,25,True
2016-10-01 04:45:00,2,1,1,"[04:45:00,05:05:00)",6,1,2016-10-01,4,45,True
2016-10-01 05:05:00,9,1,1,"[05:05:00,05:25:00)",6,1,2016-10-01,5,5,True
2016-10-01 05:25:00,16,1,1,"[05:25:00,05:45:00)",6,1,2016-10-01,5,25,True
2016-10-01 05:45:00,7,1,1,"[05:45:00,06:05:00)",6,1,2016-10-01,5,45,True
2016-10-01 06:05:00,8,1,1,"[06:05:00,06:25:00)",6,1,2016-10-01,6,5,True
2016-10-01 06:25:00,16,1,1,"[06:25:00,06:45:00)",6,1,2016-10-01,6,25,True
2016-10-01 06:45:00,3,1,1,"[06:45:00,07:05:00)",6,1,2016-10-01,6,45,True
2016-10-01 07:05:00,16,1,1,"[07:05:00,07:25:00)",6,1,2016-10-01,7,5,True
2016-10-01 07:25:00,9,1,1,"[07:25:00,07:45:00)",6,1,2016-10-01,7,25,True
2016-10-01 07:45:00,9,1,1,"[07:45:00,08:05:00)",6,1,2016-10-01,7,45,True
2016-10-01 08:05:00,4,1,1,"[08:05:00,08:25:00)",6,1,2016-10-01,8,5,True
2016-10-01 08:25:00,12,1,1,"[08:25:00,08:45:00)",6,1,2016-10-01,8,25,True
2016-10-01 08:45:00,18,1,1,"[08:45:00,09:05:00)",6,1,2016-10-01,8,45,True
2016-10-01 09:05:00,24,1,1,"[09:05:00,09:25:00)",6,1,2016-10-01,9,5,True
2016-10-01 09:25:00,18,1,1,"[09:25:00,09:45:00)",6,1,2016-10-01,9,25,True
2016-10-01 09:45:00,5,1,1,"[09:45:00,10:05:00)",6,1,2016-10-01,9,45,True
2016-10-01 10:05:00,6,1,1,"[10:05:00,10:25:00)",6,1,2016-10-01,10,5,True
2016-10-01 10:25:00,16,1,1,"[10:25:00,10:45:00)",6,1,2016-10-01,10,25,True
2016-10-01 10:45:00,10,1,1,"[10:45:00,11:05:00)",6,1,2016-10-01,10,45,True
2016-10-01 11:05:00,17,1,1,"[11:05:00,11:25:00)",6,1,2016-10-01,11,5,True
2016-10-01 11:25:00,11,1,1,"[11:25:00,11:45:00)",6,1,2016-10-01,11,25,True
2016-10-01 11:45:00,6,1,1,"[11:45:00,12:05:00)",6,1,2016-10-01,11,45,True
2016-10-01 12:05:00,10,1,1,"[12:05:00,12:25:00)",6,1,2016-10-01,12,5,True
2016-10-01 12:25:00,13,1,1,"[12:25:00,12:45:00)",6,1,2016-10-01,12,25,True
2016-10-01 12:45:00,16,1,1,"[12:45:00,13:05:00)",6,1,2016-10-01,12,45,True
2016-10-01 13:05:00,17,1,1,"[13:05:00,13:25:00)",6,1,2016-10-01,13,5,True
2016-10-01 13:25:00,17,1,1,"[13:25:00,13:45:00)",6,1,2016-10-01,13,25,True
2016-10-01 13:45:00,12,1,1,"[13:45:00,14:05:00)",6,1,2016-10-01,13,45,True
2016-10-01 14:05:00,11,1,1,"[14:05:00,14:25:00)",6,1,2016-10-01,14,5,True
2016-10-01 14:25:00,14,1,1,"[14:25:00,14:45:00)",6,1,2016-10-01,14,25,True
2016-10-01 14:45:00,10,1,1,"[14:45:00,15:05:00)",6,1,2016-10-01,14,45,True
2016-10-01 15:05:00,5,1,1,"[15:05:00,15:25:00)",6,1,2016-10-01,15,5,True
2016-10-01 15:25:00,16,1,1,"[15:25:00,15:45:00)",6,1,2016-10-01,15,25,True
2016-10-01 15:45:00,9,1,1,"[15:45:00,16:05:00)",6,1,2016-10-01,15,45,True
2016-10-01 16:05:00,9,1,1,"[16:05:00,16:25:00)",6,1,2016-10-01,16,5,True
2016-10-01 16:25:00,11,1,1,"[16:25:00,16:45:00)",6,1,2016-10-01,16,25,True
2016-10-01 16:45:00,10,1,1,"[16:45:00,17:05:00)",6,1,2016-10-01,16,45,True
2016-10-01 17:05:00,13,1,1,"[17:05:00,17:25:00)",6,1,2016-10-01,17,5,True
2016-10-01 17:25:00,11,1,1,"[17:25:00,17:45:00)",6,1,2016-10-01,17,25,True
2016-10-01 17:45:00,6,1,1,"[17:45:00,18:05:00)",6,1,2016-10-01,17,45,True
2016-10-01 18:05:00,6,1,1,"[18:05:00,18:25:00)",6,1,2016-10-01,18,5,True
2016-10-01 18:25:00,8,1,1,"[18:25:00,18:45:00)",6,1,2016-10-01,18,25,True
2016-10-01 18:45:00,13,1,1,"[18:45:00,19:05:00)",6,1,2016-10-01,18,45,True
2016-10-01 19:05:00,2,1,1,"[19:05:00,19:25:00)",6,1,2016-10-01,19,5,True
2016-10-01 19:25:00,3,1,1,"[19:25:00,19:45:00)",6,1,2016-10-01,19,25,True
2016-10-01 19:45:00,5,1,1,"[19:45:00,20:05:00)",6,1,2016-10-01,19,45,True
2016-10-01 20:05:00,7,1,1,"[20:05:00,20:25:00)",6,1,2016-10-01,20,5,True
2016-10-01 20:25:00,11,1,1,"[20:25:00,20:45:00)",6,1,2016-10-01,20,25,True
2016-10-01 20:45:00,2,1,1,"[20:45:00,21:05:00)",6,1,2016-10-01,20,45,True
2016-10-01 21:05:00,6,1,1,"[21:05:00,21:25:00)",6,1,2016-10-01,21,5,True
2016-10-01 21:25:00,12,1,1,"[21:25:00,21:45:00)",6,1,2016-10-01,21,25,True
2016-10-01 21:45:00,5,1,1,"[21:45:00,22:05:00)",6,1,2016-10-01,21,45,True
2016-10-01 22:05:00,6,1,1,"[22:05:00,22:25:00)",6,1,2016-10-01,22,5,True
2016-10-01 22:25:00,7,1,1,"[22:25:00,22:45:00)",6,1,2016-10-01,22,25,True
2016-10-01 22:45:00,3,1,1,"[22:45:00,23:05:00)",6,1,2016-10-01,22,45,True
2016-10-01 23:05:00,4,1,1,"[23:05:00,23:25:00)",6,1,2016-10-01,23,5,True
2016-10-01 23:25:00,3,1,1,"[23:25:00,23:45:00)",6,1,2016-10-01,23,25,True
2016-10-01 23:45:00,4,1,1,"[23:45:00,00:00:00)",6,1,2016-10-01,23,45,True
2016-10-02 00:05:00,20,1,1,"[00:05:00,00:25:00)",7,1,2016-10-02,0,5,True
2016-10-02 00:25:00,16,1,1,"[00:25:00,00:45:00)",7,1,2016-10-02,0,25,True
2016-10-02 00:45:00,13,1,1,"[00:45:00,01:05:00)",7,1,2016-10-02,0,45,True
2016-10-02 01:05:00,1,1,1,"[01:05:00,01:25:00)",7,1,2016-10-02,1,5,True
2016-10-02 01:25:00,1,1,1,"[01:25:00,01:45:00)",7,1,2016-10-02,1,25,True
2016-10-02 01:45:00,3,1,1,"[01:45:00,02:05:00)",7,1,2016-10-02,1,45,True
2016-10-02 02:05:00,1,1,1,"[02:05:00,02:25:00)",7,1,2016-10-02,2,5,True
2016-10-02 02:25:00,3,1,1,"[02:25:00,02:45:00)",7,1,2016-10-02,2,25,True
2016-10-02 02:45:00,4,1,1,"[02:45:00,03:05:00)",7,1,2016-10-02,2,45,True
2016-10-02 03:05:00,7,1,1,"[03:05:00,03:25:00)",7,1,2016-10-02,3,5,True
2016-10-02 03:25:00,6,1,1,"[03:25:00,03:45:00)",7,1,2016-10-02,3,25,True
2016-10-02 03:45:00,11,1,1,"[03:45:00,04:05:00)",7,1,2016-10-02,3,45,True
2016-10-02 04:05:00,9,1,1,"[04:05:00,04:25:00)",7,1,2016-10-02,4,5,True
2016-10-02 04:25:00,10,1,1,"[04:25:00,04:45:00)",7,1,2016-10-02,4,25,True
2016-10-02 04:45:00,11,1,1,"[04:45:00,05:05:00)",7,1,2016-10-02,4,45,True
2016-10-02 05:05:00,17,1,1,"[05:05:00,05:25:00)",7,1,2016-10-02,5,5,True
2016-10-02 05:25:00,20,1,1,"[05:25:00,05:45:00)",7,1,2016-10-02,5,25,True
2016-10-02 05:45:00,18,1,1,"[05:45:00,06:05:00)",7,1,2016-10-02,5,45,True
2016-10-02 06:05:00,15,1,1,"[06:05:00,06:25:00)",7,1,2016-10-02,6,5,True
2016-10-02 06:25:00,25,1,1,"[06:25:00,06:45:00)",7,1,2016-10-02,6,25,True
2016-10-02 06:45:00,17,1,1,"[06:45:00,07:05:00)",7,1,2016-10-02,6,45,True
2016-10-02 07:05:00,23,1,1,"[07:05:00,07:25:00)",7,1,2016-10-02,7,5,True
2016-10-02 07:25:00,20,1,1,"[07:25:00,07:45:00)",7,1,2016-10-02,7,25,True
2016-10-02 07:45:00,20,1,1,"[07:45:00,08:05:00)",7,1,2016-10-02,7,45,True
2016-10-02 08:05:00,17,1,1,"[08:05:00,08:25:00)",7,1,2016-10-02,8,5,True
2016-10-02 08:25:00,11,1,1,"[08:25:00,08:45:00)",7,1,2016-10-02,8,25,True
2016-10-02 08:45:00,5,1,1,"[08:45:00,09:05:00)",7,1,2016-10-02,8,45,True
2016-10-02 09:05:00,14,1,1,"[09:05:00,09:25:00)",7,1,2016-10-02,9,5,True
2016-10-02 09:25:00,9,1,1,"[09:25:00,09:45:00)",7,1,2016-10-02,9,25,True
2016-10-02 09:45:00,8,1,1,"[09:45:00,10:05:00)",7,1,2016-10-02,9,45,True
2016-10-02 10:05:00,9,1,1,"[10:05:00,10:25:00)",7,1,2016-10-02,10,5,True
2016-10-02 10:25:00,11,1,1,"[10:25:00,10:45:00)",7,1,2016-10-02,10,25,True
2016-10-02 10:45:00,11,1,1,"[10:45:00,11:05:00)",7,1,2016-10-02,10,45,True
2016-10-02 11:05:00,12,1,1,"[11:05:00,11:25:00)",7,1,2016-10-02,11,5,True
2016-10-02 11:25:00,9,1,1,"[11:25:00,11:45:00)",7,1,2016-10-02,11,25,True
2016-10-02 11:45:00,12,1,1,"[11:45:00,12:05:00)",7,1,2016-10-02,11,45,True
2016-10-02 12:05:00,13,1,1,"[12:05:00,12:25:00)",7,1,2016-10-02,12,5,True
2016-10-02 12:25:00,8,1,1,"[12:25:00,12:45:00)",7,1,2016-10-02,12,25,True
2016-10-02 12:45:00,9,1,1,"[12:45:00,13:05:00)",7,1,2016-10-02,12,45,True
2016-10-02 13:05:00,13,1,1,"[13:05:00,13:25:00)",7,1,2016-10-02,13,5,True
2016-10-02 13:25:00,14,1,1,"[13:25:00,13:45:00)",7,1,2016-10-02,13,25,True
2016-10-02 13:45:00,17,1,1,"[13:45:00,14:05:00)",7,1,2016-10-02,13,45,True
2016-10-02 14:05:00,11,1,1,"[14:05:00,14:25:00)",7,1,2016-10-02,14,5,True
2016-10-02 14:25:00,14,1,1,"[14:25:00,14:45:00)",7,1,2016-10-02,14,25,True
2016-10-02 14:45:00,9,1,1,"[14:45:00,15:05:00)",7,1,2016-10-02,14,45,True
2016-10-02 15:05:00,16,1,1,"[15:05:00,15:25:00)",7,1,2016-10-02,15,5,True
2016-10-02 15:25:00,16,1,1,"[15:25:00,15:45:00)",7,1,2016-10-02,15,25,True
2016-10-02 15:45:00,13,1,1,"[15:45:00,16:05:00)",7,1,2016-10-02,15,45,True
2016-10-02 16:05:00,10,1,1,"[16:05:00,16:25:00)",7,1,2016-10-02,16,5,True
2016-10-02 16:25:00,14,1,1,"[16:25:00,16:45:00)",7,1,2016-10-02,16,25,True
2016-10-02 16:45:00,11,1,1,"[16:45:00,17:05:00)",7,1,2016-10-02,16,45,True
2016-10-02 17:05:00,6,1,1,"[17:05:00,17:25:00)",7,1,2016-10-02,17,5,True
2016-10-02 17:25:00,18,1,1,"[17:25:00,17:45:00)",7,1,2016-10-02,17,25,True
2016-10-02 17:45:00,17,1,1,"[17:45:00,18:05:00)",7,1,2016-10-02,17,45,True
2016-10-02 18:05:00,12,1,1,"[18:05:00,18:25:00)",7,1,2016-10-02,18,5,True
2016-10-02 18:25:00,9,1,1,"[18:25:00,18:45:00)",7,1,2016-10-02,18,25,True
2016-10-02 18:45:00,15,1,1,"[18:45:00,19:05:00)",7,1,2016-10-02,18,45,True
2016-10-02 19:05:00,8,1,1,"[19:05:00,19:25:00)",7,1,2016-10-02,19,5,True
2016-10-02 19:25:00,5,1,1,"[19:25:00,19:45:00)",7,1,2016-10-02,19,25,True
2016-10-02 19:45:00,7,1,1,"[19:45:00,20:05:00)",7,1,2016-10-02,19,45,True
2016-10-02 20:05:00,5,1,1,"[20:05:00,20:25:00)",7,1,2016-10-02,20,5,True
2016-10-02 20:25:00,13,1,1,"[20:25:00,20:45:00)",7,1,2016-10-02,20,25,True
2016-10-02 20:45:00,5,1,1,"[20:45:00,21:05:00)",7,1,2016-10-02,20,45,True
2016-10-02 21:05:00,8,1,1,"[21:05:00,21:25:00)",7,1,2016-10-02,21,5,True
2016-10-02 21:25:00,1,1,1,"[21:25:00,21:45:00)",7,1,2016-10-02,21,25,True
2016-10-02 21:45:00,2,1,1,"[21:45:00,22:05:00)",7,1,2016-10-02,21,45,True
2016-10-02 22:05:00,0,1,1,"[22:05:00,22:25:00)",7,1,2016-10-02,22,5,True
2016-10-02 22:25:00,4,1,1,"[22:25:00,22:45:00)",7,1,2016-10-02,22,25,True
2016-10-02 22:45:00,7,1,1,"[22:45:00,23:05:00)",7,1,2016-10-02,22,45,True
2016-10-02 23:05:00,2,1,1,"[23:05:00,23:25:00)",7,1,2016-10-02,23,5,True
2016-10-02 23:25:00,4,1,1,"[23:25:00,23:45:00)",7,1,2016-10-02,23,25,True
2016-10-02 23:45:00,10,1,1,"[23:45:00,00:00:00)",7,1,2016-10-02,23,45,True
2016-10-03 00:05:00,27,1,1,"[00:05:00,00:25:00)",1,0,2016-10-03,0,5,True
2016-10-03 00:25:00,17,1,1,"[00:25:00,00:45:00)",1,0,2016-10-03,0,25,True
2016-10-03 00:45:00,12,1,1,"[00:45:00,01:05:00)",1,0,2016-10-03,0,45,True
2016-10-03 01:05:00,1,1,1,"[01:05:00,01:25:00)",1,0,2016-10-03,1,5,True
2016-10-03 01:25:00,1,1,1,"[01:25:00,01:45:00)",1,0,2016-10-03,1,25,True
2016-10-03 01:45:00,2,1,1,"[01:45:00,02:05:00)",1,0,2016-10-03,1,45,True
2016-10-03 02:05:00,4,1,1,"[02:05:00,02:25:00)",1,0,2016-10-03,2,5,True
2016-10-03 02:25:00,3,1,1,"[02:25:00,02:45:00)",1,0,2016-10-03,2,25,True
2016-10-03 02:45:00,2,1,1,"[02:45:00,03:05:00)",1,0,2016-10-03,2,45,True
2016-10-03 03:05:00,5,1,1,"[03:05:00,03:25:00)",1,0,2016-10-03,3,5,True
2016-10-03 03:25:00,6,1,1,"[03:25:00,03:45:00)",1,0,2016-10-03,3,25,True
2016-10-03 03:45:00,11,1,1,"[03:45:00,04:05:00)",1,0,2016-10-03,3,45,True
2016-10-03 04:05:00,8,1,1,"[04:05:00,04:25:00)",1,0,2016-10-03,4,5,True
2016-10-03 04:25:00,8,1,1,"[04:25:00,04:45:00)",1,0,2016-10-03,4,25,True
2016-10-03 04:45:00,16,1,1,"[04:45:00,05:05:00)",1,0,2016-10-03,4,45,True
2016-10-03 05:05:00,19,1,1,"[05:05:00,05:25:00)",1,0,2016-10-03,5,5,True
2016-10-03 05:25:00,10,1,1,"[05:25:00,05:45:00)",1,0,2016-10-03,5,25,True
2016-10-03 05:45:00,12,1,1,"[05:45:00,06:05:00)",1,0,2016-10-03,5,45,True
2016-10-03 06:05:00,16,1,1,"[06:05:00,06:25:00)",1,0,2016-10-03,6,5,True
2016-10-03 06:25:00,14,1,1,"[06:25:00,06:45:00)",1,0,2016-10-03,6,25,True
2016-10-03 06:45:00,23,1,1,"[06:45:00,07:05:00)",1,0,2016-10-03,6,45,True
2016-10-03 07:05:00,16,1,1,"[07:05:00,07:25:00)",1,0,2016-10-03,7,5,True
2016-10-03 07:25:00,19,1,1,"[07:25:00,07:45:00)",1,0,2016-10-03,7,25,True
2016-10-03 07:45:00,11,1,1,"[07:45:00,08:05:00)",1,0,2016-10-03,7,45,True
2016-10-03 08:05:00,19,1,1,"[08:05:00,08:25:00)",1,0,2016-10-03,8,5,True
2016-10-03 08:25:00,19,1,1,"[08:25:00,08:45:00)",1,0,2016-10-03,8,25,True
2016-10-03 08:45:00,12,1,1,"[08:45:00,09:05:00)",1,0,2016-10-03,8,45,True
2016-10-03 09:05:00,19,1,1,"[09:05:00,09:25:00)",1,0,2016-10-03,9,5,True
2016-10-03 09:25:00,15,1,1,"[09:25:00,09:45:00)",1,0,2016-10-03,9,25,True
2016-10-03 09:45:00,17,1,1,"[09:45:00,10:05:00)",1,0,2016-10-03,9,45,True
2016-10-03 10:05:00,11,1,1,"[10:05:00,10:25:00)",1,0,2016-10-03,10,5,True
2016-10-03 10:25:00,14,1,1,"[10:25:00,10:45:00)",1,0,2016-10-03,10,25,True
2016-10-03 10:45:00,13,1,1,"[10:45:00,11:05:00)",1,0,2016-10-03,10,45,True
2016-10-03 11:05:00,5,1,1,"[11:05:00,11:25:00)",1,0,2016-10-03,11,5,True
2016-10-03 11:25:00,16,1,1,"[11:25:00,11:45:00)",1,0,2016-10-03,11,25,True
2016-10-03 11:45:00,14,1,1,"[11:45:00,12:05:00)",1,0,2016-10-03,11,45,True
2016-10-03 12:05:00,12,1,1,"[12:05:00,12:25:00)",1,0,2016-10-03,12,5,True
2016-10-03 12:25:00,6,1,1,"[12:25:00,12:45:00)",1,0,2016-10-03,12,25,True
2016-10-03 12:45:00,14,1,1,"[12:45:00,13:05:00)",1,0,2016-10-03,12,45,True
2016-10-03 13:05:00,18,1,1,"[13:05:00,13:25:00)",1,0,2016-10-03,13,5,True
2016-10-03 13:25:00,16,1,1,"[13:25:00,13:45:00)",1,0,2016-10-03,13,25,True
2016-10-03 13:45:00,21,1,1,"[13:45:00,14:05:00)",1,0,2016-10-03,13,45,True
2016-10-03 14:05:00,16,1,1,"[14:05:00,14:25:00)",1,0,2016-10-03,14,5,True
2016-10-03 14:25:00,21,1,1,"[14:25:00,14:45:00)",1,0,2016-10-03,14,25,True
2016-10-03 14:45:00,21,1,1,"[14:45:00,15:05:00)",1,0,2016-10-03,14,45,True
2016-10-03 15:05:00,20,1,1,"[15:05:00,15:25:00)",1,0,2016-10-03,15,5,True
2016-10-03 15:25:00,14,1,1,"[15:25:00,15:45:00)",1,0,2016-10-03,15,25,True
2016-10-03 15:45:00,8,1,1,"[15:45:00,16:05:00)",1,0,2016-10-03,15,45,True
2016-10-03 16:05:00,13,1,1,"[16:05:00,16:25:00)",1,0,2016-10-03,16,5,True
2016-10-03 16:25:00,19,1,1,"[16:25:00,16:45:00)",1,0,2016-10-03,16,25,True
2016-10-03 16:45:00,14,1,1,"[16:45:00,17:05:00)",1,0,2016-10-03,16,45,True
2016-10-03 17:05:00,10,1,1,"[17:05:00,17:25:00)",1,0,2016-10-03,17,5,True
2016-10-03 17:25:00,16,1,1,"[17:25:00,17:45:00)",1,0,2016-10-03,17,25,True
2016-10-03 17:45:00,8,1,1,"[17:45:00,18:05:00)",1,0,2016-10-03,17,45,True
2016-10-03 18:05:00,11,1,1,"[18:05:00,18:25:00)",1,0,2016-10-03,18,5,True
2016-10-03 18:25:00,8,1,1,"[18:25:00,18:45:00)",1,0,2016-10-03,18,25,True
2016-10-03 18:45:00,10,1,1,"[18:45:00,19:05:00)",1,0,2016-10-03,18,45,True
2016-10-03 19:05:00,11,1,1,"[19:05:00,19:25:00)",1,0,2016-10-03,19,5,True
2016-10-03 19:25:00,4,1,1,"[19:25:00,19:45:00)",1,0,2016-10-03,19,25,True
2016-10-03 19:45:00,11,1,1,"[19:45:00,20:05:00)",1,0,2016-10-03,19,45,True
2016-10-03 20:05:00,6,1,1,"[20:05:00,20:25:00)",1,0,2016-10-03,20,5,True
2016-10-03 20:25:00,4,1,1,"[20:25:00,20:45:00)",1,0,2016-10-03,20,25,True
2016-10-03 20:45:00,11,1,1,"[20:45:00,21:05:00)",1,0,2016-10-03,20,45,True
2016-10-03 21:05:00,4,1,1,"[21:05:00,21:25:00)",1,0,2016-10-03,21,5,True
2016-10-03 21:25:00,4,1,1,"[21:25:00,21:45:00)",1,0,2016-10-03,21,25,True
2016-10-03 21:45:00,4,1,1,"[21:45:00,22:05:00)",1,0,2016-10-03,21,45,True
2016-10-03 22:05:00,2,1,1,"[22:05:00,22:25:00)",1,0,2016-10-03,22,5,True
2016-10-03 22:25:00,7,1,1,"[22:25:00,22:45:00)",1,0,2016-10-03,22,25,True
2016-10-03 22:45:00,4,1,1,"[22:45:00,23:05:00)",1,0,2016-10-03,22,45,True
2016-10-03 23:05:00,4,1,1,"[23:05:00,23:25:00)",1,0,2016-10-03,23,5,True
2016-10-03 23:25:00,6,1,1,"[23:25:00,23:45:00)",1,0,2016-10-03,23,25,True
2016-10-03 23:45:00,14,1,1,"[23:45:00,00:00:00)",1,0,2016-10-03,23,45,True
2016-10-04 00:05:00,21,1,1,"[00:05:00,00:25:00)",2,0,2016-10-04,0,5,True
2016-10-04 00:25:00,20,1,1,"[00:25:00,00:45:00)",2,0,2016-10-04,0,25,True
2016-10-04 00:45:00,18,1,1,"[00:45:00,01:05:00)",2,0,2016-10-04,0,45,True
2016-10-04 01:05:00,2,1,1,"[01:05:00,01:25:00)",2,0,2016-10-04,1,5,True
2016-10-04 01:25:00,1,1,1,"[01:25:00,01:45:00)",2,0,2016-10-04,1,25,True
2016-10-04 01:45:00,0,1,1,"[01:45:00,02:05:00)",2,0,2016-10-04,1,45,True
2016-10-04 02:05:00,6,1,1,"[02:05:00,02:25:00)",2,0,2016-10-04,2,5,True
2016-10-04 02:25:00,4,1,1,"[02:25:00,02:45:00)",2,0,2016-10-04,2,25,True
2016-10-04 02:45:00,5,1,1,"[02:45:00,03:05:00)",2,0,2016-10-04,2,45,True
2016-10-04 03:05:00,4,1,1,"[03:05:00,03:25:00)",2,0,2016-10-04,3,5,True
2016-10-04 03:25:00,5,1,1,"[03:25:00,03:45:00)",2,0,2016-10-04,3,25,True
2016-10-04 03:45:00,10,1,1,"[03:45:00,04:05:00)",2,0,2016-10-04,3,45,True
2016-10-04 04:05:00,9,1,1,"[04:05:00,04:25:00)",2,0,2016-10-04,4,5,True
2016-10-04 04:25:00,14,1,1,"[04:25:00,04:45:00)",2,0,2016-10-04,4,25,True
2016-10-04 04:45:00,13,1,1,"[04:45:00,05:05:00)",2,0,2016-10-04,4,45,True
2016-10-04 05:05:00,17,1,1,"[05:05:00,05:25:00)",2,0,2016-10-04,5,5,True
2016-10-04 05:25:00,17,1,1,"[05:25:00,05:45:00)",2,0,2016-10-04,5,25,True
2016-10-04 05:45:00,12,1,1,"[05:45:00,06:05:00)",2,0,2016-10-04,5,45,True
2016-10-04 06:05:00,16,1,1,"[06:05:00,06:25:00)",2,0,2016-10-04,6,5,True
2016-10-04 06:25:00,25,1,1,"[06:25:00,06:45:00)",2,0,2016-10-04,6,25,True
2016-10-04 06:45:00,25,1,1,"[06:45:00,07:05:00)",2,0,2016-10-04,6,45,True
2016-10-04 07:05:00,23,1,1,"[07:05:00,07:25:00)",2,0,2016-10-04,7,5,True
2016-10-04 07:25:00,19,1,1,"[07:25:00,07:45:00)",2,0,2016-10-04,7,25,True
2016-10-04 07:45:00,24,1,1,"[07:45:00,08:05:00)",2,0,2016-10-04,7,45,True
2016-10-04 08:05:00,25,1,1,"[08:05:00,08:25:00)",2,0,2016-10-04,8,5,True
2016-10-04 08:25:00,20,1,1,"[08:25:00,08:45:00)",2,0,2016-10-04,8,25,True
2016-10-04 08:45:00,25,1,1,"[08:45:00,09:05:00)",2,0,2016-10-04,8,45,True
2016-10-04 09:05:00,26,1,1,"[09:05:00,09:25:00)",2,0,2016-10-04,9,5,True
2016-10-04 09:25:00,21,1,1,"[09:25:00,09:45:00)",2,0,2016-10-04,9,25,True
2016-10-04 09:45:00,20,1,1,"[09:45:00,10:05:00)",2,0,2016-10-04,9,45,True
2016-10-04 10:05:00,12,1,1,"[10:05:00,10:25:00)",2,0,2016-10-04,10,5,True
2016-10-04 10:25:00,22,1,1,"[10:25:00,10:45:00)",2,0,2016-10-04,10,25,True
2016-10-04 10:45:00,29,1,1,"[10:45:00,11:05:00)",2,0,2016-10-04,10,45,True
2016-10-04 11:05:00,18,1,1,"[11:05:00,11:25:00)",2,0,2016-10-04,11,5,True
2016-10-04 11:25:00,12,1,1,"[11:25:00,11:45:00)",2,0,2016-10-04,11,25,True
2016-10-04 11:45:00,15,1,1,"[11:45:00,12:05:00)",2,0,2016-10-04,11,45,True
2016-10-04 12:05:00,16,1,1,"[12:05:00,12:25:00)",2,0,2016-10-04,12,5,True
2016-10-04 12:25:00,19,1,1,"[12:25:00,12:45:00)",2,0,2016-10-04,12,25,True
2016-10-04 12:45:00,24,1,1,"[12:45:00,13:05:00)",2,0,2016-10-04,12,45,True
2016-10-04 13:05:00,27,1,1,"[13:05:00,13:25:00)",2,0,2016-10-04,13,5,True
2016-10-04 13:25:00,22,1,1,"[13:25:00,13:45:00)",2,0,2016-10-04,13,25,True
2016-10-04 13:45:00,22,1,1,"[13:45:00,14:05:00)",2,0,2016-10-04,13,45,True
2016-10-04 14:05:00,21,1,1,"[14:05:00,14:25:00)",2,0,2016-10-04,14,5,True
2016-10-04 14:25:00,21,1,1,"[14:25:00,14:45:00)",2,0,2016-10-04,14,25,True
2016-10-04 14:45:00,18,1,1,"[14:45:00,15:05:00)",2,0,2016-10-04,14,45,True
2016-10-04 15:05:00,20,1,1,"[15:05:00,15:25:00)",2,0,2016-10-04,15,5,True
2016-10-04 15:25:00,22,1,1,"[15:25:00,15:45:00)",2,0,2016-10-04,15,25,True
2016-10-04 15:45:00,24,1,1,"[15:45:00,16:05:00)",2,0,2016-10-04,15,45,True
2016-10-04 16:05:00,29,1,1,"[16:05:00,16:25:00)",2,0,2016-10-04,16,5,True
2016-10-04 16:25:00,9,1,1,"[16:25:00,16:45:00)",2,0,2016-10-04,16,25,True
2016-10-04 16:45:00,19,1,1,"[16:45:00,17:05:00)",2,0,2016-10-04,16,45,True
2016-10-04 17:05:00,16,1,1,"[17:05:00,17:25:00)",2,0,2016-10-04,17,5,True
2016-10-04 17:25:00,17,1,1,"[17:25:00,17:45:00)",2,0,2016-10-04,17,25,True
2016-10-04 17:45:00,14,1,1,"[17:45:00,18:05:00)",2,0,2016-10-04,17,45,True
2016-10-04 18:05:00,14,1,1,"[18:05:00,18:25:00)",2,0,2016-10-04,18,5,True
2016-10-04 18:25:00,13,1,1,"[18:25:00,18:45:00)",2,0,2016-10-04,18,25,True
2016-10-04 18:45:00,8,1,1,"[18:45:00,19:05:00)",2,0,2016-10-04,18,45,True
2016-10-04 19:05:00,10,1,1,"[19:05:00,19:25:00)",2,0,2016-10-04,19,5,True
2016-10-04 19:25:00,9,1,1,"[19:25:00,19:45:00)",2,0,2016-10-04,19,25,True
2016-10-04 19:45:00,8,1,1,"[19:45:00,20:05:00)",2,0,2016-10-04,19,45,True
2016-10-04 20:05:00,6,1,1,"[20:05:00,20:25:00)",2,0,2016-10-04,20,5,True
2016-10-04 20:25:00,7,1,1,"[20:25:00,20:45:00)",2,0,2016-10-04,20,25,True
2016-10-04 20:45:00,9,1,1,"[20:45:00,21:05:00)",2,0,2016-10-04,20,45,True
2016-10-04 21:05:00,5,1,1,"[21:05:00,21:25:00)",2,0,2016-10-04,21,5,True
2016-10-04 21:25:00,9,1,1,"[21:25:00,21:45:00)",2,0,2016-10-04,21,25,True
2016-10-04 21:45:00,9,1,1,"[21:45:00,22:05:00)",2,0,2016-10-04,21,45,True
2016-10-04 22:05:00,8,1,1,"[22:05:00,22:25:00)",2,0,2016-10-04,22,5,True
2016-10-04 22:25:00,3,1,1,"[22:25:00,22:45:00)",2,0,2016-10-04,22,25,True
2016-10-04 22:45:00,5,1,1,"[22:45:00,23:05:00)",2,0,2016-10-04,22,45,True
2016-10-04 23:05:00,3,1,1,"[23:05:00,23:25:00)",2,0,2016-10-04,23,5,True
2016-10-04 23:25:00,8,1,1,"[23:25:00,23:45:00)",2,0,2016-10-04,23,25,True
2016-10-04 23:45:00,7,1,1,"[23:45:00,00:00:00)",2,0,2016-10-04,23,45,True
2016-10-05 00:05:00,34,1,1,"[00:05:00,00:25:00)",3,0,2016-10-05,0,5,True
2016-10-05 00:25:00,14,1,1,"[00:25:00,00:45:00)",3,0,2016-10-05,0,25,True
2016-10-05 00:45:00,14,1,1,"[00:45:00,01:05:00)",3,0,2016-10-05,0,45,True
2016-10-05 01:05:00,1,1,1,"[01:05:00,01:25:00)",3,0,2016-10-05,1,5,True
2016-10-05 01:25:00,5,1,1,"[01:25:00,01:45:00)",3,0,2016-10-05,1,25,True
2016-10-05 01:45:00,7,1,1,"[01:45:00,02:05:00)",3,0,2016-10-05,1,45,True
2016-10-05 02:05:00,5,1,1,"[02:05:00,02:25:00)",3,0,2016-10-05,2,5,True
2016-10-05 02:25:00,5,1,1,"[02:25:00,02:45:00)",3,0,2016-10-05,2,25,True
2016-10-05 02:45:00,7,1,1,"[02:45:00,03:05:00)",3,0,2016-10-05,2,45,True
2016-10-05 03:05:00,4,1,1,"[03:05:00,03:25:00)",3,0,2016-10-05,3,5,True
2016-10-05 03:25:00,7,1,1,"[03:25:00,03:45:00)",3,0,2016-10-05,3,25,True
2016-10-05 03:45:00,12,1,1,"[03:45:00,04:05:00)",3,0,2016-10-05,3,45,True
2016-10-05 04:05:00,6,1,1,"[04:05:00,04:25:00)",3,0,2016-10-05,4,5,True
2016-10-05 04:25:00,7,1,1,"[04:25:00,04:45:00)",3,0,2016-10-05,4,25,True
2016-10-05 04:45:00,13,1,1,"[04:45:00,05:05:00)",3,0,2016-10-05,4,45,True
2016-10-05 05:05:00,16,1,1,"[05:05:00,05:25:00)",3,0,2016-10-05,5,5,True
2016-10-05 05:25:00,18,1,1,"[05:25:00,05:45:00)",3,0,2016-10-05,5,25,True
2016-10-05 05:45:00,21,1,1,"[05:45:00,06:05:00)",3,0,2016-10-05,5,45,True
2016-10-05 06:05:00,15,1,1,"[06:05:00,06:25:00)",3,0,2016-10-05,6,5,True
2016-10-05 06:25:00,32,1,1,"[06:25:00,06:45:00)",3,0,2016-10-05,6,25,True
2016-10-05 06:45:00,22,1,1,"[06:45:00,07:05:00)",3,0,2016-10-05,6,45,True
2016-10-05 07:05:00,20,1,1,"[07:05:00,07:25:00)",3,0,2016-10-05,7,5,True
2016-10-05 07:25:00,23,1,1,"[07:25:00,07:45:00)",3,0,2016-10-05,7,25,True
2016-10-05 07:45:00,23,1,1,"[07:45:00,08:05:00)",3,0,2016-10-05,7,45,True
2016-10-05 08:05:00,14,1,1,"[08:05:00,08:25:00)",3,0,2016-10-05,8,5,True
2016-10-05 08:25:00,21,1,1,"[08:25:00,08:45:00)",3,0,2016-10-05,8,25,True
2016-10-05 08:45:00,26,1,1,"[08:45:00,09:05:00)",3,0,2016-10-05,8,45,True
2016-10-05 09:05:00,14,1,1,"[09:05:00,09:25:00)",3,0,2016-10-05,9,5,True
2016-10-05 09:25:00,28,1,1,"[09:25:00,09:45:00)",3,0,2016-10-05,9,25,True
2016-10-05 09:45:00,33,1,1,"[09:45:00,10:05:00)",3,0,2016-10-05,9,45,True
2016-10-05 10:05:00,19,1,1,"[10:05:00,10:25:00)",3,0,2016-10-05,10,5,True
2016-10-05 10:25:00,19,1,1,"[10:25:00,10:45:00)",3,0,2016-10-05,10,25,True
2016-10-05 10:45:00,15,1,1,"[10:45:00,11:05:00)",3,0,2016-10-05,10,45,True
2016-10-05 11:05:00,21,1,1,"[11:05:00,11:25:00)",3,0,2016-10-05,11,5,True
2016-10-05 11:25:00,14,1,1,"[11:25:00,11:45:00)",3,0,2016-10-05,11,25,True
2016-10-05 11:45:00,18,1,1,"[11:45:00,12:05:00)",3,0,2016-10-05,11,45,True
2016-10-05 12:05:00,24,1,1,"[12:05:00,12:25:00)",3,0,2016-10-05,12,5,True
2016-10-05 12:25:00,26,1,1,"[12:25:00,12:45:00)",3,0,2016-10-05,12,25,True
2016-10-05 12:45:00,22,1,1,"[12:45:00,13:05:00)",3,0,2016-10-05,12,45,True
2016-10-05 13:05:00,22,1,1,"[13:05:00,13:25:00)",3,0,2016-10-05,13,5,True
2016-10-05 13:25:00,20,1,1,"[13:25:00,13:45:00)",3,0,2016-10-05,13,25,True
2016-10-05 13:45:00,20,1,1,"[13:45:00,14:05:00)",3,0,2016-10-05,13,45,True
2016-10-05 14:05:00,14,1,1,"[14:05:00,14:25:00)",3,0,2016-10-05,14,5,True
2016-10-05 14:25:00,18,1,1,"[14:25:00,14:45:00)",3,0,2016-10-05,14,25,True
2016-10-05 14:45:00,20,1,1,"[14:45:00,15:05:00)",3,0,2016-10-05,14,45,True
2016-10-05 15:05:00,21,1,1,"[15:05:00,15:25:00)",3,0,2016-10-05,15,5,True
2016-10-05 15:25:00,17,1,1,"[15:25:00,15:45:00)",3,0,2016-10-05,15,25,True
2016-10-05 15:45:00,24,1,1,"[15:45:00,16:05:00)",3,0,2016-10-05,15,45,True
2016-10-05 16:05:00,15,1,1,"[16:05:00,16:25:00)",3,0,2016-10-05,16,5,True
2016-10-05 16:25:00,18,1,1,"[16:25:00,16:45:00)",3,0,2016-10-05,16,25,True
2016-10-05 16:45:00,18,1,1,"[16:45:00,17:05:00)",3,0,2016-10-05,16,45,True
2016-10-05 17:05:00,9,1,1,"[17:05:00,17:25:00)",3,0,2016-10-05,17,5,True
2016-10-05 17:25:00,15,1,1,"[17:25:00,17:45:00)",3,0,2016-10-05,17,25,True
2016-10-05 17:45:00,17,1,1,"[17:45:00,18:05:00)",3,0,2016-10-05,17,45,True
2016-10-05 18:05:00,11,1,1,"[18:05:00,18:25:00)",3,0,2016-10-05,18,5,True
2016-10-05 18:25:00,21,1,1,"[18:25:00,18:45:00)",3,0,2016-10-05,18,25,True
2016-10-05 18:45:00,11,1,1,"[18:45:00,19:05:00)",3,0,2016-10-05,18,45,True
2016-10-05 19:05:00,6,1,1,"[19:05:00,19:25:00)",3,0,2016-10-05,19,5,True
2016-10-05 19:25:00,2,1,1,"[19:25:00,19:45:00)",3,0,2016-10-05,19,25,True
2016-10-05 19:45:00,8,1,1,"[19:45:00,20:05:00)",3,0,2016-10-05,19,45,True
2016-10-05 20:05:00,13,1,1,"[20:05:00,20:25:00)",3,0,2016-10-05,20,5,True
2016-10-05 20:25:00,11,1,1,"[20:25:00,20:45:00)",3,0,2016-10-05,20,25,True
2016-10-05 20:45:00,3,1,1,"[20:45:00,21:05:00)",3,0,2016-10-05,20,45,True
2016-10-05 21:05:00,2,1,1,"[21:05:00,21:25:00)",3,0,2016-10-05,21,5,True
2016-10-05 21:25:00,6,1,1,"[21:25:00,21:45:00)",3,0,2016-10-05,21,25,True
2016-10-05 21:45:00,8,1,1,"[21:45:00,22:05:00)",3,0,2016-10-05,21,45,True
2016-10-05 22:05:00,4,1,1,"[22:05:00,22:25:00)",3,0,2016-10-05,22,5,True
2016-10-05 22:25:00,2,1,1,"[22:25:00,22:45:00)",3,0,2016-10-05,22,25,True
2016-10-05 22:45:00,6,1,1,"[22:45:00,23:05:00)",3,0,2016-10-05,22,45,True
2016-10-05 23:05:00,1,1,1,"[23:05:00,23:25:00)",3,0,2016-10-05,23,5,True
2016-10-05 23:25:00,7,1,1,"[23:25:00,23:45:00)",3,0,2016-10-05,23,25,True
2016-10-05 23:45:00,11,1,1,"[23:45:00,00:00:00)",3,0,2016-10-05,23,45,True
2016-10-06 00:05:00,35,1,1,"[00:05:00,00:25:00)",4,0,2016-10-06,0,5,True
2016-10-06 00:25:00,17,1,1,"[00:25:00,00:45:00)",4,0,2016-10-06,0,25,True
2016-10-06 00:45:00,8,1,1,"[00:45:00,01:05:00)",4,0,2016-10-06,0,45,True
2016-10-06 01:05:00,4,1,1,"[01:05:00,01:25:00)",4,0,2016-10-06,1,5,True
2016-10-06 01:25:00,3,1,1,"[01:25:00,01:45:00)",4,0,2016-10-06,1,25,True
2016-10-06 01:45:00,5,1,1,"[01:45:00,02:05:00)",4,0,2016-10-06,1,45,True
2016-10-06 02:05:00,6,1,1,"[02:05:00,02:25:00)",4,0,2016-10-06,2,5,True
2016-10-06 02:25:00,6,1,1,"[02:25:00,02:45:00)",4,0,2016-10-06,2,25,True
2016-10-06 02:45:00,4,1,1,"[02:45:00,03:05:00)",4,0,2016-10-06,2,45,True
2016-10-06 03:05:00,5,1,1,"[03:05:00,03:25:00)",4,0,2016-10-06,3,5,True
2016-10-06 03:25:00,7,1,1,"[03:25:00,03:45:00)",4,0,2016-10-06,3,25,True
2016-10-06 03:45:00,10,1,1,"[03:45:00,04:05:00)",4,0,2016-10-06,3,45,True
2016-10-06 04:05:00,6,1,1,"[04:05:00,04:25:00)",4,0,2016-10-06,4,5,True
2016-10-06 04:25:00,8,1,1,"[04:25:00,04:45:00)",4,0,2016-10-06,4,25,True
2016-10-06 04:45:00,12,1,1,"[04:45:00,05:05:00)",4,0,2016-10-06,4,45,True
2016-10-06 05:05:00,23,1,1,"[05:05:00,05:25:00)",4,0,2016-10-06,5,5,True
2016-10-06 05:25:00,18,1,1,"[05:25:00,05:45:00)",4,0,2016-10-06,5,25,True
2016-10-06 05:45:00,21,1,1,"[05:45:00,06:05:00)",4,0,2016-10-06,5,45,True
2016-10-06 06:05:00,20,1,1,"[06:05:00,06:25:00)",4,0,2016-10-06,6,5,True
2016-10-06 06:25:00,30,1,1,"[06:25:00,06:45:00)",4,0,2016-10-06,6,25,True
2016-10-06 06:45:00,26,1,1,"[06:45:00,07:05:00)",4,0,2016-10-06,6,45,True
2016-10-06 07:05:00,18,1,1,"[07:05:00,07:25:00)",4,0,2016-10-06,7,5,True
2016-10-06 07:25:00,23,1,1,"[07:25:00,07:45:00)",4,0,2016-10-06,7,25,True
2016-10-06 07:45:00,16,1,1,"[07:45:00,08:05:00)",4,0,2016-10-06,7,45,True
2016-10-06 08:05:00,17,1,1,"[08:05:00,08:25:00)",4,0,2016-10-06,8,5,True
2016-10-06 08:25:00,21,1,1,"[08:25:00,08:45:00)",4,0,2016-10-06,8,25,True
2016-10-06 08:45:00,13,1,1,"[08:45:00,09:05:00)",4,0,2016-10-06,8,45,True
2016-10-06 09:05:00,16,1,1,"[09:05:00,09:25:00)",4,0,2016-10-06,9,5,True
2016-10-06 09:25:00,32,1,1,"[09:25:00,09:45:00)",4,0,2016-10-06,9,25,True
2016-10-06 09:45:00,21,1,1,"[09:45:00,10:05:00)",4,0,2016-10-06,9,45,True
2016-10-06 10:05:00,29,1,1,"[10:05:00,10:25:00)",4,0,2016-10-06,10,5,True
2016-10-06 10:25:00,29,1,1,"[10:25:00,10:45:00)",4,0,2016-10-06,10,25,True
2016-10-06 10:45:00,20,1,1,"[10:45:00,11:05:00)",4,0,2016-10-06,10,45,True
2016-10-06 11:05:00,25,1,1,"[11:05:00,11:25:00)",4,0,2016-10-06,11,5,True
2016-10-06 11:25:00,23,1,1,"[11:25:00,11:45:00)",4,0,2016-10-06,11,25,True
2016-10-06 11:45:00,27,1,1,"[11:45:00,12:05:00)",4,0,2016-10-06,11,45,True
2016-10-06 12:05:00,29,1,1,"[12:05:00,12:25:00)",4,0,2016-10-06,12,5,True
2016-10-06 12:25:00,14,1,1,"[12:25:00,12:45:00)",4,0,2016-10-06,12,25,True
2016-10-06 12:45:00,27,1,1,"[12:45:00,13:05:00)",4,0,2016-10-06,12,45,True
2016-10-06 13:05:00,29,1,1,"[13:05:00,13:25:00)",4,0,2016-10-06,13,5,True
2016-10-06 13:25:00,30,1,1,"[13:25:00,13:45:00)",4,0,2016-10-06,13,25,True
2016-10-06 13:45:00,15,1,1,"[13:45:00,14:05:00)",4,0,2016-10-06,13,45,True
2016-10-06 14:05:00,22,1,1,"[14:05:00,14:25:00)",4,0,2016-10-06,14,5,True
2016-10-06 14:25:00,24,1,1,"[14:25:00,14:45:00)",4,0,2016-10-06,14,25,True
2016-10-06 14:45:00,17,1,1,"[14:45:00,15:05:00)",4,0,2016-10-06,14,45,True
2016-10-06 15:05:00,19,1,1,"[15:05:00,15:25:00)",4,0,2016-10-06,15,5,True
2016-10-06 15:25:00,18,1,1,"[15:25:00,15:45:00)",4,0,2016-10-06,15,25,True
2016-10-06 15:45:00,23,1,1,"[15:45:00,16:05:00)",4,0,2016-10-06,15,45,True
2016-10-06 16:05:00,27,1,1,"[16:05:00,16:25:00)",4,0,2016-10-06,16,5,True
2016-10-06 16:25:00,20,1,1,"[16:25:00,16:45:00)",4,0,2016-10-06,16,25,True
2016-10-06 16:45:00,15,1,1,"[16:45:00,17:05:00)",4,0,2016-10-06,16,45,True
2016-10-06 17:05:00,11,1,1,"[17:05:00,17:25:00)",4,0,2016-10-06,17,5,True
2016-10-06 17:25:00,16,1,1,"[17:25:00,17:45:00)",4,0,2016-10-06,17,25,True
2016-10-06 17:45:00,19,1,1,"[17:45:00,18:05:00)",4,0,2016-10-06,17,45,True
2016-10-06 18:05:00,14,1,1,"[18:05:00,18:25:00)",4,0,2016-10-06,18,5,True
2016-10-06 18:25:00,10,1,1,"[18:25:00,18:45:00)",4,0,2016-10-06,18,25,True
2016-10-06 18:45:00,15,1,1,"[18:45:00,19:05:00)",4,0,2016-10-06,18,45,True
2016-10-06 19:05:00,4,1,1,"[19:05:00,19:25:00)",4,0,2016-10-06,19,5,True
2016-10-06 19:25:00,13,1,1,"[19:25:00,19:45:00)",4,0,2016-10-06,19,25,True
2016-10-06 19:45:00,12,1,1,"[19:45:00,20:05:00)",4,0,2016-10-06,19,45,True
2016-10-06 20:05:00,10,1,1,"[20:05:00,20:25:00)",4,0,2016-10-06,20,5,True
2016-10-06 20:25:00,6,1,1,"[20:25:00,20:45:00)",4,0,2016-10-06,20,25,True
2016-10-06 20:45:00,4,1,1,"[20:45:00,21:05:00)",4,0,2016-10-06,20,45,True
2016-10-06 21:05:00,10,1,1,"[21:05:00,21:25:00)",4,0,2016-10-06,21,5,True
2016-10-06 21:25:00,10,1,1,"[21:25:00,21:45:00)",4,0,2016-10-06,21,25,True
2016-10-06 21:45:00,7,1,1,"[21:45:00,22:05:00)",4,0,2016-10-06,21,45,True
2016-10-06 22:05:00,3,1,1,"[22:05:00,22:25:00)",4,0,2016-10-06,22,5,True
2016-10-06 22:25:00,5,1,1,"[22:25:00,22:45:00)",4,0,2016-10-06,22,25,True
2016-10-06 22:45:00,7,1,1,"[22:45:00,23:05:00)",4,0,2016-10-06,22,45,True
2016-10-06 23:05:00,5,1,1,"[23:05:00,23:25:00)",4,0,2016-10-06,23,5,True
2016-10-06 23:25:00,6,1,1,"[23:25:00,23:45:00)",4,0,2016-10-06,23,25,True
2016-10-06 23:45:00,5,1,1,"[23:45:00,00:00:00)",4,0,2016-10-06,23,45,True
2016-10-07 00:05:00,25,1,1,"[00:05:00,00:25:00)",5,0,2016-10-07,0,5,True
2016-10-07 00:25:00,15,1,1,"[00:25:00,00:45:00)",5,0,2016-10-07,0,25,True
2016-10-07 00:45:00,13,1,1,"[00:45:00,01:05:00)",5,0,2016-10-07,0,45,True
2016-10-07 01:05:00,2,1,1,"[01:05:00,01:25:00)",5,0,2016-10-07,1,5,True
2016-10-07 01:25:00,3,1,1,"[01:25:00,01:45:00)",5,0,2016-10-07,1,25,True
2016-10-07 01:45:00,3,1,1,"[01:45:00,02:05:00)",5,0,2016-10-07,1,45,True
2016-10-07 02:05:00,5,1,1,"[02:05:00,02:25:00)",5,0,2016-10-07,2,5,True
2016-10-07 02:25:00,5,1,1,"[02:25:00,02:45:00)",5,0,2016-10-07,2,25,True
2016-10-07 02:45:00,3,1,1,"[02:45:00,03:05:00)",5,0,2016-10-07,2,45,True
2016-10-07 03:05:00,5,1,1,"[03:05:00,03:25:00)",5,0,2016-10-07,3,5,True
2016-10-07 03:25:00,8,1,1,"[03:25:00,03:45:00)",5,0,2016-10-07,3,25,True
2016-10-07 03:45:00,12,1,1,"[03:45:00,04:05:00)",5,0,2016-10-07,3,45,True
2016-10-07 04:05:00,9,1,1,"[04:05:00,04:25:00)",5,0,2016-10-07,4,5,True
2016-10-07 04:25:00,8,1,1,"[04:25:00,04:45:00)",5,0,2016-10-07,4,25,True
2016-10-07 04:45:00,14,1,1,"[04:45:00,05:05:00)",5,0,2016-10-07,4,45,True
2016-10-07 05:05:00,17,1,1,"[05:05:00,05:25:00)",5,0,2016-10-07,5,5,True
2016-10-07 05:25:00,12,1,1,"[05:25:00,05:45:00)",5,0,2016-10-07,5,25,True
2016-10-07 05:45:00,21,1,1,"[05:45:00,06:05:00)",5,0,2016-10-07,5,45,True
2016-10-07 06:05:00,22,1,1,"[06:05:00,06:25:00)",5,0,2016-10-07,6,5,True
2016-10-07 06:25:00,23,1,1,"[06:25:00,06:45:00)",5,0,2016-10-07,6,25,True
2016-10-07 06:45:00,38,1,1,"[06:45:00,07:05:00)",5,0,2016-10-07,6,45,True
2016-10-07 07:05:00,17,1,1,"[07:05:00,07:25:00)",5,0,2016-10-07,7,5,True
2016-10-07 07:25:00,23,1,1,"[07:25:00,07:45:00)",5,0,2016-10-07,7,25,True
2016-10-07 07:45:00,26,1,1,"[07:45:00,08:05:00)",5,0,2016-10-07,7,45,True
2016-10-07 08:05:00,22,1,1,"[08:05:00,08:25:00)",5,0,2016-10-07,8,5,True
2016-10-07 08:25:00,16,1,1,"[08:25:00,08:45:00)",5,0,2016-10-07,8,25,True
2016-10-07 08:45:00,20,1,1,"[08:45:00,09:05:00)",5,0,2016-10-07,8,45,True
2016-10-07 09:05:00,25,1,1,"[09:05:00,09:25:00)",5,0,2016-10-07,9,5,True
2016-10-07 09:25:00,28,1,1,"[09:25:00,09:45:00)",5,0,2016-10-07,9,25,True
2016-10-07 09:45:00,20,1,1,"[09:45:00,10:05:00)",5,0,2016-10-07,9,45,True
2016-10-07 10:05:00,19,1,1,"[10:05:00,10:25:00)",5,0,2016-10-07,10,5,True
2016-10-07 10:25:00,19,1,1,"[10:25:00,10:45:00)",5,0,2016-10-07,10,25,True
2016-10-07 10:45:00,32,1,1,"[10:45:00,11:05:00)",5,0,2016-10-07,10,45,True
2016-10-07 11:05:00,17,1,1,"[11:05:00,11:25:00)",5,0,2016-10-07,11,5,True
2016-10-07 11:25:00,21,1,1,"[11:25:00,11:45:00)",5,0,2016-10-07,11,25,True
2016-10-07 11:45:00,23,1,1,"[11:45:00,12:05:00)",5,0,2016-10-07,11,45,True
2016-10-07 12:05:00,30,1,1,"[12:05:00,12:25:00)",5,0,2016-10-07,12,5,True
2016-10-07 12:25:00,25,1,1,"[12:25:00,12:45:00)",5,0,2016-10-07,12,25,True
2016-10-07 12:45:00,35,1,1,"[12:45:00,13:05:00)",5,0,2016-10-07,12,45,True
2016-10-07 13:05:00,29,1,1,"[13:05:00,13:25:00)",5,0,2016-10-07,13,5,True
2016-10-07 13:25:00,32,1,1,"[13:25:00,13:45:00)",5,0,2016-10-07,13,25,True
2016-10-07 13:45:00,23,1,1,"[13:45:00,14:05:00)",5,0,2016-10-07,13,45,True
2016-10-07 14:05:00,34,1,1,"[14:05:00,14:25:00)",5,0,2016-10-07,14,5,True
2016-10-07 14:25:00,27,1,1,"[14:25:00,14:45:00)",5,0,2016-10-07,14,25,True
2016-10-07 14:45:00,33,1,1,"[14:45:00,15:05:00)",5,0,2016-10-07,14,45,True
2016-10-07 15:05:00,26,1,1,"[15:05:00,15:25:00)",5,0,2016-10-07,15,5,True
2016-10-07 15:25:00,18,1,1,"[15:25:00,15:45:00)",5,0,2016-10-07,15,25,True
2016-10-07 15:45:00,27,1,1,"[15:45:00,16:05:00)",5,0,2016-10-07,15,45,True
2016-10-07 16:05:00,25,1,1,"[16:05:00,16:25:00)",5,0,2016-10-07,16,5,True
2016-10-07 16:25:00,14,1,1,"[16:25:00,16:45:00)",5,0,2016-10-07,16,25,True
2016-10-07 16:45:00,17,1,1,"[16:45:00,17:05:00)",5,0,2016-10-07,16,45,True
2016-10-07 17:05:00,14,1,1,"[17:05:00,17:25:00)",5,0,2016-10-07,17,5,True
2016-10-07 17:25:00,25,1,1,"[17:25:00,17:45:00)",5,0,2016-10-07,17,25,True
2016-10-07 17:45:00,19,1,1,"[17:45:00,18:05:00)",5,0,2016-10-07,17,45,True
2016-10-07 18:05:00,13,1,1,"[18:05:00,18:25:00)",5,0,2016-10-07,18,5,True
2016-10-07 18:25:00,15,1,1,"[18:25:00,18:45:00)",5,0,2016-10-07,18,25,True
2016-10-07 18:45:00,9,1,1,"[18:45:00,19:05:00)",5,0,2016-10-07,18,45,True
2016-10-07 19:05:00,11,1,1,"[19:05:00,19:25:00)",5,0,2016-10-07,19,5,True
2016-10-07 19:25:00,8,1,1,"[19:25:00,19:45:00)",5,0,2016-10-07,19,25,True
2016-10-07 19:45:00,14,1,1,"[19:45:00,20:05:00)",5,0,2016-10-07,19,45,True
2016-10-07 20:05:00,11,1,1,"[20:05:00,20:25:00)",5,0,2016-10-07,20,5,True
2016-10-07 20:25:00,9,1,1,"[20:25:00,20:45:00)",5,0,2016-10-07,20,25,True
2016-10-07 20:45:00,8,1,1,"[20:45:00,21:05:00)",5,0,2016-10-07,20,45,True
2016-10-07 21:05:00,8,1,1,"[21:05:00,21:25:00)",5,0,2016-10-07,21,5,True
2016-10-07 21:25:00,7,1,1,"[21:25:00,21:45:00)",5,0,2016-10-07,21,25,True
2016-10-07 21:45:00,14,1,1,"[21:45:00,22:05:00)",5,0,2016-10-07,21,45,True
2016-10-07 22:05:00,4,1,1,"[22:05:00,22:25:00)",5,0,2016-10-07,22,5,True
2016-10-07 22:25:00,13,1,1,"[22:25:00,22:45:00)",5,0,2016-10-07,22,25,True
2016-10-07 22:45:00,6,1,1,"[22:45:00,23:05:00)",5,0,2016-10-07,22,45,True
2016-10-07 23:05:00,6,1,1,"[23:05:00,23:25:00)",5,0,2016-10-07,23,5,True
2016-10-07 23:25:00,10,1,1,"[23:25:00,23:45:00)",5,0,2016-10-07,23,25,True
2016-10-07 23:45:00,46,1,1,"[23:45:00,00:00:00)",5,0,2016-10-07,23,45,True
2016-10-08 00:05:00,66,1,1,"[00:05:00,00:25:00)",6,1,2016-10-08,0,5,False
2016-10-08 00:25:00,43,1,1,"[00:25:00,00:45:00)",6,1,2016-10-08,0,25,False
2016-10-08 00:45:00,22,1,1,"[00:45:00,01:05:00)",6,1,2016-10-08,0,45,False
2016-10-08 01:05:00,5,1,1,"[01:05:00,01:25:00)",6,1,2016-10-08,1,5,False
2016-10-08 01:25:00,4,1,1,"[01:25:00,01:45:00)",6,1,2016-10-08,1,25,False
2016-10-08 01:45:00,5,1,1,"[01:45:00,02:05:00)",6,1,2016-10-08,1,45,False
2016-10-08 02:05:00,4,1,1,"[02:05:00,02:25:00)",6,1,2016-10-08,2,5,False
2016-10-08 02:25:00,4,1,1,"[02:25:00,02:45:00)",6,1,2016-10-08,2,25,False
2016-10-08 02:45:00,5,1,1,"[02:45:00,03:05:00)",6,1,2016-10-08,2,45,False
2016-10-08 03:05:00,5,1,1,"[03:05:00,03:25:00)",6,1,2016-10-08,3,5,False
2016-10-08 03:25:00,11,1,1,"[03:25:00,03:45:00)",6,1,2016-10-08,3,25,False
2016-10-08 03:45:00,11,1,1,"[03:45:00,04:05:00)",6,1,2016-10-08,3,45,False
2016-10-08 04:05:00,10,1,1,"[04:05:00,04:25:00)",6,1,2016-10-08,4,5,False
2016-10-08 04:25:00,21,1,1,"[04:25:00,04:45:00)",6,1,2016-10-08,4,25,False
2016-10-08 04:45:00,22,1,1,"[04:45:00,05:05:00)",6,1,2016-10-08,4,45,False
2016-10-08 05:05:00,18,1,1,"[05:05:00,05:25:00)",6,1,2016-10-08,5,5,False
2016-10-08 05:25:00,24,1,1,"[05:25:00,05:45:00)",6,1,2016-10-08,5,25,False
2016-10-08 05:45:00,25,1,1,"[05:45:00,06:05:00)",6,1,2016-10-08,5,45,False
2016-10-08 06:05:00,33,1,1,"[06:05:00,06:25:00)",6,1,2016-10-08,6,5,False
2016-10-08 06:25:00,41,1,1,"[06:25:00,06:45:00)",6,1,2016-10-08,6,25,False
2016-10-08 06:45:00,69,1,1,"[06:45:00,07:05:00)",6,1,2016-10-08,6,45,False
2016-10-08 07:05:00,76,1,1,"[07:05:00,07:25:00)",6,1,2016-10-08,7,5,False
2016-10-08 07:25:00,85,1,1,"[07:25:00,07:45:00)",6,1,2016-10-08,7,25,False
2016-10-08 07:45:00,103,1,1,"[07:45:00,08:05:00)",6,1,2016-10-08,7,45,False
2016-10-08 08:05:00,98,1,1,"[08:05:00,08:25:00)",6,1,2016-10-08,8,5,False
2016-10-08 08:25:00,109,1,1,"[08:25:00,08:45:00)",6,1,2016-10-08,8,25,False
2016-10-08 08:45:00,91,1,1,"[08:45:00,09:05:00)",6,1,2016-10-08,8,45,False
2016-10-08 09:05:00,98,1,1,"[09:05:00,09:25:00)",6,1,2016-10-08,9,5,False
2016-10-08 09:25:00,85,1,1,"[09:25:00,09:45:00)",6,1,2016-10-08,9,25,False
2016-10-08 09:45:00,122,1,1,"[09:45:00,10:05:00)",6,1,2016-10-08,9,45,False
2016-10-08 10:05:00,83,1,1,"[10:05:00,10:25:00)",6,1,2016-10-08,10,5,False
2016-10-08 10:25:00,77,1,1,"[10:25:00,10:45:00)",6,1,2016-10-08,10,25,False
2016-10-08 10:45:00,112,1,1,"[10:45:00,11:05:00)",6,1,2016-10-08,10,45,False
2016-10-08 11:05:00,86,1,1,"[11:05:00,11:25:00)",6,1,2016-10-08,11,5,False
2016-10-08 11:25:00,66,1,1,"[11:25:00,11:45:00)",6,1,2016-10-08,11,25,False
2016-10-08 11:45:00,72,1,1,"[11:45:00,12:05:00)",6,1,2016-10-08,11,45,False
2016-10-08 12:05:00,76,1,1,"[12:05:00,12:25:00)",6,1,2016-10-08,12,5,False
2016-10-08 12:25:00,81,1,1,"[12:25:00,12:45:00)",6,1,2016-10-08,12,25,False
2016-10-08 12:45:00,92,1,1,"[12:45:00,13:05:00)",6,1,2016-10-08,12,45,False
2016-10-08 13:05:00,91,1,1,"[13:05:00,13:25:00)",6,1,2016-10-08,13,5,False
2016-10-08 13:25:00,88,1,1,"[13:25:00,13:45:00)",6,1,2016-10-08,13,25,False
2016-10-08 13:45:00,86,1,1,"[13:45:00,14:05:00)",6,1,2016-10-08,13,45,False
2016-10-08 14:05:00,83,1,1,"[14:05:00,14:25:00)",6,1,2016-10-08,14,5,False
2016-10-08 14:25:00,99,1,1,"[14:25:00,14:45:00)",6,1,2016-10-08,14,25,False
2016-10-08 14:45:00,90,1,1,"[14:45:00,15:05:00)",6,1,2016-10-08,14,45,False
2016-10-08 15:05:00,90,1,1,"[15:05:00,15:25:00)",6,1,2016-10-08,15,5,False
2016-10-08 15:25:00,94,1,1,"[15:25:00,15:45:00)",6,1,2016-10-08,15,25,False
2016-10-08 15:45:00,114,1,1,"[15:45:00,16:05:00)",6,1,2016-10-08,15,45,False
2016-10-08 16:05:00,73,1,1,"[16:05:00,16:25:00)",6,1,2016-10-08,16,5,False
2016-10-08 16:25:00,87,1,1,"[16:25:00,16:45:00)",6,1,2016-10-08,16,25,False
2016-10-08 16:45:00,85,1,1,"[16:45:00,17:05:00)",6,1,2016-10-08,16,45,False
2016-10-08 17:05:00,88,1,1,"[17:05:00,17:25:00)",6,1,2016-10-08,17,5,False
2016-10-08 17:25:00,109,1,1,"[17:25:00,17:45:00)",6,1,2016-10-08,17,25,False
2016-10-08 17:45:00,111,1,1,"[17:45:00,18:05:00)",6,1,2016-10-08,17,45,False
2016-10-08 18:05:00,75,1,1,"[18:05:00,18:25:00)",6,1,2016-10-08,18,5,False
2016-10-08 18:25:00,72,1,1,"[18:25:00,18:45:00)",6,1,2016-10-08,18,25,False
2016-10-08 18:45:00,56,1,1,"[18:45:00,19:05:00)",6,1,2016-10-08,18,45,False
2016-10-08 19:05:00,51,1,1,"[19:05:00,19:25:00)",6,1,2016-10-08,19,5,False
2016-10-08 19:25:00,51,1,1,"[19:25:00,19:45:00)",6,1,2016-10-08,19,25,False
2016-10-08 19:45:00,31,1,1,"[19:45:00,20:05:00)",6,1,2016-10-08,19,45,False
2016-10-08 20:05:00,31,1,1,"[20:05:00,20:25:00)",6,1,2016-10-08,20,5,False
2016-10-08 20:25:00,33,1,1,"[20:25:00,20:45:00)",6,1,2016-10-08,20,25,False
2016-10-08 20:45:00,31,1,1,"[20:45:00,21:05:00)",6,1,2016-10-08,20,45,False
2016-10-08 21:05:00,28,1,1,"[21:05:00,21:25:00)",6,1,2016-10-08,21,5,False
2016-10-08 21:25:00,30,1,1,"[21:25:00,21:45:00)",6,1,2016-10-08,21,25,False
2016-10-08 21:45:00,20,1,1,"[21:45:00,22:05:00)",6,1,2016-10-08,21,45,False
2016-10-08 22:05:00,17,1,1,"[22:05:00,22:25:00)",6,1,2016-10-08,22,5,False
2016-10-08 22:25:00,19,1,1,"[22:25:00,22:45:00)",6,1,2016-10-08,22,25,False
2016-10-08 22:45:00,6,1,1,"[22:45:00,23:05:00)",6,1,2016-10-08,22,45,False
2016-10-08 23:05:00,7,1,1,"[23:05:00,23:25:00)",6,1,2016-10-08,23,5,False
2016-10-08 23:25:00,2,1,1,"[23:25:00,23:45:00)",6,1,2016-10-08,23,25,False
2016-10-08 23:45:00,41,1,1,"[23:45:00,00:00:00)",6,1,2016-10-08,23,45,False
2016-10-09 00:05:00,111,1,1,"[00:05:00,00:25:00)",7,1,2016-10-09,0,5,False
2016-10-09 00:25:00,36,1,1,"[00:25:00,00:45:00)",7,1,2016-10-09,0,25,False
2016-10-09 00:45:00,20,1,1,"[00:45:00,01:05:00)",7,1,2016-10-09,0,45,False
2016-10-09 01:05:00,5,1,1,"[01:05:00,01:25:00)",7,1,2016-10-09,1,5,False
2016-10-09 01:25:00,5,1,1,"[01:25:00,01:45:00)",7,1,2016-10-09,1,25,False
2016-10-09 01:45:00,5,1,1,"[01:45:00,02:05:00)",7,1,2016-10-09,1,45,False
2016-10-09 02:05:00,8,1,1,"[02:05:00,02:25:00)",7,1,2016-10-09,2,5,False
2016-10-09 02:25:00,4,1,1,"[02:25:00,02:45:00)",7,1,2016-10-09,2,25,False
2016-10-09 02:45:00,8,1,1,"[02:45:00,03:05:00)",7,1,2016-10-09,2,45,False
2016-10-09 03:05:00,9,1,1,"[03:05:00,03:25:00)",7,1,2016-10-09,3,5,False
2016-10-09 03:25:00,10,1,1,"[03:25:00,03:45:00)",7,1,2016-10-09,3,25,False
2016-10-09 03:45:00,18,1,1,"[03:45:00,04:05:00)",7,1,2016-10-09,3,45,False
2016-10-09 04:05:00,13,1,1,"[04:05:00,04:25:00)",7,1,2016-10-09,4,5,False
2016-10-09 04:25:00,26,1,1,"[04:25:00,04:45:00)",7,1,2016-10-09,4,25,False
2016-10-09 04:45:00,26,1,1,"[04:45:00,05:05:00)",7,1,2016-10-09,4,45,False
2016-10-09 05:05:00,27,1,1,"[05:05:00,05:25:00)",7,1,2016-10-09,5,5,False
2016-10-09 05:25:00,27,1,1,"[05:25:00,05:45:00)",7,1,2016-10-09,5,25,False
2016-10-09 05:45:00,34,1,1,"[05:45:00,06:05:00)",7,1,2016-10-09,5,45,False
2016-10-09 06:05:00,28,1,1,"[06:05:00,06:25:00)",7,1,2016-10-09,6,5,False
2016-10-09 06:25:00,45,1,1,"[06:25:00,06:45:00)",7,1,2016-10-09,6,25,False
2016-10-09 06:45:00,59,1,1,"[06:45:00,07:05:00)",7,1,2016-10-09,6,45,False
2016-10-09 07:05:00,72,1,1,"[07:05:00,07:25:00)",7,1,2016-10-09,7,5,False
2016-10-09 07:25:00,88,1,1,"[07:25:00,07:45:00)",7,1,2016-10-09,7,25,False
2016-10-09 07:45:00,83,1,1,"[07:45:00,08:05:00)",7,1,2016-10-09,7,45,False
2016-10-09 08:05:00,141,1,1,"[08:05:00,08:25:00)",7,1,2016-10-09,8,5,False
2016-10-09 08:25:00,109,1,1,"[08:25:00,08:45:00)",7,1,2016-10-09,8,25,False
2016-10-09 08:45:00,107,1,1,"[08:45:00,09:05:00)",7,1,2016-10-09,8,45,False
2016-10-09 09:05:00,120,1,1,"[09:05:00,09:25:00)",7,1,2016-10-09,9,5,False
2016-10-09 09:25:00,84,1,1,"[09:25:00,09:45:00)",7,1,2016-10-09,9,25,False
2016-10-09 09:45:00,73,1,1,"[09:45:00,10:05:00)",7,1,2016-10-09,9,45,False
2016-10-09 10:05:00,91,1,1,"[10:05:00,10:25:00)",7,1,2016-10-09,10,5,False
2016-10-09 10:25:00,83,1,1,"[10:25:00,10:45:00)",7,1,2016-10-09,10,25,False
2016-10-09 10:45:00,86,1,1,"[10:45:00,11:05:00)",7,1,2016-10-09,10,45,False
2016-10-09 11:05:00,67,1,1,"[11:05:00,11:25:00)",7,1,2016-10-09,11,5,False
2016-10-09 11:25:00,68,1,1,"[11:25:00,11:45:00)",7,1,2016-10-09,11,25,False
2016-10-09 11:45:00,92,1,1,"[11:45:00,12:05:00)",7,1,2016-10-09,11,45,False
2016-10-09 12:05:00,94,1,1,"[12:05:00,12:25:00)",7,1,2016-10-09,12,5,False
2016-10-09 12:25:00,80,1,1,"[12:25:00,12:45:00)",7,1,2016-10-09,12,25,False
2016-10-09 12:45:00,93,1,1,"[12:45:00,13:05:00)",7,1,2016-10-09,12,45,False
2016-10-09 13:05:00,116,1,1,"[13:05:00,13:25:00)",7,1,2016-10-09,13,5,False
2016-10-09 13:25:00,105,1,1,"[13:25:00,13:45:00)",7,1,2016-10-09,13,25,False
2016-10-09 13:45:00,110,1,1,"[13:45:00,14:05:00)",7,1,2016-10-09,13,45,False
2016-10-09 14:05:00,100,1,1,"[14:05:00,14:25:00)",7,1,2016-10-09,14,5,False
2016-10-09 14:25:00,99,1,1,"[14:25:00,14:45:00)",7,1,2016-10-09,14,25,False
2016-10-09 14:45:00,91,1,1,"[14:45:00,15:05:00)",7,1,2016-10-09,14,45,False
2016-10-09 15:05:00,87,1,1,"[15:05:00,15:25:00)",7,1,2016-10-09,15,5,False
2016-10-09 15:25:00,96,1,1,"[15:25:00,15:45:00)",7,1,2016-10-09,15,25,False
2016-10-09 15:45:00,104,1,1,"[15:45:00,16:05:00)",7,1,2016-10-09,15,45,False
2016-10-09 16:05:00,76,1,1,"[16:05:00,16:25:00)",7,1,2016-10-09,16,5,False
2016-10-09 16:25:00,106,1,1,"[16:25:00,16:45:00)",7,1,2016-10-09,16,25,False
2016-10-09 16:45:00,116,1,1,"[16:45:00,17:05:00)",7,1,2016-10-09,16,45,False
2016-10-09 17:05:00,119,1,1,"[17:05:00,17:25:00)",7,1,2016-10-09,17,5,False
2016-10-09 17:25:00,122,1,1,"[17:25:00,17:45:00)",7,1,2016-10-09,17,25,False
2016-10-09 17:45:00,82,1,1,"[17:45:00,18:05:00)",7,1,2016-10-09,17,45,False
2016-10-09 18:05:00,67,1,1,"[18:05:00,18:25:00)",7,1,2016-10-09,18,5,False
2016-10-09 18:25:00,71,1,1,"[18:25:00,18:45:00)",7,1,2016-10-09,18,25,False
2016-10-09 18:45:00,52,1,1,"[18:45:00,19:05:00)",7,1,2016-10-09,18,45,False
2016-10-09 19:05:00,40,1,1,"[19:05:00,19:25:00)",7,1,2016-10-09,19,5,False
2016-10-09 19:25:00,44,1,1,"[19:25:00,19:45:00)",7,1,2016-10-09,19,25,False
2016-10-09 19:45:00,47,1,1,"[19:45:00,20:05:00)",7,1,2016-10-09,19,45,False
2016-10-09 20:05:00,40,1,1,"[20:05:00,20:25:00)",7,1,2016-10-09,20,5,False
2016-10-09 20:25:00,41,1,1,"[20:25:00,20:45:00)",7,1,2016-10-09,20,25,False
2016-10-09 20:45:00,39,1,1,"[20:45:00,21:05:00)",7,1,2016-10-09,20,45,False
2016-10-09 21:05:00,25,1,1,"[21:05:00,21:25:00)",7,1,2016-10-09,21,5,False
2016-10-09 21:25:00,24,1,1,"[21:25:00,21:45:00)",7,1,2016-10-09,21,25,False
2016-10-09 21:45:00,26,1,1,"[21:45:00,22:05:00)",7,1,2016-10-09,21,45,False
2016-10-09 22:05:00,26,1,1,"[22:05:00,22:25:00)",7,1,2016-10-09,22,5,False
2016-10-09 22:25:00,28,1,1,"[22:25:00,22:45:00)",7,1,2016-10-09,22,25,False
2016-10-09 22:45:00,14,1,1,"[22:45:00,23:05:00)",7,1,2016-10-09,22,45,False
2016-10-09 23:05:00,6,1,1,"[23:05:00,23:25:00)",7,1,2016-10-09,23,5,False
2016-10-09 23:25:00,12,1,1,"[23:25:00,23:45:00)",7,1,2016-10-09,23,25,False
2016-10-09 23:45:00,33,1,1,"[23:45:00,00:00:00)",7,1,2016-10-09,23,45,False
2016-10-10 00:05:00,84,1,1,"[00:05:00,00:25:00)",1,0,2016-10-10,0,5,False
2016-10-10 00:25:00,63,1,1,"[00:25:00,00:45:00)",1,0,2016-10-10,0,25,False
2016-10-10 00:45:00,22,1,1,"[00:45:00,01:05:00)",1,0,2016-10-10,0,45,False
2016-10-10 01:05:00,6,1,1,"[01:05:00,01:25:00)",1,0,2016-10-10,1,5,False
2016-10-10 01:25:00,2,1,1,"[01:25:00,01:45:00)",1,0,2016-10-10,1,25,False
2016-10-10 01:45:00,9,1,1,"[01:45:00,02:05:00)",1,0,2016-10-10,1,45,False
2016-10-10 02:05:00,4,1,1,"[02:05:00,02:25:00)",1,0,2016-10-10,2,5,False
2016-10-10 02:25:00,6,1,1,"[02:25:00,02:45:00)",1,0,2016-10-10,2,25,False
2016-10-10 02:45:00,7,1,1,"[02:45:00,03:05:00)",1,0,2016-10-10,2,45,False
2016-10-10 03:05:00,7,1,1,"[03:05:00,03:25:00)",1,0,2016-10-10,3,5,False
2016-10-10 03:25:00,11,1,1,"[03:25:00,03:45:00)",1,0,2016-10-10,3,25,False
2016-10-10 03:45:00,21,1,1,"[03:45:00,04:05:00)",1,0,2016-10-10,3,45,False
2016-10-10 04:05:00,15,1,1,"[04:05:00,04:25:00)",1,0,2016-10-10,4,5,False
2016-10-10 04:25:00,24,1,1,"[04:25:00,04:45:00)",1,0,2016-10-10,4,25,False
2016-10-10 04:45:00,27,1,1,"[04:45:00,05:05:00)",1,0,2016-10-10,4,45,False
2016-10-10 05:05:00,30,1,1,"[05:05:00,05:25:00)",1,0,2016-10-10,5,5,False
2016-10-10 05:25:00,36,1,1,"[05:25:00,05:45:00)",1,0,2016-10-10,5,25,False
2016-10-10 05:45:00,40,1,1,"[05:45:00,06:05:00)",1,0,2016-10-10,5,45,False
2016-10-10 06:05:00,40,1,1,"[06:05:00,06:25:00)",1,0,2016-10-10,6,5,False
2016-10-10 06:25:00,56,1,1,"[06:25:00,06:45:00)",1,0,2016-10-10,6,25,False
2016-10-10 06:45:00,61,1,1,"[06:45:00,07:05:00)",1,0,2016-10-10,6,45,False
2016-10-10 07:05:00,88,1,1,"[07:05:00,07:25:00)",1,0,2016-10-10,7,5,False
2016-10-10 07:25:00,101,1,1,"[07:25:00,07:45:00)",1,0,2016-10-10,7,25,False
2016-10-10 07:45:00,132,1,1,"[07:45:00,08:05:00)",1,0,2016-10-10,7,45,False
2016-10-10 08:05:00,125,1,1,"[08:05:00,08:25:00)",1,0,2016-10-10,8,5,False
2016-10-10 08:25:00,111,1,1,"[08:25:00,08:45:00)",1,0,2016-10-10,8,25,False
2016-10-10 08:45:00,104,1,1,"[08:45:00,09:05:00)",1,0,2016-10-10,8,45,False
2016-10-10 09:05:00,132,1,1,"[09:05:00,09:25:00)",1,0,2016-10-10,9,5,False
2016-10-10 09:25:00,123,1,1,"[09:25:00,09:45:00)",1,0,2016-10-10,9,25,False
2016-10-10 09:45:00,114,1,1,"[09:45:00,10:05:00)",1,0,2016-10-10,9,45,False
2016-10-10 10:05:00,82,1,1,"[10:05:00,10:25:00)",1,0,2016-10-10,10,5,False
2016-10-10 10:25:00,93,1,1,"[10:25:00,10:45:00)",1,0,2016-10-10,10,25,False
2016-10-10 10:45:00,87,1,1,"[10:45:00,11:05:00)",1,0,2016-10-10,10,45,False
2016-10-10 11:05:00,75,1,1,"[11:05:00,11:25:00)",1,0,2016-10-10,11,5,False
2016-10-10 11:25:00,78,1,1,"[11:25:00,11:45:00)",1,0,2016-10-10,11,25,False
2016-10-10 11:45:00,77,1,1,"[11:45:00,12:05:00)",1,0,2016-10-10,11,45,False
2016-10-10 12:05:00,97,1,1,"[12:05:00,12:25:00)",1,0,2016-10-10,12,5,False
2016-10-10 12:25:00,83,1,1,"[12:25:00,12:45:00)",1,0,2016-10-10,12,25,False
2016-10-10 12:45:00,62,1,1,"[12:45:00,13:05:00)",1,0,2016-10-10,12,45,False
2016-10-10 13:05:00,91,1,1,"[13:05:00,13:25:00)",1,0,2016-10-10,13,5,False
2016-10-10 13:25:00,98,1,1,"[13:25:00,13:45:00)",1,0,2016-10-10,13,25,False
2016-10-10 13:45:00,92,1,1,"[13:45:00,14:05:00)",1,0,2016-10-10,13,45,False
2016-10-10 14:05:00,102,1,1,"[14:05:00,14:25:00)",1,0,2016-10-10,14,5,False
2016-10-10 14:25:00,82,1,1,"[14:25:00,14:45:00)",1,0,2016-10-10,14,25,False
2016-10-10 14:45:00,94,1,1,"[14:45:00,15:05:00)",1,0,2016-10-10,14,45,False
2016-10-10 15:05:00,91,1,1,"[15:05:00,15:25:00)",1,0,2016-10-10,15,5,False
2016-10-10 15:25:00,111,1,1,"[15:25:00,15:45:00)",1,0,2016-10-10,15,25,False
2016-10-10 15:45:00,99,1,1,"[15:45:00,16:05:00)",1,0,2016-10-10,15,45,False
2016-10-10 16:05:00,106,1,1,"[16:05:00,16:25:00)",1,0,2016-10-10,16,5,False
2016-10-10 16:25:00,78,1,1,"[16:25:00,16:45:00)",1,0,2016-10-10,16,25,False
2016-10-10 16:45:00,99,1,1,"[16:45:00,17:05:00)",1,0,2016-10-10,16,45,False
2016-10-10 17:05:00,113,1,1,"[17:05:00,17:25:00)",1,0,2016-10-10,17,5,False
2016-10-10 17:25:00,114,1,1,"[17:25:00,17:45:00)",1,0,2016-10-10,17,25,False
2016-10-10 17:45:00,105,1,1,"[17:45:00,18:05:00)",1,0,2016-10-10,17,45,False
2016-10-10 18:05:00,60,1,1,"[18:05:00,18:25:00)",1,0,2016-10-10,18,5,False
2016-10-10 18:25:00,83,1,1,"[18:25:00,18:45:00)",1,0,2016-10-10,18,25,False
2016-10-10 18:45:00,57,1,1,"[18:45:00,19:05:00)",1,0,2016-10-10,18,45,False
2016-10-10 19:05:00,61,1,1,"[19:05:00,19:25:00)",1,0,2016-10-10,19,5,False
2016-10-10 19:25:00,64,1,1,"[19:25:00,19:45:00)",1,0,2016-10-10,19,25,False
2016-10-10 19:45:00,38,1,1,"[19:45:00,20:05:00)",1,0,2016-10-10,19,45,False
2016-10-10 20:05:00,36,1,1,"[20:05:00,20:25:00)",1,0,2016-10-10,20,5,False
2016-10-10 20:25:00,37,1,1,"[20:25:00,20:45:00)",1,0,2016-10-10,20,25,False
2016-10-10 20:45:00,35,1,1,"[20:45:00,21:05:00)",1,0,2016-10-10,20,45,False
2016-10-10 21:05:00,29,1,1,"[21:05:00,21:25:00)",1,0,2016-10-10,21,5,False
2016-10-10 21:25:00,35,1,1,"[21:25:00,21:45:00)",1,0,2016-10-10,21,25,False
2016-10-10 21:45:00,29,1,1,"[21:45:00,22:05:00)",1,0,2016-10-10,21,45,False
2016-10-10 22:05:00,28,1,1,"[22:05:00,22:25:00)",1,0,2016-10-10,22,5,False
2016-10-10 22:25:00,22,1,1,"[22:25:00,22:45:00)",1,0,2016-10-10,22,25,False
2016-10-10 22:45:00,13,1,1,"[22:45:00,23:05:00)",1,0,2016-10-10,22,45,False
2016-10-10 23:05:00,10,1,1,"[23:05:00,23:25:00)",1,0,2016-10-10,23,5,False
2016-10-10 23:25:00,16,1,1,"[23:25:00,23:45:00)",1,0,2016-10-10,23,25,False
2016-10-10 23:45:00,30,1,1,"[23:45:00,00:00:00)",1,0,2016-10-10,23,45,False
2016-10-11 00:05:00,88,1,1,"[00:05:00,00:25:00)",2,0,2016-10-11,0,5,False
2016-10-11 00:25:00,39,1,1,"[00:25:00,00:45:00)",2,0,2016-10-11,0,25,False
2016-10-11 00:45:00,27,1,1,"[00:45:00,01:05:00)",2,0,2016-10-11,0,45,False
2016-10-11 01:05:00,8,1,1,"[01:05:00,01:25:00)",2,0,2016-10-11,1,5,False
2016-10-11 01:25:00,11,1,1,"[01:25:00,01:45:00)",2,0,2016-10-11,1,25,False
2016-10-11 01:45:00,8,1,1,"[01:45:00,02:05:00)",2,0,2016-10-11,1,45,False
2016-10-11 02:05:00,8,1,1,"[02:05:00,02:25:00)",2,0,2016-10-11,2,5,False
2016-10-11 02:25:00,5,1,1,"[02:25:00,02:45:00)",2,0,2016-10-11,2,25,False
2016-10-11 02:45:00,6,1,1,"[02:45:00,03:05:00)",2,0,2016-10-11,2,45,False
2016-10-11 03:05:00,10,1,1,"[03:05:00,03:25:00)",2,0,2016-10-11,3,5,False
2016-10-11 03:25:00,11,1,1,"[03:25:00,03:45:00)",2,0,2016-10-11,3,25,False
2016-10-11 03:45:00,19,1,1,"[03:45:00,04:05:00)",2,0,2016-10-11,3,45,False
2016-10-11 04:05:00,15,1,1,"[04:05:00,04:25:00)",2,0,2016-10-11,4,5,False
2016-10-11 04:25:00,22,1,1,"[04:25:00,04:45:00)",2,0,2016-10-11,4,25,False
2016-10-11 04:45:00,21,1,1,"[04:45:00,05:05:00)",2,0,2016-10-11,4,45,False
2016-10-11 05:05:00,22,1,1,"[05:05:00,05:25:00)",2,0,2016-10-11,5,5,False
2016-10-11 05:25:00,33,1,1,"[05:25:00,05:45:00)",2,0,2016-10-11,5,25,False
2016-10-11 05:45:00,37,1,1,"[05:45:00,06:05:00)",2,0,2016-10-11,5,45,False
2016-10-11 06:05:00,41,1,1,"[06:05:00,06:25:00)",2,0,2016-10-11,6,5,False
2016-10-11 06:25:00,52,1,1,"[06:25:00,06:45:00)",2,0,2016-10-11,6,25,False
2016-10-11 06:45:00,59,1,1,"[06:45:00,07:05:00)",2,0,2016-10-11,6,45,False
2016-10-11 07:05:00,84,1,1,"[07:05:00,07:25:00)",2,0,2016-10-11,7,5,False
2016-10-11 07:25:00,86,1,1,"[07:25:00,07:45:00)",2,0,2016-10-11,7,25,False
2016-10-11 07:45:00,112,1,1,"[07:45:00,08:05:00)",2,0,2016-10-11,7,45,False
2016-10-11 08:05:00,123,1,1,"[08:05:00,08:25:00)",2,0,2016-10-11,8,5,False
2016-10-11 08:25:00,111,1,1,"[08:25:00,08:45:00)",2,0,2016-10-11,8,25,False
2016-10-11 08:45:00,124,1,1,"[08:45:00,09:05:00)",2,0,2016-10-11,8,45,False
2016-10-11 09:05:00,117,1,1,"[09:05:00,09:25:00)",2,0,2016-10-11,9,5,False
2016-10-11 09:25:00,112,1,1,"[09:25:00,09:45:00)",2,0,2016-10-11,9,25,False
2016-10-11 09:45:00,126,1,1,"[09:45:00,10:05:00)",2,0,2016-10-11,9,45,False
2016-10-11 10:05:00,101,1,1,"[10:05:00,10:25:00)",2,0,2016-10-11,10,5,False
2016-10-11 10:25:00,79,1,1,"[10:25:00,10:45:00)",2,0,2016-10-11,10,25,False
2016-10-11 10:45:00,89,1,1,"[10:45:00,11:05:00)",2,0,2016-10-11,10,45,False
2016-10-11 11:05:00,84,1,1,"[11:05:00,11:25:00)",2,0,2016-10-11,11,5,False
2016-10-11 11:25:00,74,1,1,"[11:25:00,11:45:00)",2,0,2016-10-11,11,25,False
2016-10-11 11:45:00,68,1,1,"[11:45:00,12:05:00)",2,0,2016-10-11,11,45,False
2016-10-11 12:05:00,95,1,1,"[12:05:00,12:25:00)",2,0,2016-10-11,12,5,False
2016-10-11 12:25:00,86,1,1,"[12:25:00,12:45:00)",2,0,2016-10-11,12,25,False
2016-10-11 12:45:00,103,1,1,"[12:45:00,13:05:00)",2,0,2016-10-11,12,45,False
2016-10-11 13:05:00,105,1,1,"[13:05:00,13:25:00)",2,0,2016-10-11,13,5,False
2016-10-11 13:25:00,99,1,1,"[13:25:00,13:45:00)",2,0,2016-10-11,13,25,False
2016-10-11 13:45:00,96,1,1,"[13:45:00,14:05:00)",2,0,2016-10-11,13,45,False
2016-10-11 14:05:00,76,1,1,"[14:05:00,14:25:00)",2,0,2016-10-11,14,5,False
2016-10-11 14:25:00,99,1,1,"[14:25:00,14:45:00)",2,0,2016-10-11,14,25,False
2016-10-11 14:45:00,95,1,1,"[14:45:00,15:05:00)",2,0,2016-10-11,14,45,False
2016-10-11 15:05:00,94,1,1,"[15:05:00,15:25:00)",2,0,2016-10-11,15,5,False
2016-10-11 15:25:00,85,1,1,"[15:25:00,15:45:00)",2,0,2016-10-11,15,25,False
2016-10-11 15:45:00,78,1,1,"[15:45:00,16:05:00)",2,0,2016-10-11,15,45,False
2016-10-11 16:05:00,98,1,1,"[16:05:00,16:25:00)",2,0,2016-10-11,16,5,False
2016-10-11 16:25:00,87,1,1,"[16:25:00,16:45:00)",2,0,2016-10-11,16,25,False
2016-10-11 16:45:00,95,1,1,"[16:45:00,17:05:00)",2,0,2016-10-11,16,45,False
2016-10-11 17:05:00,81,1,1,"[17:05:00,17:25:00)",2,0,2016-10-11,17,5,False
2016-10-11 17:25:00,95,1,1,"[17:25:00,17:45:00)",2,0,2016-10-11,17,25,False
2016-10-11 17:45:00,100,1,1,"[17:45:00,18:05:00)",2,0,2016-10-11,17,45,False
2016-10-11 18:05:00,75,1,1,"[18:05:00,18:25:00)",2,0,2016-10-11,18,5,False
2016-10-11 18:25:00,75,1,1,"[18:25:00,18:45:00)",2,0,2016-10-11,18,25,False
2016-10-11 18:45:00,55,1,1,"[18:45:00,19:05:00)",2,0,2016-10-11,18,45,False
2016-10-11 19:05:00,64,1,1,"[19:05:00,19:25:00)",2,0,2016-10-11,19,5,False
2016-10-11 19:25:00,50,1,1,"[19:25:00,19:45:00)",2,0,2016-10-11,19,25,False
2016-10-11 19:45:00,38,1,1,"[19:45:00,20:05:00)",2,0,2016-10-11,19,45,False
2016-10-11 20:05:00,44,1,1,"[20:05:00,20:25:00)",2,0,2016-10-11,20,5,False
2016-10-11 20:25:00,32,1,1,"[20:25:00,20:45:00)",2,0,2016-10-11,20,25,False
2016-10-11 20:45:00,34,1,1,"[20:45:00,21:05:00)",2,0,2016-10-11,20,45,False
2016-10-11 21:05:00,40,1,1,"[21:05:00,21:25:00)",2,0,2016-10-11,21,5,False
2016-10-11 21:25:00,30,1,1,"[21:25:00,21:45:00)",2,0,2016-10-11,21,25,False
2016-10-11 21:45:00,24,1,1,"[21:45:00,22:05:00)",2,0,2016-10-11,21,45,False
2016-10-11 22:05:00,19,1,1,"[22:05:00,22:25:00)",2,0,2016-10-11,22,5,False
2016-10-11 22:25:00,26,1,1,"[22:25:00,22:45:00)",2,0,2016-10-11,22,25,False
2016-10-11 22:45:00,23,1,1,"[22:45:00,23:05:00)",2,0,2016-10-11,22,45,False
2016-10-11 23:05:00,15,1,1,"[23:05:00,23:25:00)",2,0,2016-10-11,23,5,False
2016-10-11 23:25:00,15,1,1,"[23:25:00,23:45:00)",2,0,2016-10-11,23,25,False
2016-10-11 23:45:00,53,1,1,"[23:45:00,00:00:00)",2,0,2016-10-11,23,45,False
2016-10-12 00:05:00,108,1,1,"[00:05:00,00:25:00)",3,0,2016-10-12,0,5,False
2016-10-12 00:25:00,50,1,1,"[00:25:00,00:45:00)",3,0,2016-10-12,0,25,False
2016-10-12 00:45:00,24,1,1,"[00:45:00,01:05:00)",3,0,2016-10-12,0,45,False
2016-10-12 01:05:00,8,1,1,"[01:05:00,01:25:00)",3,0,2016-10-12,1,5,False
2016-10-12 01:25:00,7,1,1,"[01:25:00,01:45:00)",3,0,2016-10-12,1,25,False
2016-10-12 01:45:00,4,1,1,"[01:45:00,02:05:00)",3,0,2016-10-12,1,45,False
2016-10-12 02:05:00,12,1,1,"[02:05:00,02:25:00)",3,0,2016-10-12,2,5,False
2016-10-12 02:25:00,5,1,1,"[02:25:00,02:45:00)",3,0,2016-10-12,2,25,False
2016-10-12 02:45:00,11,1,1,"[02:45:00,03:05:00)",3,0,2016-10-12,2,45,False
2016-10-12 03:05:00,9,1,1,"[03:05:00,03:25:00)",3,0,2016-10-12,3,5,False
2016-10-12 03:25:00,13,1,1,"[03:25:00,03:45:00)",3,0,2016-10-12,3,25,False
2016-10-12 03:45:00,20,1,1,"[03:45:00,04:05:00)",3,0,2016-10-12,3,45,False
2016-10-12 04:05:00,17,1,1,"[04:05:00,04:25:00)",3,0,2016-10-12,4,5,False
2016-10-12 04:25:00,24,1,1,"[04:25:00,04:45:00)",3,0,2016-10-12,4,25,False
2016-10-12 04:45:00,22,1,1,"[04:45:00,05:05:00)",3,0,2016-10-12,4,45,False
2016-10-12 05:05:00,36,1,1,"[05:05:00,05:25:00)",3,0,2016-10-12,5,5,False
2016-10-12 05:25:00,31,1,1,"[05:25:00,05:45:00)",3,0,2016-10-12,5,25,False
2016-10-12 05:45:00,31,1,1,"[05:45:00,06:05:00)",3,0,2016-10-12,5,45,False
2016-10-12 06:05:00,38,1,1,"[06:05:00,06:25:00)",3,0,2016-10-12,6,5,False
2016-10-12 06:25:00,50,1,1,"[06:25:00,06:45:00)",3,0,2016-10-12,6,25,False
2016-10-12 06:45:00,72,1,1,"[06:45:00,07:05:00)",3,0,2016-10-12,6,45,False
2016-10-12 07:05:00,72,1,1,"[07:05:00,07:25:00)",3,0,2016-10-12,7,5,False
2016-10-12 07:25:00,87,1,1,"[07:25:00,07:45:00)",3,0,2016-10-12,7,25,False
2016-10-12 07:45:00,121,1,1,"[07:45:00,08:05:00)",3,0,2016-10-12,7,45,False
2016-10-12 08:05:00,104,1,1,"[08:05:00,08:25:00)",3,0,2016-10-12,8,5,False
2016-10-12 08:25:00,121,1,1,"[08:25:00,08:45:00)",3,0,2016-10-12,8,25,False
2016-10-12 08:45:00,109,1,1,"[08:45:00,09:05:00)",3,0,2016-10-12,8,45,False
2016-10-12 09:05:00,107,1,1,"[09:05:00,09:25:00)",3,0,2016-10-12,9,5,False
2016-10-12 09:25:00,131,1,1,"[09:25:00,09:45:00)",3,0,2016-10-12,9,25,False
2016-10-12 09:45:00,87,1,1,"[09:45:00,10:05:00)",3,0,2016-10-12,9,45,False
2016-10-12 10:05:00,92,1,1,"[10:05:00,10:25:00)",3,0,2016-10-12,10,5,False
2016-10-12 10:25:00,101,1,1,"[10:25:00,10:45:00)",3,0,2016-10-12,10,25,False
2016-10-12 10:45:00,94,1,1,"[10:45:00,11:05:00)",3,0,2016-10-12,10,45,False
2016-10-12 11:05:00,94,1,1,"[11:05:00,11:25:00)",3,0,2016-10-12,11,5,False
2016-10-12 11:25:00,80,1,1,"[11:25:00,11:45:00)",3,0,2016-10-12,11,25,False
2016-10-12 11:45:00,88,1,1,"[11:45:00,12:05:00)",3,0,2016-10-12,11,45,False
2016-10-12 12:05:00,87,1,1,"[12:05:00,12:25:00)",3,0,2016-10-12,12,5,False
2016-10-12 12:25:00,114,1,1,"[12:25:00,12:45:00)",3,0,2016-10-12,12,25,False
2016-10-12 12:45:00,88,1,1,"[12:45:00,13:05:00)",3,0,2016-10-12,12,45,False
2016-10-12 13:05:00,91,1,1,"[13:05:00,13:25:00)",3,0,2016-10-12,13,5,False
2016-10-12 13:25:00,91,1,1,"[13:25:00,13:45:00)",3,0,2016-10-12,13,25,False
2016-10-12 13:45:00,116,1,1,"[13:45:00,14:05:00)",3,0,2016-10-12,13,45,False
2016-10-12 14:05:00,88,1,1,"[14:05:00,14:25:00)",3,0,2016-10-12,14,5,False
2016-10-12 14:25:00,103,1,1,"[14:25:00,14:45:00)",3,0,2016-10-12,14,25,False
2016-10-12 14:45:00,89,1,1,"[14:45:00,15:05:00)",3,0,2016-10-12,14,45,False
2016-10-12 15:05:00,91,1,1,"[15:05:00,15:25:00)",3,0,2016-10-12,15,5,False
2016-10-12 15:25:00,99,1,1,"[15:25:00,15:45:00)",3,0,2016-10-12,15,25,False
2016-10-12 15:45:00,93,1,1,"[15:45:00,16:05:00)",3,0,2016-10-12,15,45,False
2016-10-12 16:05:00,117,1,1,"[16:05:00,16:25:00)",3,0,2016-10-12,16,5,False
2016-10-12 16:25:00,91,1,1,"[16:25:00,16:45:00)",3,0,2016-10-12,16,25,False
2016-10-12 16:45:00,115,1,1,"[16:45:00,17:05:00)",3,0,2016-10-12,16,45,False
2016-10-12 17:05:00,96,1,1,"[17:05:00,17:25:00)",3,0,2016-10-12,17,5,False
2016-10-12 17:25:00,135,1,1,"[17:25:00,17:45:00)",3,0,2016-10-12,17,25,False
2016-10-12 17:45:00,106,1,1,"[17:45:00,18:05:00)",3,0,2016-10-12,17,45,False
2016-10-12 18:05:00,62,1,1,"[18:05:00,18:25:00)",3,0,2016-10-12,18,5,False
2016-10-12 18:25:00,88,1,1,"[18:25:00,18:45:00)",3,0,2016-10-12,18,25,False
2016-10-12 18:45:00,46,1,1,"[18:45:00,19:05:00)",3,0,2016-10-12,18,45,False
2016-10-12 19:05:00,49,1,1,"[19:05:00,19:25:00)",3,0,2016-10-12,19,5,False
2016-10-12 19:25:00,43,1,1,"[19:25:00,19:45:00)",3,0,2016-10-12,19,25,False
2016-10-12 19:45:00,43,1,1,"[19:45:00,20:05:00)",3,0,2016-10-12,19,45,False
2016-10-12 20:05:00,36,1,1,"[20:05:00,20:25:00)",3,0,2016-10-12,20,5,False
2016-10-12 20:25:00,42,1,1,"[20:25:00,20:45:00)",3,0,2016-10-12,20,25,False
2016-10-12 20:45:00,37,1,1,"[20:45:00,21:05:00)",3,0,2016-10-12,20,45,False
2016-10-12 21:05:00,29,1,1,"[21:05:00,21:25:00)",3,0,2016-10-12,21,5,False
2016-10-12 21:25:00,38,1,1,"[21:25:00,21:45:00)",3,0,2016-10-12,21,25,False
2016-10-12 21:45:00,33,1,1,"[21:45:00,22:05:00)",3,0,2016-10-12,21,45,False
2016-10-12 22:05:00,25,1,1,"[22:05:00,22:25:00)",3,0,2016-10-12,22,5,False
2016-10-12 22:25:00,34,1,1,"[22:25:00,22:45:00)",3,0,2016-10-12,22,25,False
2016-10-12 22:45:00,18,1,1,"[22:45:00,23:05:00)",3,0,2016-10-12,22,45,False
2016-10-12 23:05:00,15,1,1,"[23:05:00,23:25:00)",3,0,2016-10-12,23,5,False
2016-10-12 23:25:00,18,1,1,"[23:25:00,23:45:00)",3,0,2016-10-12,23,25,False
2016-10-12 23:45:00,44,1,1,"[23:45:00,00:00:00)",3,0,2016-10-12,23,45,False
2016-10-13 00:05:00,104,1,1,"[00:05:00,00:25:00)",4,0,2016-10-13,0,5,False
2016-10-13 00:25:00,49,1,1,"[00:25:00,00:45:00)",4,0,2016-10-13,0,25,False
2016-10-13 00:45:00,27,1,1,"[00:45:00,01:05:00)",4,0,2016-10-13,0,45,False
2016-10-13 01:05:00,6,1,1,"[01:05:00,01:25:00)",4,0,2016-10-13,1,5,False
2016-10-13 01:25:00,6,1,1,"[01:25:00,01:45:00)",4,0,2016-10-13,1,25,False
2016-10-13 01:45:00,10,1,1,"[01:45:00,02:05:00)",4,0,2016-10-13,1,45,False
2016-10-13 02:05:00,7,1,1,"[02:05:00,02:25:00)",4,0,2016-10-13,2,5,False
2016-10-13 02:25:00,6,1,1,"[02:25:00,02:45:00)",4,0,2016-10-13,2,25,False
2016-10-13 02:45:00,15,1,1,"[02:45:00,03:05:00)",4,0,2016-10-13,2,45,False
2016-10-13 03:05:00,10,1,1,"[03:05:00,03:25:00)",4,0,2016-10-13,3,5,False
2016-10-13 03:25:00,7,1,1,"[03:25:00,03:45:00)",4,0,2016-10-13,3,25,False
2016-10-13 03:45:00,18,1,1,"[03:45:00,04:05:00)",4,0,2016-10-13,3,45,False
2016-10-13 04:05:00,11,1,1,"[04:05:00,04:25:00)",4,0,2016-10-13,4,5,False
2016-10-13 04:25:00,21,1,1,"[04:25:00,04:45:00)",4,0,2016-10-13,4,25,False
2016-10-13 04:45:00,31,1,1,"[04:45:00,05:05:00)",4,0,2016-10-13,4,45,False
2016-10-13 05:05:00,34,1,1,"[05:05:00,05:25:00)",4,0,2016-10-13,5,5,False
2016-10-13 05:25:00,40,1,1,"[05:25:00,05:45:00)",4,0,2016-10-13,5,25,False
2016-10-13 05:45:00,35,1,1,"[05:45:00,06:05:00)",4,0,2016-10-13,5,45,False
2016-10-13 06:05:00,40,1,1,"[06:05:00,06:25:00)",4,0,2016-10-13,6,5,False
2016-10-13 06:25:00,54,1,1,"[06:25:00,06:45:00)",4,0,2016-10-13,6,25,False
2016-10-13 06:45:00,72,1,1,"[06:45:00,07:05:00)",4,0,2016-10-13,6,45,False
2016-10-13 07:05:00,96,1,1,"[07:05:00,07:25:00)",4,0,2016-10-13,7,5,False
2016-10-13 07:25:00,95,1,1,"[07:25:00,07:45:00)",4,0,2016-10-13,7,25,False
2016-10-13 07:45:00,104,1,1,"[07:45:00,08:05:00)",4,0,2016-10-13,7,45,False
2016-10-13 08:05:00,107,1,1,"[08:05:00,08:25:00)",4,0,2016-10-13,8,5,False
2016-10-13 08:25:00,118,1,1,"[08:25:00,08:45:00)",4,0,2016-10-13,8,25,False
2016-10-13 08:45:00,134,1,1,"[08:45:00,09:05:00)",4,0,2016-10-13,8,45,False
2016-10-13 09:05:00,98,1,1,"[09:05:00,09:25:00)",4,0,2016-10-13,9,5,False
2016-10-13 09:25:00,115,1,1,"[09:25:00,09:45:00)",4,0,2016-10-13,9,25,False
2016-10-13 09:45:00,108,1,1,"[09:45:00,10:05:00)",4,0,2016-10-13,9,45,False
2016-10-13 10:05:00,97,1,1,"[10:05:00,10:25:00)",4,0,2016-10-13,10,5,False
2016-10-13 10:25:00,94,1,1,"[10:25:00,10:45:00)",4,0,2016-10-13,10,25,False
2016-10-13 10:45:00,83,1,1,"[10:45:00,11:05:00)",4,0,2016-10-13,10,45,False
2016-10-13 11:05:00,68,1,1,"[11:05:00,11:25:00)",4,0,2016-10-13,11,5,False
2016-10-13 11:25:00,84,1,1,"[11:25:00,11:45:00)",4,0,2016-10-13,11,25,False
2016-10-13 11:45:00,104,1,1,"[11:45:00,12:05:00)",4,0,2016-10-13,11,45,False
2016-10-13 12:05:00,85,1,1,"[12:05:00,12:25:00)",4,0,2016-10-13,12,5,False
2016-10-13 12:25:00,100,1,1,"[12:25:00,12:45:00)",4,0,2016-10-13,12,25,False
2016-10-13 12:45:00,91,1,1,"[12:45:00,13:05:00)",4,0,2016-10-13,12,45,False
2016-10-13 13:05:00,103,1,1,"[13:05:00,13:25:00)",4,0,2016-10-13,13,5,False
2016-10-13 13:25:00,88,1,1,"[13:25:00,13:45:00)",4,0,2016-10-13,13,25,False
2016-10-13 13:45:00,116,1,1,"[13:45:00,14:05:00)",4,0,2016-10-13,13,45,False
2016-10-13 14:05:00,118,1,1,"[14:05:00,14:25:00)",4,0,2016-10-13,14,5,False
2016-10-13 14:25:00,86,1,1,"[14:25:00,14:45:00)",4,0,2016-10-13,14,25,False
2016-10-13 14:45:00,100,1,1,"[14:45:00,15:05:00)",4,0,2016-10-13,14,45,False
2016-10-13 15:05:00,92,1,1,"[15:05:00,15:25:00)",4,0,2016-10-13,15,5,False
2016-10-13 15:25:00,79,1,1,"[15:25:00,15:45:00)",4,0,2016-10-13,15,25,False
2016-10-13 15:45:00,84,1,1,"[15:45:00,16:05:00)",4,0,2016-10-13,15,45,False
2016-10-13 16:05:00,92,1,1,"[16:05:00,16:25:00)",4,0,2016-10-13,16,5,False
2016-10-13 16:25:00,119,1,1,"[16:25:00,16:45:00)",4,0,2016-10-13,16,25,False
2016-10-13 16:45:00,106,1,1,"[16:45:00,17:05:00)",4,0,2016-10-13,16,45,False
2016-10-13 17:05:00,103,1,1,"[17:05:00,17:25:00)",4,0,2016-10-13,17,5,False
2016-10-13 17:25:00,100,1,1,"[17:25:00,17:45:00)",4,0,2016-10-13,17,25,False
2016-10-13 17:45:00,102,1,1,"[17:45:00,18:05:00)",4,0,2016-10-13,17,45,False
2016-10-13 18:05:00,57,1,1,"[18:05:00,18:25:00)",4,0,2016-10-13,18,5,False
2016-10-13 18:25:00,73,1,1,"[18:25:00,18:45:00)",4,0,2016-10-13,18,25,False
2016-10-13 18:45:00,73,1,1,"[18:45:00,19:05:00)",4,0,2016-10-13,18,45,False
2016-10-13 19:05:00,39,1,1,"[19:05:00,19:25:00)",4,0,2016-10-13,19,5,False
2016-10-13 19:25:00,36,1,1,"[19:25:00,19:45:00)",4,0,2016-10-13,19,25,False
2016-10-13 19:45:00,51,1,1,"[19:45:00,20:05:00)",4,0,2016-10-13,19,45,False
2016-10-13 20:05:00,39,1,1,"[20:05:00,20:25:00)",4,0,2016-10-13,20,5,False
2016-10-13 20:25:00,41,1,1,"[20:25:00,20:45:00)",4,0,2016-10-13,20,25,False
2016-10-13 20:45:00,37,1,1,"[20:45:00,21:05:00)",4,0,2016-10-13,20,45,False
2016-10-13 21:05:00,21,1,1,"[21:05:00,21:25:00)",4,0,2016-10-13,21,5,False
2016-10-13 21:25:00,30,1,1,"[21:25:00,21:45:00)",4,0,2016-10-13,21,25,False
2016-10-13 21:45:00,19,1,1,"[21:45:00,22:05:00)",4,0,2016-10-13,21,45,False
2016-10-13 22:05:00,26,1,1,"[22:05:00,22:25:00)",4,0,2016-10-13,22,5,False
2016-10-13 22:25:00,22,1,1,"[22:25:00,22:45:00)",4,0,2016-10-13,22,25,False
2016-10-13 22:45:00,22,1,1,"[22:45:00,23:05:00)",4,0,2016-10-13,22,45,False
2016-10-13 23:05:00,14,1,1,"[23:05:00,23:25:00)",4,0,2016-10-13,23,5,False
2016-10-13 23:25:00,9,1,1,"[23:25:00,23:45:00)",4,0,2016-10-13,23,25,False
2016-10-13 23:45:00,35,1,1,"[23:45:00,00:00:00)",4,0,2016-10-13,23,45,False
2016-10-14 00:05:00,115,1,1,"[00:05:00,00:25:00)",5,0,2016-10-14,0,5,False
2016-10-14 00:25:00,45,1,1,"[00:25:00,00:45:00)",5,0,2016-10-14,0,25,False
2016-10-14 00:45:00,24,1,1,"[00:45:00,01:05:00)",5,0,2016-10-14,0,45,False
2016-10-14 01:05:00,7,1,1,"[01:05:00,01:25:00)",5,0,2016-10-14,1,5,False
2016-10-14 01:25:00,9,1,1,"[01:25:00,01:45:00)",5,0,2016-10-14,1,25,False
2016-10-14 01:45:00,6,1,1,"[01:45:00,02:05:00)",5,0,2016-10-14,1,45,False
2016-10-14 02:05:00,10,1,1,"[02:05:00,02:25:00)",5,0,2016-10-14,2,5,False
2016-10-14 02:25:00,6,1,1,"[02:25:00,02:45:00)",5,0,2016-10-14,2,25,False
2016-10-14 02:45:00,7,1,1,"[02:45:00,03:05:00)",5,0,2016-10-14,2,45,False
2016-10-14 03:05:00,6,1,1,"[03:05:00,03:25:00)",5,0,2016-10-14,3,5,False
2016-10-14 03:25:00,12,1,1,"[03:25:00,03:45:00)",5,0,2016-10-14,3,25,False
2016-10-14 03:45:00,13,1,1,"[03:45:00,04:05:00)",5,0,2016-10-14,3,45,False
2016-10-14 04:05:00,18,1,1,"[04:05:00,04:25:00)",5,0,2016-10-14,4,5,False
2016-10-14 04:25:00,15,1,1,"[04:25:00,04:45:00)",5,0,2016-10-14,4,25,False
2016-10-14 04:45:00,25,1,1,"[04:45:00,05:05:00)",5,0,2016-10-14,4,45,False
2016-10-14 05:05:00,31,1,1,"[05:05:00,05:25:00)",5,0,2016-10-14,5,5,False
2016-10-14 05:25:00,38,1,1,"[05:25:00,05:45:00)",5,0,2016-10-14,5,25,False
2016-10-14 05:45:00,38,1,1,"[05:45:00,06:05:00)",5,0,2016-10-14,5,45,False
2016-10-14 06:05:00,30,1,1,"[06:05:00,06:25:00)",5,0,2016-10-14,6,5,False
2016-10-14 06:25:00,64,1,1,"[06:25:00,06:45:00)",5,0,2016-10-14,6,25,False
2016-10-14 06:45:00,44,1,1,"[06:45:00,07:05:00)",5,0,2016-10-14,6,45,False
2016-10-14 07:05:00,82,1,1,"[07:05:00,07:25:00)",5,0,2016-10-14,7,5,False
2016-10-14 07:25:00,86,1,1,"[07:25:00,07:45:00)",5,0,2016-10-14,7,25,False
2016-10-14 07:45:00,122,1,1,"[07:45:00,08:05:00)",5,0,2016-10-14,7,45,False
2016-10-14 08:05:00,113,1,1,"[08:05:00,08:25:00)",5,0,2016-10-14,8,5,False
2016-10-14 08:25:00,106,1,1,"[08:25:00,08:45:00)",5,0,2016-10-14,8,25,False
2016-10-14 08:45:00,101,1,1,"[08:45:00,09:05:00)",5,0,2016-10-14,8,45,False
2016-10-14 09:05:00,125,1,1,"[09:05:00,09:25:00)",5,0,2016-10-14,9,5,False
2016-10-14 09:25:00,125,1,1,"[09:25:00,09:45:00)",5,0,2016-10-14,9,25,False
2016-10-14 09:45:00,137,1,1,"[09:45:00,10:05:00)",5,0,2016-10-14,9,45,False
2016-10-14 10:05:00,91,1,1,"[10:05:00,10:25:00)",5,0,2016-10-14,10,5,False
2016-10-14 10:25:00,133,1,1,"[10:25:00,10:45:00)",5,0,2016-10-14,10,25,False
2016-10-14 10:45:00,92,1,1,"[10:45:00,11:05:00)",5,0,2016-10-14,10,45,False
2016-10-14 11:05:00,90,1,1,"[11:05:00,11:25:00)",5,0,2016-10-14,11,5,False
2016-10-14 11:25:00,99,1,1,"[11:25:00,11:45:00)",5,0,2016-10-14,11,25,False
2016-10-14 11:45:00,92,1,1,"[11:45:00,12:05:00)",5,0,2016-10-14,11,45,False
2016-10-14 12:05:00,98,1,1,"[12:05:00,12:25:00)",5,0,2016-10-14,12,5,False
2016-10-14 12:25:00,101,1,1,"[12:25:00,12:45:00)",5,0,2016-10-14,12,25,False
2016-10-14 12:45:00,90,1,1,"[12:45:00,13:05:00)",5,0,2016-10-14,12,45,False
2016-10-14 13:05:00,102,1,1,"[13:05:00,13:25:00)",5,0,2016-10-14,13,5,False
2016-10-14 13:25:00,117,1,1,"[13:25:00,13:45:00)",5,0,2016-10-14,13,25,False
2016-10-14 13:45:00,98,1,1,"[13:45:00,14:05:00)",5,0,2016-10-14,13,45,False
2016-10-14 14:05:00,130,1,1,"[14:05:00,14:25:00)",5,0,2016-10-14,14,5,False
2016-10-14 14:25:00,92,1,1,"[14:25:00,14:45:00)",5,0,2016-10-14,14,25,False
2016-10-14 14:45:00,102,1,1,"[14:45:00,15:05:00)",5,0,2016-10-14,14,45,False
2016-10-14 15:05:00,122,1,1,"[15:05:00,15:25:00)",5,0,2016-10-14,15,5,False
2016-10-14 15:25:00,113,1,1,"[15:25:00,15:45:00)",5,0,2016-10-14,15,25,False
2016-10-14 15:45:00,117,1,1,"[15:45:00,16:05:00)",5,0,2016-10-14,15,45,False
2016-10-14 16:05:00,100,1,1,"[16:05:00,16:25:00)",5,0,2016-10-14,16,5,False
2016-10-14 16:25:00,132,1,1,"[16:25:00,16:45:00)",5,0,2016-10-14,16,25,False
2016-10-14 16:45:00,106,1,1,"[16:45:00,17:05:00)",5,0,2016-10-14,16,45,False
2016-10-14 17:05:00,112,1,1,"[17:05:00,17:25:00)",5,0,2016-10-14,17,5,False
2016-10-14 17:25:00,157,1,1,"[17:25:00,17:45:00)",5,0,2016-10-14,17,25,False
2016-10-14 17:45:00,119,1,1,"[17:45:00,18:05:00)",5,0,2016-10-14,17,45,False
2016-10-14 18:05:00,83,1,1,"[18:05:00,18:25:00)",5,0,2016-10-14,18,5,False
2016-10-14 18:25:00,90,1,1,"[18:25:00,18:45:00)",5,0,2016-10-14,18,25,False
2016-10-14 18:45:00,71,1,1,"[18:45:00,19:05:00)",5,0,2016-10-14,18,45,False
2016-10-14 19:05:00,67,1,1,"[19:05:00,19:25:00)",5,0,2016-10-14,19,5,False
2016-10-14 19:25:00,60,1,1,"[19:25:00,19:45:00)",5,0,2016-10-14,19,25,False
2016-10-14 19:45:00,58,1,1,"[19:45:00,20:05:00)",5,0,2016-10-14,19,45,False
2016-10-14 20:05:00,57,1,1,"[20:05:00,20:25:00)",5,0,2016-10-14,20,5,False
2016-10-14 20:25:00,45,1,1,"[20:25:00,20:45:00)",5,0,2016-10-14,20,25,False
2016-10-14 20:45:00,42,1,1,"[20:45:00,21:05:00)",5,0,2016-10-14,20,45,False
2016-10-14 21:05:00,37,1,1,"[21:05:00,21:25:00)",5,0,2016-10-14,21,5,False
2016-10-14 21:25:00,30,1,1,"[21:25:00,21:45:00)",5,0,2016-10-14,21,25,False
2016-10-14 21:45:00,38,1,1,"[21:45:00,22:05:00)",5,0,2016-10-14,21,45,False
2016-10-14 22:05:00,23,1,1,"[22:05:00,22:25:00)",5,0,2016-10-14,22,5,False
2016-10-14 22:25:00,33,1,1,"[22:25:00,22:45:00)",5,0,2016-10-14,22,25,False
2016-10-14 22:45:00,23,1,1,"[22:45:00,23:05:00)",5,0,2016-10-14,22,45,False
2016-10-14 23:05:00,15,1,1,"[23:05:00,23:25:00)",5,0,2016-10-14,23,5,False
2016-10-14 23:25:00,18,1,1,"[23:25:00,23:45:00)",5,0,2016-10-14,23,25,False
2016-10-14 23:45:00,37,1,1,"[23:45:00,00:00:00)",5,0,2016-10-14,23,45,False
2016-10-15 00:05:00,130,1,1,"[00:05:00,00:25:00)",6,1,2016-10-15,0,5,False
2016-10-15 00:25:00,83,1,1,"[00:25:00,00:45:00)",6,1,2016-10-15,0,25,False
2016-10-15 00:45:00,47,1,1,"[00:45:00,01:05:00)",6,1,2016-10-15,0,45,False
2016-10-15 01:05:00,11,1,1,"[01:05:00,01:25:00)",6,1,2016-10-15,1,5,False
2016-10-15 01:25:00,12,1,1,"[01:25:00,01:45:00)",6,1,2016-10-15,1,25,False
2016-10-15 01:45:00,12,1,1,"[01:45:00,02:05:00)",6,1,2016-10-15,1,45,False
2016-10-15 02:05:00,3,1,1,"[02:05:00,02:25:00)",6,1,2016-10-15,2,5,False
2016-10-15 02:25:00,6,1,1,"[02:25:00,02:45:00)",6,1,2016-10-15,2,25,False
2016-10-15 02:45:00,12,1,1,"[02:45:00,03:05:00)",6,1,2016-10-15,2,45,False
2016-10-15 03:05:00,10,1,1,"[03:05:00,03:25:00)",6,1,2016-10-15,3,5,False
2016-10-15 03:25:00,12,1,1,"[03:25:00,03:45:00)",6,1,2016-10-15,3,25,False
2016-10-15 03:45:00,13,1,1,"[03:45:00,04:05:00)",6,1,2016-10-15,3,45,False
2016-10-15 04:05:00,13,1,1,"[04:05:00,04:25:00)",6,1,2016-10-15,4,5,False
2016-10-15 04:25:00,23,1,1,"[04:25:00,04:45:00)",6,1,2016-10-15,4,25,False
2016-10-15 04:45:00,29,1,1,"[04:45:00,05:05:00)",6,1,2016-10-15,4,45,False
2016-10-15 05:05:00,22,1,1,"[05:05:00,05:25:00)",6,1,2016-10-15,5,5,False
2016-10-15 05:25:00,34,1,1,"[05:25:00,05:45:00)",6,1,2016-10-15,5,25,False
2016-10-15 05:45:00,35,1,1,"[05:45:00,06:05:00)",6,1,2016-10-15,5,45,False
2016-10-15 06:05:00,41,1,1,"[06:05:00,06:25:00)",6,1,2016-10-15,6,5,False
2016-10-15 06:25:00,50,1,1,"[06:25:00,06:45:00)",6,1,2016-10-15,6,25,False
2016-10-15 06:45:00,54,1,1,"[06:45:00,07:05:00)",6,1,2016-10-15,6,45,False
2016-10-15 07:05:00,61,1,1,"[07:05:00,07:25:00)",6,1,2016-10-15,7,5,False
2016-10-15 07:25:00,71,1,1,"[07:25:00,07:45:00)",6,1,2016-10-15,7,25,False
2016-10-15 07:45:00,72,1,1,"[07:45:00,08:05:00)",6,1,2016-10-15,7,45,False
2016-10-15 08:05:00,81,1,1,"[08:05:00,08:25:00)",6,1,2016-10-15,8,5,False
2016-10-15 08:25:00,107,1,1,"[08:25:00,08:45:00)",6,1,2016-10-15,8,25,False
2016-10-15 08:45:00,121,1,1,"[08:45:00,09:05:00)",6,1,2016-10-15,8,45,False
2016-10-15 09:05:00,115,1,1,"[09:05:00,09:25:00)",6,1,2016-10-15,9,5,False
2016-10-15 09:25:00,105,1,1,"[09:25:00,09:45:00)",6,1,2016-10-15,9,25,False
2016-10-15 09:45:00,109,1,1,"[09:45:00,10:05:00)",6,1,2016-10-15,9,45,False
2016-10-15 10:05:00,122,1,1,"[10:05:00,10:25:00)",6,1,2016-10-15,10,5,False
2016-10-15 10:25:00,106,1,1,"[10:25:00,10:45:00)",6,1,2016-10-15,10,25,False
2016-10-15 10:45:00,97,1,1,"[10:45:00,11:05:00)",6,1,2016-10-15,10,45,False
2016-10-15 11:05:00,99,1,1,"[11:05:00,11:25:00)",6,1,2016-10-15,11,5,False
2016-10-15 11:25:00,93,1,1,"[11:25:00,11:45:00)",6,1,2016-10-15,11,25,False
2016-10-15 11:45:00,79,1,1,"[11:45:00,12:05:00)",6,1,2016-10-15,11,45,False
2016-10-15 12:05:00,87,1,1,"[12:05:00,12:25:00)",6,1,2016-10-15,12,5,False
2016-10-15 12:25:00,84,1,1,"[12:25:00,12:45:00)",6,1,2016-10-15,12,25,False
2016-10-15 12:45:00,84,1,1,"[12:45:00,13:05:00)",6,1,2016-10-15,12,45,False
2016-10-15 13:05:00,91,1,1,"[13:05:00,13:25:00)",6,1,2016-10-15,13,5,False
2016-10-15 13:25:00,86,1,1,"[13:25:00,13:45:00)",6,1,2016-10-15,13,25,False
2016-10-15 13:45:00,110,1,1,"[13:45:00,14:05:00)",6,1,2016-10-15,13,45,False
2016-10-15 14:05:00,105,1,1,"[14:05:00,14:25:00)",6,1,2016-10-15,14,5,False
2016-10-15 14:25:00,88,1,1,"[14:25:00,14:45:00)",6,1,2016-10-15,14,25,False
2016-10-15 14:45:00,105,1,1,"[14:45:00,15:05:00)",6,1,2016-10-15,14,45,False
2016-10-15 15:05:00,98,1,1,"[15:05:00,15:25:00)",6,1,2016-10-15,15,5,False
2016-10-15 15:25:00,92,1,1,"[15:25:00,15:45:00)",6,1,2016-10-15,15,25,False
2016-10-15 15:45:00,107,1,1,"[15:45:00,16:05:00)",6,1,2016-10-15,15,45,False
2016-10-15 16:05:00,81,1,1,"[16:05:00,16:25:00)",6,1,2016-10-15,16,5,False
2016-10-15 16:25:00,86,1,1,"[16:25:00,16:45:00)",6,1,2016-10-15,16,25,False
2016-10-15 16:45:00,88,1,1,"[16:45:00,17:05:00)",6,1,2016-10-15,16,45,False
2016-10-15 17:05:00,94,1,1,"[17:05:00,17:25:00)",6,1,2016-10-15,17,5,False
2016-10-15 17:25:00,89,1,1,"[17:25:00,17:45:00)",6,1,2016-10-15,17,25,False
2016-10-15 17:45:00,90,1,1,"[17:45:00,18:05:00)",6,1,2016-10-15,17,45,False
2016-10-15 18:05:00,61,1,1,"[18:05:00,18:25:00)",6,1,2016-10-15,18,5,False
2016-10-15 18:25:00,73,1,1,"[18:25:00,18:45:00)",6,1,2016-10-15,18,25,False
2016-10-15 18:45:00,62,1,1,"[18:45:00,19:05:00)",6,1,2016-10-15,18,45,False
2016-10-15 19:05:00,51,1,1,"[19:05:00,19:25:00)",6,1,2016-10-15,19,5,False
2016-10-15 19:25:00,47,1,1,"[19:25:00,19:45:00)",6,1,2016-10-15,19,25,False
2016-10-15 19:45:00,49,1,1,"[19:45:00,20:05:00)",6,1,2016-10-15,19,45,False
2016-10-15 20:05:00,36,1,1,"[20:05:00,20:25:00)",6,1,2016-10-15,20,5,False
2016-10-15 20:25:00,47,1,1,"[20:25:00,20:45:00)",6,1,2016-10-15,20,25,False
2016-10-15 20:45:00,30,1,1,"[20:45:00,21:05:00)",6,1,2016-10-15,20,45,False
2016-10-15 21:05:00,39,1,1,"[21:05:00,21:25:00)",6,1,2016-10-15,21,5,False
2016-10-15 21:25:00,25,1,1,"[21:25:00,21:45:00)",6,1,2016-10-15,21,25,False
2016-10-15 21:45:00,26,1,1,"[21:45:00,22:05:00)",6,1,2016-10-15,21,45,False
2016-10-15 22:05:00,26,1,1,"[22:05:00,22:25:00)",6,1,2016-10-15,22,5,False
2016-10-15 22:25:00,19,1,1,"[22:25:00,22:45:00)",6,1,2016-10-15,22,25,False
2016-10-15 22:45:00,22,1,1,"[22:45:00,23:05:00)",6,1,2016-10-15,22,45,False
2016-10-15 23:05:00,18,1,1,"[23:05:00,23:25:00)",6,1,2016-10-15,23,5,False
2016-10-15 23:25:00,13,1,1,"[23:25:00,23:45:00)",6,1,2016-10-15,23,25,False
2016-10-15 23:45:00,56,1,1,"[23:45:00,00:00:00)",6,1,2016-10-15,23,45,False
2016-10-16 00:05:00,87,1,1,"[00:05:00,00:25:00)",7,1,2016-10-16,0,5,False
2016-10-16 00:25:00,56,1,1,"[00:25:00,00:45:00)",7,1,2016-10-16,0,25,False
2016-10-16 00:45:00,26,1,1,"[00:45:00,01:05:00)",7,1,2016-10-16,0,45,False
2016-10-16 01:05:00,5,1,1,"[01:05:00,01:25:00)",7,1,2016-10-16,1,5,False
2016-10-16 01:25:00,10,1,1,"[01:25:00,01:45:00)",7,1,2016-10-16,1,25,False
2016-10-16 01:45:00,10,1,1,"[01:45:00,02:05:00)",7,1,2016-10-16,1,45,False
2016-10-16 02:05:00,6,1,1,"[02:05:00,02:25:00)",7,1,2016-10-16,2,5,False
2016-10-16 02:25:00,6,1,1,"[02:25:00,02:45:00)",7,1,2016-10-16,2,25,False
2016-10-16 02:45:00,9,1,1,"[02:45:00,03:05:00)",7,1,2016-10-16,2,45,False
2016-10-16 03:05:00,8,1,1,"[03:05:00,03:25:00)",7,1,2016-10-16,3,5,False
2016-10-16 03:25:00,16,1,1,"[03:25:00,03:45:00)",7,1,2016-10-16,3,25,False
2016-10-16 03:45:00,14,1,1,"[03:45:00,04:05:00)",7,1,2016-10-16,3,45,False
2016-10-16 04:05:00,17,1,1,"[04:05:00,04:25:00)",7,1,2016-10-16,4,5,False
2016-10-16 04:25:00,16,1,1,"[04:25:00,04:45:00)",7,1,2016-10-16,4,25,False
2016-10-16 04:45:00,28,1,1,"[04:45:00,05:05:00)",7,1,2016-10-16,4,45,False
2016-10-16 05:05:00,28,1,1,"[05:05:00,05:25:00)",7,1,2016-10-16,5,5,False
2016-10-16 05:25:00,33,1,1,"[05:25:00,05:45:00)",7,1,2016-10-16,5,25,False
2016-10-16 05:45:00,41,1,1,"[05:45:00,06:05:00)",7,1,2016-10-16,5,45,False
2016-10-16 06:05:00,36,1,1,"[06:05:00,06:25:00)",7,1,2016-10-16,6,5,False
2016-10-16 06:25:00,34,1,1,"[06:25:00,06:45:00)",7,1,2016-10-16,6,25,False
2016-10-16 06:45:00,54,1,1,"[06:45:00,07:05:00)",7,1,2016-10-16,6,45,False
2016-10-16 07:05:00,40,1,1,"[07:05:00,07:25:00)",7,1,2016-10-16,7,5,False
2016-10-16 07:25:00,47,1,1,"[07:25:00,07:45:00)",7,1,2016-10-16,7,25,False
2016-10-16 07:45:00,38,1,1,"[07:45:00,08:05:00)",7,1,2016-10-16,7,45,False
2016-10-16 08:05:00,52,1,1,"[08:05:00,08:25:00)",7,1,2016-10-16,8,5,False
2016-10-16 08:25:00,80,1,1,"[08:25:00,08:45:00)",7,1,2016-10-16,8,25,False
2016-10-16 08:45:00,69,1,1,"[08:45:00,09:05:00)",7,1,2016-10-16,8,45,False
2016-10-16 09:05:00,102,1,1,"[09:05:00,09:25:00)",7,1,2016-10-16,9,5,False
2016-10-16 09:25:00,114,1,1,"[09:25:00,09:45:00)",7,1,2016-10-16,9,25,False
2016-10-16 09:45:00,103,1,1,"[09:45:00,10:05:00)",7,1,2016-10-16,9,45,False
2016-10-16 10:05:00,88,1,1,"[10:05:00,10:25:00)",7,1,2016-10-16,10,5,False
2016-10-16 10:25:00,96,1,1,"[10:25:00,10:45:00)",7,1,2016-10-16,10,25,False
2016-10-16 10:45:00,104,1,1,"[10:45:00,11:05:00)",7,1,2016-10-16,10,45,False
2016-10-16 11:05:00,105,1,1,"[11:05:00,11:25:00)",7,1,2016-10-16,11,5,False
2016-10-16 11:25:00,86,1,1,"[11:25:00,11:45:00)",7,1,2016-10-16,11,25,False
2016-10-16 11:45:00,88,1,1,"[11:45:00,12:05:00)",7,1,2016-10-16,11,45,False
2016-10-16 12:05:00,90,1,1,"[12:05:00,12:25:00)",7,1,2016-10-16,12,5,False
2016-10-16 12:25:00,78,1,1,"[12:25:00,12:45:00)",7,1,2016-10-16,12,25,False
2016-10-16 12:45:00,96,1,1,"[12:45:00,13:05:00)",7,1,2016-10-16,12,45,False
2016-10-16 13:05:00,102,1,1,"[13:05:00,13:25:00)",7,1,2016-10-16,13,5,False
2016-10-16 13:25:00,103,1,1,"[13:25:00,13:45:00)",7,1,2016-10-16,13,25,False
2016-10-16 13:45:00,115,1,1,"[13:45:00,14:05:00)",7,1,2016-10-16,13,45,False
2016-10-16 14:05:00,111,1,1,"[14:05:00,14:25:00)",7,1,2016-10-16,14,5,False
2016-10-16 14:25:00,93,1,1,"[14:25:00,14:45:00)",7,1,2016-10-16,14,25,False
2016-10-16 14:45:00,108,1,1,"[14:45:00,15:05:00)",7,1,2016-10-16,14,45,False
2016-10-16 15:05:00,118,1,1,"[15:05:00,15:25:00)",7,1,2016-10-16,15,5,False
2016-10-16 15:25:00,121,1,1,"[15:25:00,15:45:00)",7,1,2016-10-16,15,25,False
2016-10-16 15:45:00,102,1,1,"[15:45:00,16:05:00)",7,1,2016-10-16,15,45,False
2016-10-16 16:05:00,128,1,1,"[16:05:00,16:25:00)",7,1,2016-10-16,16,5,False
2016-10-16 16:25:00,119,1,1,"[16:25:00,16:45:00)",7,1,2016-10-16,16,25,False
2016-10-16 16:45:00,94,1,1,"[16:45:00,17:05:00)",7,1,2016-10-16,16,45,False
2016-10-16 17:05:00,102,1,1,"[17:05:00,17:25:00)",7,1,2016-10-16,17,5,False
2016-10-16 17:25:00,130,1,1,"[17:25:00,17:45:00)",7,1,2016-10-16,17,25,False
2016-10-16 17:45:00,102,1,1,"[17:45:00,18:05:00)",7,1,2016-10-16,17,45,False
2016-10-16 18:05:00,82,1,1,"[18:05:00,18:25:00)",7,1,2016-10-16,18,5,False
2016-10-16 18:25:00,69,1,1,"[18:25:00,18:45:00)",7,1,2016-10-16,18,25,False
2016-10-16 18:45:00,54,1,1,"[18:45:00,19:05:00)",7,1,2016-10-16,18,45,False
2016-10-16 19:05:00,63,1,1,"[19:05:00,19:25:00)",7,1,2016-10-16,19,5,False
2016-10-16 19:25:00,70,1,1,"[19:25:00,19:45:00)",7,1,2016-10-16,19,25,False
2016-10-16 19:45:00,57,1,1,"[19:45:00,20:05:00)",7,1,2016-10-16,19,45,False
2016-10-16 20:05:00,60,1,1,"[20:05:00,20:25:00)",7,1,2016-10-16,20,5,False
2016-10-16 20:25:00,50,1,1,"[20:25:00,20:45:00)",7,1,2016-10-16,20,25,False
2016-10-16 20:45:00,53,1,1,"[20:45:00,21:05:00)",7,1,2016-10-16,20,45,False
2016-10-16 21:05:00,37,1,1,"[21:05:00,21:25:00)",7,1,2016-10-16,21,5,False
2016-10-16 21:25:00,38,1,1,"[21:25:00,21:45:00)",7,1,2016-10-16,21,25,False
2016-10-16 21:45:00,26,1,1,"[21:45:00,22:05:00)",7,1,2016-10-16,21,45,False
2016-10-16 22:05:00,15,1,1,"[22:05:00,22:25:00)",7,1,2016-10-16,22,5,False
2016-10-16 22:25:00,21,1,1,"[22:25:00,22:45:00)",7,1,2016-10-16,22,25,False
2016-10-16 22:45:00,20,1,1,"[22:45:00,23:05:00)",7,1,2016-10-16,22,45,False
2016-10-16 23:05:00,18,1,1,"[23:05:00,23:25:00)",7,1,2016-10-16,23,5,False
2016-10-16 23:25:00,17,1,1,"[23:25:00,23:45:00)",7,1,2016-10-16,23,25,False
2016-10-16 23:45:00,59,1,1,"[23:45:00,00:00:00)",7,1,2016-10-16,23,45,False
2016-10-17 00:05:00,118,1,1,"[00:05:00,00:25:00)",1,0,2016-10-17,0,5,False
2016-10-17 00:25:00,42,1,1,"[00:25:00,00:45:00)",1,0,2016-10-17,0,25,False
2016-10-17 00:45:00,23,1,1,"[00:45:00,01:05:00)",1,0,2016-10-17,0,45,False
2016-10-17 01:05:00,8,1,1,"[01:05:00,01:25:00)",1,0,2016-10-17,1,5,False
2016-10-17 01:25:00,9,1,1,"[01:25:00,01:45:00)",1,0,2016-10-17,1,25,False
2016-10-17 01:45:00,9,1,1,"[01:45:00,02:05:00)",1,0,2016-10-17,1,45,False
2016-10-17 02:05:00,6,1,1,"[02:05:00,02:25:00)",1,0,2016-10-17,2,5,False
2016-10-17 02:25:00,6,1,1,"[02:25:00,02:45:00)",1,0,2016-10-17,2,25,False
2016-10-17 02:45:00,8,1,1,"[02:45:00,03:05:00)",1,0,2016-10-17,2,45,False
2016-10-17 03:05:00,5,1,1,"[03:05:00,03:25:00)",1,0,2016-10-17,3,5,False
2016-10-17 03:25:00,15,1,1,"[03:25:00,03:45:00)",1,0,2016-10-17,3,25,False
2016-10-17 03:45:00,17,1,1,"[03:45:00,04:05:00)",1,0,2016-10-17,3,45,False
2016-10-17 04:05:00,15,1,1,"[04:05:00,04:25:00)",1,0,2016-10-17,4,5,False
2016-10-17 04:25:00,21,1,1,"[04:25:00,04:45:00)",1,0,2016-10-17,4,25,False
2016-10-17 04:45:00,28,1,1,"[04:45:00,05:05:00)",1,0,2016-10-17,4,45,False
2016-10-17 05:05:00,30,1,1,"[05:05:00,05:25:00)",1,0,2016-10-17,5,5,False
2016-10-17 05:25:00,31,1,1,"[05:25:00,05:45:00)",1,0,2016-10-17,5,25,False
2016-10-17 05:45:00,37,1,1,"[05:45:00,06:05:00)",1,0,2016-10-17,5,45,False
2016-10-17 06:05:00,51,1,1,"[06:05:00,06:25:00)",1,0,2016-10-17,6,5,False
2016-10-17 06:25:00,69,1,1,"[06:25:00,06:45:00)",1,0,2016-10-17,6,25,False
2016-10-17 06:45:00,83,1,1,"[06:45:00,07:05:00)",1,0,2016-10-17,6,45,False
2016-10-17 07:05:00,103,1,1,"[07:05:00,07:25:00)",1,0,2016-10-17,7,5,False
2016-10-17 07:25:00,127,1,1,"[07:25:00,07:45:00)",1,0,2016-10-17,7,25,False
2016-10-17 07:45:00,137,1,1,"[07:45:00,08:05:00)",1,0,2016-10-17,7,45,False
2016-10-17 08:05:00,131,1,1,"[08:05:00,08:25:00)",1,0,2016-10-17,8,5,False
2016-10-17 08:25:00,142,1,1,"[08:25:00,08:45:00)",1,0,2016-10-17,8,25,False
2016-10-17 08:45:00,144,1,1,"[08:45:00,09:05:00)",1,0,2016-10-17,8,45,False
2016-10-17 09:05:00,142,1,1,"[09:05:00,09:25:00)",1,0,2016-10-17,9,5,False
2016-10-17 09:25:00,130,1,1,"[09:25:00,09:45:00)",1,0,2016-10-17,9,25,False
2016-10-17 09:45:00,119,1,1,"[09:45:00,10:05:00)",1,0,2016-10-17,9,45,False
2016-10-17 10:05:00,104,1,1,"[10:05:00,10:25:00)",1,0,2016-10-17,10,5,False
2016-10-17 10:25:00,101,1,1,"[10:25:00,10:45:00)",1,0,2016-10-17,10,25,False
2016-10-17 10:45:00,70,1,1,"[10:45:00,11:05:00)",1,0,2016-10-17,10,45,False
2016-10-17 11:05:00,66,1,1,"[11:05:00,11:25:00)",1,0,2016-10-17,11,5,False
2016-10-17 11:25:00,85,1,1,"[11:25:00,11:45:00)",1,0,2016-10-17,11,25,False
2016-10-17 11:45:00,101,1,1,"[11:45:00,12:05:00)",1,0,2016-10-17,11,45,False
2016-10-17 12:05:00,89,1,1,"[12:05:00,12:25:00)",1,0,2016-10-17,12,5,False
2016-10-17 12:25:00,80,1,1,"[12:25:00,12:45:00)",1,0,2016-10-17,12,25,False
2016-10-17 12:45:00,95,1,1,"[12:45:00,13:05:00)",1,0,2016-10-17,12,45,False
2016-10-17 13:05:00,91,1,1,"[13:05:00,13:25:00)",1,0,2016-10-17,13,5,False
2016-10-17 13:25:00,99,1,1,"[13:25:00,13:45:00)",1,0,2016-10-17,13,25,False
2016-10-17 13:45:00,90,1,1,"[13:45:00,14:05:00)",1,0,2016-10-17,13,45,False
2016-10-17 14:05:00,84,1,1,"[14:05:00,14:25:00)",1,0,2016-10-17,14,5,False
2016-10-17 14:25:00,98,1,1,"[14:25:00,14:45:00)",1,0,2016-10-17,14,25,False
2016-10-17 14:45:00,96,1,1,"[14:45:00,15:05:00)",1,0,2016-10-17,14,45,False
2016-10-17 15:05:00,108,1,1,"[15:05:00,15:25:00)",1,0,2016-10-17,15,5,False
2016-10-17 15:25:00,81,1,1,"[15:25:00,15:45:00)",1,0,2016-10-17,15,25,False
2016-10-17 15:45:00,101,1,1,"[15:45:00,16:05:00)",1,0,2016-10-17,15,45,False
2016-10-17 16:05:00,98,1,1,"[16:05:00,16:25:00)",1,0,2016-10-17,16,5,False
2016-10-17 16:25:00,108,1,1,"[16:25:00,16:45:00)",1,0,2016-10-17,16,25,False
2016-10-17 16:45:00,105,1,1,"[16:45:00,17:05:00)",1,0,2016-10-17,16,45,False
2016-10-17 17:05:00,113,1,1,"[17:05:00,17:25:00)",1,0,2016-10-17,17,5,False
2016-10-17 17:25:00,129,1,1,"[17:25:00,17:45:00)",1,0,2016-10-17,17,25,False
2016-10-17 17:45:00,113,1,1,"[17:45:00,18:05:00)",1,0,2016-10-17,17,45,False
2016-10-17 18:05:00,61,1,1,"[18:05:00,18:25:00)",1,0,2016-10-17,18,5,False
2016-10-17 18:25:00,70,1,1,"[18:25:00,18:45:00)",1,0,2016-10-17,18,25,False
2016-10-17 18:45:00,51,1,1,"[18:45:00,19:05:00)",1,0,2016-10-17,18,45,False
2016-10-17 19:05:00,34,1,1,"[19:05:00,19:25:00)",1,0,2016-10-17,19,5,False
2016-10-17 19:25:00,50,1,1,"[19:25:00,19:45:00)",1,0,2016-10-17,19,25,False
2016-10-17 19:45:00,29,1,1,"[19:45:00,20:05:00)",1,0,2016-10-17,19,45,False
2016-10-17 20:05:00,33,1,1,"[20:05:00,20:25:00)",1,0,2016-10-17,20,5,False
2016-10-17 20:25:00,35,1,1,"[20:25:00,20:45:00)",1,0,2016-10-17,20,25,False
2016-10-17 20:45:00,29,1,1,"[20:45:00,21:05:00)",1,0,2016-10-17,20,45,False
2016-10-17 21:05:00,23,1,1,"[21:05:00,21:25:00)",1,0,2016-10-17,21,5,False
2016-10-17 21:25:00,26,1,1,"[21:25:00,21:45:00)",1,0,2016-10-17,21,25,False
2016-10-17 21:45:00,29,1,1,"[21:45:00,22:05:00)",1,0,2016-10-17,21,45,False
2016-10-17 22:05:00,15,1,1,"[22:05:00,22:25:00)",1,0,2016-10-17,22,5,False
2016-10-17 22:25:00,20,1,1,"[22:25:00,22:45:00)",1,0,2016-10-17,22,25,False
2016-10-17 22:45:00,15,1,1,"[22:45:00,23:05:00)",1,0,2016-10-17,22,45,False
2016-10-17 23:05:00,12,1,1,"[23:05:00,23:25:00)",1,0,2016-10-17,23,5,False
2016-10-17 23:25:00,13,1,1,"[23:25:00,23:45:00)",1,0,2016-10-17,23,25,False
2016-10-17 23:45:00,40,1,1,"[23:45:00,00:00:00)",1,0,2016-10-17,23,45,False
2016-10-18 00:05:00,99,1,1,"[00:05:00,00:25:00)",2,0,2016-10-18,0,5,False
2016-10-18 00:25:00,59,1,1,"[00:25:00,00:45:00)",2,0,2016-10-18,0,25,False
2016-10-18 00:45:00,40,1,1,"[00:45:00,01:05:00)",2,0,2016-10-18,0,45,False
2016-10-18 01:05:00,12,1,1,"[01:05:00,01:25:00)",2,0,2016-10-18,1,5,False
2016-10-18 01:25:00,5,1,1,"[01:25:00,01:45:00)",2,0,2016-10-18,1,25,False
2016-10-18 01:45:00,5,1,1,"[01:45:00,02:05:00)",2,0,2016-10-18,1,45,False
2016-10-18 02:05:00,3,1,1,"[02:05:00,02:25:00)",2,0,2016-10-18,2,5,False
2016-10-18 02:25:00,7,1,1,"[02:25:00,02:45:00)",2,0,2016-10-18,2,25,False
2016-10-18 02:45:00,4,1,1,"[02:45:00,03:05:00)",2,0,2016-10-18,2,45,False
2016-10-18 03:05:00,13,1,1,"[03:05:00,03:25:00)",2,0,2016-10-18,3,5,False
2016-10-18 03:25:00,10,1,1,"[03:25:00,03:45:00)",2,0,2016-10-18,3,25,False
2016-10-18 03:45:00,14,1,1,"[03:45:00,04:05:00)",2,0,2016-10-18,3,45,False
2016-10-18 04:05:00,21,1,1,"[04:05:00,04:25:00)",2,0,2016-10-18,4,5,False
2016-10-18 04:25:00,17,1,1,"[04:25:00,04:45:00)",2,0,2016-10-18,4,25,False
2016-10-18 04:45:00,27,1,1,"[04:45:00,05:05:00)",2,0,2016-10-18,4,45,False
2016-10-18 05:05:00,27,1,1,"[05:05:00,05:25:00)",2,0,2016-10-18,5,5,False
2016-10-18 05:25:00,34,1,1,"[05:25:00,05:45:00)",2,0,2016-10-18,5,25,False
2016-10-18 05:45:00,36,1,1,"[05:45:00,06:05:00)",2,0,2016-10-18,5,45,False
2016-10-18 06:05:00,30,1,1,"[06:05:00,06:25:00)",2,0,2016-10-18,6,5,False
2016-10-18 06:25:00,60,1,1,"[06:25:00,06:45:00)",2,0,2016-10-18,6,25,False
2016-10-18 06:45:00,68,1,1,"[06:45:00,07:05:00)",2,0,2016-10-18,6,45,False
2016-10-18 07:05:00,72,1,1,"[07:05:00,07:25:00)",2,0,2016-10-18,7,5,False
2016-10-18 07:25:00,107,1,1,"[07:25:00,07:45:00)",2,0,2016-10-18,7,25,False
2016-10-18 07:45:00,99,1,1,"[07:45:00,08:05:00)",2,0,2016-10-18,7,45,False
2016-10-18 08:05:00,107,1,1,"[08:05:00,08:25:00)",2,0,2016-10-18,8,5,False
2016-10-18 08:25:00,131,1,1,"[08:25:00,08:45:00)",2,0,2016-10-18,8,25,False
2016-10-18 08:45:00,101,1,1,"[08:45:00,09:05:00)",2,0,2016-10-18,8,45,False
2016-10-18 09:05:00,90,1,1,"[09:05:00,09:25:00)",2,0,2016-10-18,9,5,False
2016-10-18 09:25:00,115,1,1,"[09:25:00,09:45:00)",2,0,2016-10-18,9,25,False
2016-10-18 09:45:00,106,1,1,"[09:45:00,10:05:00)",2,0,2016-10-18,9,45,False
2016-10-18 10:05:00,118,1,1,"[10:05:00,10:25:00)",2,0,2016-10-18,10,5,False
2016-10-18 10:25:00,110,1,1,"[10:25:00,10:45:00)",2,0,2016-10-18,10,25,False
2016-10-18 10:45:00,93,1,1,"[10:45:00,11:05:00)",2,0,2016-10-18,10,45,False
2016-10-18 11:05:00,65,1,1,"[11:05:00,11:25:00)",2,0,2016-10-18,11,5,False
2016-10-18 11:25:00,91,1,1,"[11:25:00,11:45:00)",2,0,2016-10-18,11,25,False
2016-10-18 11:45:00,83,1,1,"[11:45:00,12:05:00)",2,0,2016-10-18,11,45,False
2016-10-18 12:05:00,85,1,1,"[12:05:00,12:25:00)",2,0,2016-10-18,12,5,False
2016-10-18 12:25:00,64,1,1,"[12:25:00,12:45:00)",2,0,2016-10-18,12,25,False
2016-10-18 12:45:00,108,1,1,"[12:45:00,13:05:00)",2,0,2016-10-18,12,45,False
2016-10-18 13:05:00,95,1,1,"[13:05:00,13:25:00)",2,0,2016-10-18,13,5,False
2016-10-18 13:25:00,104,1,1,"[13:25:00,13:45:00)",2,0,2016-10-18,13,25,False
2016-10-18 13:45:00,100,1,1,"[13:45:00,14:05:00)",2,0,2016-10-18,13,45,False
2016-10-18 14:05:00,101,1,1,"[14:05:00,14:25:00)",2,0,2016-10-18,14,5,False
2016-10-18 14:25:00,88,1,1,"[14:25:00,14:45:00)",2,0,2016-10-18,14,25,False
2016-10-18 14:45:00,96,1,1,"[14:45:00,15:05:00)",2,0,2016-10-18,14,45,False
2016-10-18 15:05:00,75,1,1,"[15:05:00,15:25:00)",2,0,2016-10-18,15,5,False
2016-10-18 15:25:00,113,1,1,"[15:25:00,15:45:00)",2,0,2016-10-18,15,25,False
2016-10-18 15:45:00,106,1,1,"[15:45:00,16:05:00)",2,0,2016-10-18,15,45,False
2016-10-18 16:05:00,103,1,1,"[16:05:00,16:25:00)",2,0,2016-10-18,16,5,False
2016-10-18 16:25:00,90,1,1,"[16:25:00,16:45:00)",2,0,2016-10-18,16,25,False
2016-10-18 16:45:00,105,1,1,"[16:45:00,17:05:00)",2,0,2016-10-18,16,45,False
2016-10-18 17:05:00,87,1,1,"[17:05:00,17:25:00)",2,0,2016-10-18,17,5,False
2016-10-18 17:25:00,99,1,1,"[17:25:00,17:45:00)",2,0,2016-10-18,17,25,False
2016-10-18 17:45:00,103,1,1,"[17:45:00,18:05:00)",2,0,2016-10-18,17,45,False
2016-10-18 18:05:00,77,1,1,"[18:05:00,18:25:00)",2,0,2016-10-18,18,5,False
2016-10-18 18:25:00,79,1,1,"[18:25:00,18:45:00)",2,0,2016-10-18,18,25,False
2016-10-18 18:45:00,45,1,1,"[18:45:00,19:05:00)",2,0,2016-10-18,18,45,False
2016-10-18 19:05:00,39,1,1,"[19:05:00,19:25:00)",2,0,2016-10-18,19,5,False
2016-10-18 19:25:00,47,1,1,"[19:25:00,19:45:00)",2,0,2016-10-18,19,25,False
2016-10-18 19:45:00,39,1,1,"[19:45:00,20:05:00)",2,0,2016-10-18,19,45,False
2016-10-18 20:05:00,36,1,1,"[20:05:00,20:25:00)",2,0,2016-10-18,20,5,False
2016-10-18 20:25:00,38,1,1,"[20:25:00,20:45:00)",2,0,2016-10-18,20,25,False
2016-10-18 20:45:00,37,1,1,"[20:45:00,21:05:00)",2,0,2016-10-18,20,45,False
2016-10-18 21:05:00,35,1,1,"[21:05:00,21:25:00)",2,0,2016-10-18,21,5,False
2016-10-18 21:25:00,22,1,1,"[21:25:00,21:45:00)",2,0,2016-10-18,21,25,False
2016-10-18 21:45:00,21,1,1,"[21:45:00,22:05:00)",2,0,2016-10-18,21,45,False
2016-10-18 22:05:00,16,1,1,"[22:05:00,22:25:00)",2,0,2016-10-18,22,5,False
2016-10-18 22:25:00,18,1,1,"[22:25:00,22:45:00)",2,0,2016-10-18,22,25,False
2016-10-18 22:45:00,26,1,1,"[22:45:00,23:05:00)",2,0,2016-10-18,22,45,False
2016-10-18 23:05:00,20,1,1,"[23:05:00,23:25:00)",2,0,2016-10-18,23,5,False
2016-10-18 23:25:00,17,1,1,"[23:25:00,23:45:00)",2,0,2016-10-18,23,25,False
2016-10-18 23:45:00,36,1,1,"[23:45:00,00:00:00)",2,0,2016-10-18,23,45,False
2016-10-19 00:05:00,97,1,1,"[00:05:00,00:25:00)",3,0,2016-10-19,0,5,False
2016-10-19 00:25:00,61,1,1,"[00:25:00,00:45:00)",3,0,2016-10-19,0,25,False
2016-10-19 00:45:00,20,1,1,"[00:45:00,01:05:00)",3,0,2016-10-19,0,45,False
2016-10-19 01:05:00,5,1,1,"[01:05:00,01:25:00)",3,0,2016-10-19,1,5,False
2016-10-19 01:25:00,5,1,1,"[01:25:00,01:45:00)",3,0,2016-10-19,1,25,False
2016-10-19 01:45:00,12,1,1,"[01:45:00,02:05:00)",3,0,2016-10-19,1,45,False
2016-10-19 02:05:00,13,1,1,"[02:05:00,02:25:00)",3,0,2016-10-19,2,5,False
2016-10-19 02:25:00,7,1,1,"[02:25:00,02:45:00)",3,0,2016-10-19,2,25,False
2016-10-19 02:45:00,9,1,1,"[02:45:00,03:05:00)",3,0,2016-10-19,2,45,False
2016-10-19 03:05:00,16,1,1,"[03:05:00,03:25:00)",3,0,2016-10-19,3,5,False
2016-10-19 03:25:00,10,1,1,"[03:25:00,03:45:00)",3,0,2016-10-19,3,25,False
2016-10-19 03:45:00,12,1,1,"[03:45:00,04:05:00)",3,0,2016-10-19,3,45,False
2016-10-19 04:05:00,13,1,1,"[04:05:00,04:25:00)",3,0,2016-10-19,4,5,False
2016-10-19 04:25:00,19,1,1,"[04:25:00,04:45:00)",3,0,2016-10-19,4,25,False
2016-10-19 04:45:00,20,1,1,"[04:45:00,05:05:00)",3,0,2016-10-19,4,45,False
2016-10-19 05:05:00,28,1,1,"[05:05:00,05:25:00)",3,0,2016-10-19,5,5,False
2016-10-19 05:25:00,40,1,1,"[05:25:00,05:45:00)",3,0,2016-10-19,5,25,False
2016-10-19 05:45:00,35,1,1,"[05:45:00,06:05:00)",3,0,2016-10-19,5,45,False
2016-10-19 06:05:00,40,1,1,"[06:05:00,06:25:00)",3,0,2016-10-19,6,5,False
2016-10-19 06:25:00,40,1,1,"[06:25:00,06:45:00)",3,0,2016-10-19,6,25,False
2016-10-19 06:45:00,57,1,1,"[06:45:00,07:05:00)",3,0,2016-10-19,6,45,False
2016-10-19 07:05:00,75,1,1,"[07:05:00,07:25:00)",3,0,2016-10-19,7,5,False
2016-10-19 07:25:00,91,1,1,"[07:25:00,07:45:00)",3,0,2016-10-19,7,25,False
2016-10-19 07:45:00,103,1,1,"[07:45:00,08:05:00)",3,0,2016-10-19,7,45,False
2016-10-19 08:05:00,127,1,1,"[08:05:00,08:25:00)",3,0,2016-10-19,8,5,False
2016-10-19 08:25:00,104,1,1,"[08:25:00,08:45:00)",3,0,2016-10-19,8,25,False
2016-10-19 08:45:00,119,1,1,"[08:45:00,09:05:00)",3,0,2016-10-19,8,45,False
2016-10-19 09:05:00,116,1,1,"[09:05:00,09:25:00)",3,0,2016-10-19,9,5,False
2016-10-19 09:25:00,95,1,1,"[09:25:00,09:45:00)",3,0,2016-10-19,9,25,False
2016-10-19 09:45:00,101,1,1,"[09:45:00,10:05:00)",3,0,2016-10-19,9,45,False
2016-10-19 10:05:00,72,1,1,"[10:05:00,10:25:00)",3,0,2016-10-19,10,5,False
2016-10-19 10:25:00,96,1,1,"[10:25:00,10:45:00)",3,0,2016-10-19,10,25,False
2016-10-19 10:45:00,98,1,1,"[10:45:00,11:05:00)",3,0,2016-10-19,10,45,False
2016-10-19 11:05:00,75,1,1,"[11:05:00,11:25:00)",3,0,2016-10-19,11,5,False
2016-10-19 11:25:00,80,1,1,"[11:25:00,11:45:00)",3,0,2016-10-19,11,25,False
2016-10-19 11:45:00,90,1,1,"[11:45:00,12:05:00)",3,0,2016-10-19,11,45,False
2016-10-19 12:05:00,96,1,1,"[12:05:00,12:25:00)",3,0,2016-10-19,12,5,False
2016-10-19 12:25:00,84,1,1,"[12:25:00,12:45:00)",3,0,2016-10-19,12,25,False
2016-10-19 12:45:00,76,1,1,"[12:45:00,13:05:00)",3,0,2016-10-19,12,45,False
2016-10-19 13:05:00,96,1,1,"[13:05:00,13:25:00)",3,0,2016-10-19,13,5,False
2016-10-19 13:25:00,73,1,1,"[13:25:00,13:45:00)",3,0,2016-10-19,13,25,False
2016-10-19 13:45:00,92,1,1,"[13:45:00,14:05:00)",3,0,2016-10-19,13,45,False
2016-10-19 14:05:00,80,1,1,"[14:05:00,14:25:00)",3,0,2016-10-19,14,5,False
2016-10-19 14:25:00,93,1,1,"[14:25:00,14:45:00)",3,0,2016-10-19,14,25,False
2016-10-19 14:45:00,94,1,1,"[14:45:00,15:05:00)",3,0,2016-10-19,14,45,False
2016-10-19 15:05:00,96,1,1,"[15:05:00,15:25:00)",3,0,2016-10-19,15,5,False
2016-10-19 15:25:00,92,1,1,"[15:25:00,15:45:00)",3,0,2016-10-19,15,25,False
2016-10-19 15:45:00,86,1,1,"[15:45:00,16:05:00)",3,0,2016-10-19,15,45,False
2016-10-19 16:05:00,80,1,1,"[16:05:00,16:25:00)",3,0,2016-10-19,16,5,False
2016-10-19 16:25:00,87,1,1,"[16:25:00,16:45:00)",3,0,2016-10-19,16,25,False
2016-10-19 16:45:00,84,1,1,"[16:45:00,17:05:00)",3,0,2016-10-19,16,45,False
2016-10-19 17:05:00,89,1,1,"[17:05:00,17:25:00)",3,0,2016-10-19,17,5,False
2016-10-19 17:25:00,115,1,1,"[17:25:00,17:45:00)",3,0,2016-10-19,17,25,False
2016-10-19 17:45:00,93,1,1,"[17:45:00,18:05:00)",3,0,2016-10-19,17,45,False
2016-10-19 18:05:00,67,1,1,"[18:05:00,18:25:00)",3,0,2016-10-19,18,5,False
2016-10-19 18:25:00,76,1,1,"[18:25:00,18:45:00)",3,0,2016-10-19,18,25,False
2016-10-19 18:45:00,69,1,1,"[18:45:00,19:05:00)",3,0,2016-10-19,18,45,False
2016-10-19 19:05:00,47,1,1,"[19:05:00,19:25:00)",3,0,2016-10-19,19,5,False
2016-10-19 19:25:00,59,1,1,"[19:25:00,19:45:00)",3,0,2016-10-19,19,25,False
2016-10-19 19:45:00,41,1,1,"[19:45:00,20:05:00)",3,0,2016-10-19,19,45,False
2016-10-19 20:05:00,36,1,1,"[20:05:00,20:25:00)",3,0,2016-10-19,20,5,False
2016-10-19 20:25:00,30,1,1,"[20:25:00,20:45:00)",3,0,2016-10-19,20,25,False
2016-10-19 20:45:00,28,1,1,"[20:45:00,21:05:00)",3,0,2016-10-19,20,45,False
2016-10-19 21:05:00,25,1,1,"[21:05:00,21:25:00)",3,0,2016-10-19,21,5,False
2016-10-19 21:25:00,41,1,1,"[21:25:00,21:45:00)",3,0,2016-10-19,21,25,False
2016-10-19 21:45:00,32,1,1,"[21:45:00,22:05:00)",3,0,2016-10-19,21,45,False
2016-10-19 22:05:00,26,1,1,"[22:05:00,22:25:00)",3,0,2016-10-19,22,5,False
2016-10-19 22:25:00,16,1,1,"[22:25:00,22:45:00)",3,0,2016-10-19,22,25,False
2016-10-19 22:45:00,19,1,1,"[22:45:00,23:05:00)",3,0,2016-10-19,22,45,False
2016-10-19 23:05:00,16,1,1,"[23:05:00,23:25:00)",3,0,2016-10-19,23,5,False
2016-10-19 23:25:00,17,1,1,"[23:25:00,23:45:00)",3,0,2016-10-19,23,25,False
2016-10-19 23:45:00,45,1,1,"[23:45:00,00:00:00)",3,0,2016-10-19,23,45,False
2016-10-20 00:05:00,106,1,1,"[00:05:00,00:25:00)",4,0,2016-10-20,0,5,False
2016-10-20 00:25:00,60,1,1,"[00:25:00,00:45:00)",4,0,2016-10-20,0,25,False
2016-10-20 00:45:00,40,1,1,"[00:45:00,01:05:00)",4,0,2016-10-20,0,45,False
2016-10-20 01:05:00,6,1,1,"[01:05:00,01:25:00)",4,0,2016-10-20,1,5,False
2016-10-20 01:25:00,10,1,1,"[01:25:00,01:45:00)",4,0,2016-10-20,1,25,False
2016-10-20 01:45:00,6,1,1,"[01:45:00,02:05:00)",4,0,2016-10-20,1,45,False
2016-10-20 02:05:00,12,1,1,"[02:05:00,02:25:00)",4,0,2016-10-20,2,5,False
2016-10-20 02:25:00,5,1,1,"[02:25:00,02:45:00)",4,0,2016-10-20,2,25,False
2016-10-20 02:45:00,11,1,1,"[02:45:00,03:05:00)",4,0,2016-10-20,2,45,False
2016-10-20 03:05:00,11,1,1,"[03:05:00,03:25:00)",4,0,2016-10-20,3,5,False
2016-10-20 03:25:00,14,1,1,"[03:25:00,03:45:00)",4,0,2016-10-20,3,25,False
2016-10-20 03:45:00,16,1,1,"[03:45:00,04:05:00)",4,0,2016-10-20,3,45,False
2016-10-20 04:05:00,14,1,1,"[04:05:00,04:25:00)",4,0,2016-10-20,4,5,False
2016-10-20 04:25:00,20,1,1,"[04:25:00,04:45:00)",4,0,2016-10-20,4,25,False
2016-10-20 04:45:00,17,1,1,"[04:45:00,05:05:00)",4,0,2016-10-20,4,45,False
2016-10-20 05:05:00,34,1,1,"[05:05:00,05:25:00)",4,0,2016-10-20,5,5,False
2016-10-20 05:25:00,29,1,1,"[05:25:00,05:45:00)",4,0,2016-10-20,5,25,False
2016-10-20 05:45:00,39,1,1,"[05:45:00,06:05:00)",4,0,2016-10-20,5,45,False
2016-10-20 06:05:00,43,1,1,"[06:05:00,06:25:00)",4,0,2016-10-20,6,5,False
2016-10-20 06:25:00,32,1,1,"[06:25:00,06:45:00)",4,0,2016-10-20,6,25,False
2016-10-20 06:45:00,54,1,1,"[06:45:00,07:05:00)",4,0,2016-10-20,6,45,False
2016-10-20 07:05:00,89,1,1,"[07:05:00,07:25:00)",4,0,2016-10-20,7,5,False
2016-10-20 07:25:00,87,1,1,"[07:25:00,07:45:00)",4,0,2016-10-20,7,25,False
2016-10-20 07:45:00,112,1,1,"[07:45:00,08:05:00)",4,0,2016-10-20,7,45,False
2016-10-20 08:05:00,94,1,1,"[08:05:00,08:25:00)",4,0,2016-10-20,8,5,False
2016-10-20 08:25:00,106,1,1,"[08:25:00,08:45:00)",4,0,2016-10-20,8,25,False
2016-10-20 08:45:00,122,1,1,"[08:45:00,09:05:00)",4,0,2016-10-20,8,45,False
2016-10-20 09:05:00,112,1,1,"[09:05:00,09:25:00)",4,0,2016-10-20,9,5,False
2016-10-20 09:25:00,117,1,1,"[09:25:00,09:45:00)",4,0,2016-10-20,9,25,False
2016-10-20 09:45:00,100,1,1,"[09:45:00,10:05:00)",4,0,2016-10-20,9,45,False
2016-10-20 10:05:00,109,1,1,"[10:05:00,10:25:00)",4,0,2016-10-20,10,5,False
2016-10-20 10:25:00,82,1,1,"[10:25:00,10:45:00)",4,0,2016-10-20,10,25,False
2016-10-20 10:45:00,94,1,1,"[10:45:00,11:05:00)",4,0,2016-10-20,10,45,False
2016-10-20 11:05:00,76,1,1,"[11:05:00,11:25:00)",4,0,2016-10-20,11,5,False
2016-10-20 11:25:00,94,1,1,"[11:25:00,11:45:00)",4,0,2016-10-20,11,25,False
2016-10-20 11:45:00,98,1,1,"[11:45:00,12:05:00)",4,0,2016-10-20,11,45,False
2016-10-20 12:05:00,88,1,1,"[12:05:00,12:25:00)",4,0,2016-10-20,12,5,False
2016-10-20 12:25:00,79,1,1,"[12:25:00,12:45:00)",4,0,2016-10-20,12,25,False
2016-10-20 12:45:00,77,1,1,"[12:45:00,13:05:00)",4,0,2016-10-20,12,45,False
2016-10-20 13:05:00,84,1,1,"[13:05:00,13:25:00)",4,0,2016-10-20,13,5,False
2016-10-20 13:25:00,100,1,1,"[13:25:00,13:45:00)",4,0,2016-10-20,13,25,False
2016-10-20 13:45:00,108,1,1,"[13:45:00,14:05:00)",4,0,2016-10-20,13,45,False
2016-10-20 14:05:00,89,1,1,"[14:05:00,14:25:00)",4,0,2016-10-20,14,5,False
2016-10-20 14:25:00,117,1,1,"[14:25:00,14:45:00)",4,0,2016-10-20,14,25,False
2016-10-20 14:45:00,94,1,1,"[14:45:00,15:05:00)",4,0,2016-10-20,14,45,False
2016-10-20 15:05:00,85,1,1,"[15:05:00,15:25:00)",4,0,2016-10-20,15,5,False
2016-10-20 15:25:00,133,1,1,"[15:25:00,15:45:00)",4,0,2016-10-20,15,25,False
2016-10-20 15:45:00,114,1,1,"[15:45:00,16:05:00)",4,0,2016-10-20,15,45,False
2016-10-20 16:05:00,79,1,1,"[16:05:00,16:25:00)",4,0,2016-10-20,16,5,False
2016-10-20 16:25:00,83,1,1,"[16:25:00,16:45:00)",4,0,2016-10-20,16,25,False
2016-10-20 16:45:00,111,1,1,"[16:45:00,17:05:00)",4,0,2016-10-20,16,45,False
2016-10-20 17:05:00,98,1,1,"[17:05:00,17:25:00)",4,0,2016-10-20,17,5,False
2016-10-20 17:25:00,93,1,1,"[17:25:00,17:45:00)",4,0,2016-10-20,17,25,False
2016-10-20 17:45:00,103,1,1,"[17:45:00,18:05:00)",4,0,2016-10-20,17,45,False
2016-10-20 18:05:00,74,1,1,"[18:05:00,18:25:00)",4,0,2016-10-20,18,5,False
2016-10-20 18:25:00,65,1,1,"[18:25:00,18:45:00)",4,0,2016-10-20,18,25,False
2016-10-20 18:45:00,67,1,1,"[18:45:00,19:05:00)",4,0,2016-10-20,18,45,False
2016-10-20 19:05:00,44,1,1,"[19:05:00,19:25:00)",4,0,2016-10-20,19,5,False
2016-10-20 19:25:00,47,1,1,"[19:25:00,19:45:00)",4,0,2016-10-20,19,25,False
2016-10-20 19:45:00,32,1,1,"[19:45:00,20:05:00)",4,0,2016-10-20,19,45,False
2016-10-20 20:05:00,22,1,1,"[20:05:00,20:25:00)",4,0,2016-10-20,20,5,False
2016-10-20 20:25:00,40,1,1,"[20:25:00,20:45:00)",4,0,2016-10-20,20,25,False
2016-10-20 20:45:00,34,1,1,"[20:45:00,21:05:00)",4,0,2016-10-20,20,45,False
2016-10-20 21:05:00,29,1,1,"[21:05:00,21:25:00)",4,0,2016-10-20,21,5,False
2016-10-20 21:25:00,29,1,1,"[21:25:00,21:45:00)",4,0,2016-10-20,21,25,False
2016-10-20 21:45:00,27,1,1,"[21:45:00,22:05:00)",4,0,2016-10-20,21,45,False
2016-10-20 22:05:00,19,1,1,"[22:05:00,22:25:00)",4,0,2016-10-20,22,5,False
2016-10-20 22:25:00,34,1,1,"[22:25:00,22:45:00)",4,0,2016-10-20,22,25,False
2016-10-20 22:45:00,19,1,1,"[22:45:00,23:05:00)",4,0,2016-10-20,22,45,False
2016-10-20 23:05:00,9,1,1,"[23:05:00,23:25:00)",4,0,2016-10-20,23,5,False
2016-10-20 23:25:00,16,1,1,"[23:25:00,23:45:00)",4,0,2016-10-20,23,25,False
2016-10-20 23:45:00,40,1,1,"[23:45:00,00:00:00)",4,0,2016-10-20,23,45,False
2016-10-21 00:05:00,89,1,1,"[00:05:00,00:25:00)",5,0,2016-10-21,0,5,False
2016-10-21 00:25:00,78,1,1,"[00:25:00,00:45:00)",5,0,2016-10-21,0,25,False
2016-10-21 00:45:00,27,1,1,"[00:45:00,01:05:00)",5,0,2016-10-21,0,45,False
2016-10-21 01:05:00,9,1,1,"[01:05:00,01:25:00)",5,0,2016-10-21,1,5,False
2016-10-21 01:25:00,8,1,1,"[01:25:00,01:45:00)",5,0,2016-10-21,1,25,False
2016-10-21 01:45:00,10,1,1,"[01:45:00,02:05:00)",5,0,2016-10-21,1,45,False
2016-10-21 02:05:00,9,1,1,"[02:05:00,02:25:00)",5,0,2016-10-21,2,5,False
2016-10-21 02:25:00,10,1,1,"[02:25:00,02:45:00)",5,0,2016-10-21,2,25,False
2016-10-21 02:45:00,6,1,1,"[02:45:00,03:05:00)",5,0,2016-10-21,2,45,False
2016-10-21 03:05:00,7,1,1,"[03:05:00,03:25:00)",5,0,2016-10-21,3,5,False
2016-10-21 03:25:00,15,1,1,"[03:25:00,03:45:00)",5,0,2016-10-21,3,25,False
2016-10-21 03:45:00,16,1,1,"[03:45:00,04:05:00)",5,0,2016-10-21,3,45,False
2016-10-21 04:05:00,16,1,1,"[04:05:00,04:25:00)",5,0,2016-10-21,4,5,False
2016-10-21 04:25:00,18,1,1,"[04:25:00,04:45:00)",5,0,2016-10-21,4,25,False
2016-10-21 04:45:00,24,1,1,"[04:45:00,05:05:00)",5,0,2016-10-21,4,45,False
2016-10-21 05:05:00,27,1,1,"[05:05:00,05:25:00)",5,0,2016-10-21,5,5,False
2016-10-21 05:25:00,34,1,1,"[05:25:00,05:45:00)",5,0,2016-10-21,5,25,False
2016-10-21 05:45:00,38,1,1,"[05:45:00,06:05:00)",5,0,2016-10-21,5,45,False
2016-10-21 06:05:00,32,1,1,"[06:05:00,06:25:00)",5,0,2016-10-21,6,5,False
2016-10-21 06:25:00,47,1,1,"[06:25:00,06:45:00)",5,0,2016-10-21,6,25,False
2016-10-21 06:45:00,52,1,1,"[06:45:00,07:05:00)",5,0,2016-10-21,6,45,False
2016-10-21 07:05:00,76,1,1,"[07:05:00,07:25:00)",5,0,2016-10-21,7,5,False
2016-10-21 07:25:00,104,1,1,"[07:25:00,07:45:00)",5,0,2016-10-21,7,25,False
2016-10-21 07:45:00,99,1,1,"[07:45:00,08:05:00)",5,0,2016-10-21,7,45,False
2016-10-21 08:05:00,97,1,1,"[08:05:00,08:25:00)",5,0,2016-10-21,8,5,False
2016-10-21 08:25:00,101,1,1,"[08:25:00,08:45:00)",5,0,2016-10-21,8,25,False
2016-10-21 08:45:00,91,1,1,"[08:45:00,09:05:00)",5,0,2016-10-21,8,45,False
2016-10-21 09:05:00,116,1,1,"[09:05:00,09:25:00)",5,0,2016-10-21,9,5,False
2016-10-21 09:25:00,137,1,1,"[09:25:00,09:45:00)",5,0,2016-10-21,9,25,False
2016-10-21 09:45:00,102,1,1,"[09:45:00,10:05:00)",5,0,2016-10-21,9,45,False
2016-10-21 10:05:00,101,1,1,"[10:05:00,10:25:00)",5,0,2016-10-21,10,5,False
2016-10-21 10:25:00,93,1,1,"[10:25:00,10:45:00)",5,0,2016-10-21,10,25,False
2016-10-21 10:45:00,99,1,1,"[10:45:00,11:05:00)",5,0,2016-10-21,10,45,False
2016-10-21 11:05:00,86,1,1,"[11:05:00,11:25:00)",5,0,2016-10-21,11,5,False
2016-10-21 11:25:00,73,1,1,"[11:25:00,11:45:00)",5,0,2016-10-21,11,25,False
2016-10-21 11:45:00,102,1,1,"[11:45:00,12:05:00)",5,0,2016-10-21,11,45,False
2016-10-21 12:05:00,93,1,1,"[12:05:00,12:25:00)",5,0,2016-10-21,12,5,False
2016-10-21 12:25:00,114,1,1,"[12:25:00,12:45:00)",5,0,2016-10-21,12,25,False
2016-10-21 12:45:00,121,1,1,"[12:45:00,13:05:00)",5,0,2016-10-21,12,45,False
2016-10-21 13:05:00,116,1,1,"[13:05:00,13:25:00)",5,0,2016-10-21,13,5,False
2016-10-21 13:25:00,117,1,1,"[13:25:00,13:45:00)",5,0,2016-10-21,13,25,False
2016-10-21 13:45:00,118,1,1,"[13:45:00,14:05:00)",5,0,2016-10-21,13,45,False
2016-10-21 14:05:00,120,1,1,"[14:05:00,14:25:00)",5,0,2016-10-21,14,5,False
2016-10-21 14:25:00,119,1,1,"[14:25:00,14:45:00)",5,0,2016-10-21,14,25,False
2016-10-21 14:45:00,112,1,1,"[14:45:00,15:05:00)",5,0,2016-10-21,14,45,False
2016-10-21 15:05:00,124,1,1,"[15:05:00,15:25:00)",5,0,2016-10-21,15,5,False
2016-10-21 15:25:00,100,1,1,"[15:25:00,15:45:00)",5,0,2016-10-21,15,25,False
2016-10-21 15:45:00,131,1,1,"[15:45:00,16:05:00)",5,0,2016-10-21,15,45,False
2016-10-21 16:05:00,107,1,1,"[16:05:00,16:25:00)",5,0,2016-10-21,16,5,False
2016-10-21 16:25:00,101,1,1,"[16:25:00,16:45:00)",5,0,2016-10-21,16,25,False
2016-10-21 16:45:00,112,1,1,"[16:45:00,17:05:00)",5,0,2016-10-21,16,45,False
2016-10-21 17:05:00,122,1,1,"[17:05:00,17:25:00)",5,0,2016-10-21,17,5,False
2016-10-21 17:25:00,165,1,1,"[17:25:00,17:45:00)",5,0,2016-10-21,17,25,False
2016-10-21 17:45:00,124,1,1,"[17:45:00,18:05:00)",5,0,2016-10-21,17,45,False
2016-10-21 18:05:00,65,1,1,"[18:05:00,18:25:00)",5,0,2016-10-21,18,5,False
2016-10-21 18:25:00,88,1,1,"[18:25:00,18:45:00)",5,0,2016-10-21,18,25,False
2016-10-21 18:45:00,91,1,1,"[18:45:00,19:05:00)",5,0,2016-10-21,18,45,False
2016-10-21 19:05:00,34,1,1,"[19:05:00,19:25:00)",5,0,2016-10-21,19,5,False
2016-10-21 19:25:00,56,1,1,"[19:25:00,19:45:00)",5,0,2016-10-21,19,25,False
2016-10-21 19:45:00,51,1,1,"[19:45:00,20:05:00)",5,0,2016-10-21,19,45,False
2016-10-21 20:05:00,44,1,1,"[20:05:00,20:25:00)",5,0,2016-10-21,20,5,False
2016-10-21 20:25:00,43,1,1,"[20:25:00,20:45:00)",5,0,2016-10-21,20,25,False
2016-10-21 20:45:00,37,1,1,"[20:45:00,21:05:00)",5,0,2016-10-21,20,45,False
2016-10-21 21:05:00,33,1,1,"[21:05:00,21:25:00)",5,0,2016-10-21,21,5,False
2016-10-21 21:25:00,26,1,1,"[21:25:00,21:45:00)",5,0,2016-10-21,21,25,False
2016-10-21 21:45:00,37,1,1,"[21:45:00,22:05:00)",5,0,2016-10-21,21,45,False
2016-10-21 22:05:00,22,1,1,"[22:05:00,22:25:00)",5,0,2016-10-21,22,5,False
2016-10-21 22:25:00,30,1,1,"[22:25:00,22:45:00)",5,0,2016-10-21,22,25,False
2016-10-21 22:45:00,22,1,1,"[22:45:00,23:05:00)",5,0,2016-10-21,22,45,False
2016-10-21 23:05:00,21,1,1,"[23:05:00,23:25:00)",5,0,2016-10-21,23,5,False
2016-10-21 23:25:00,14,1,1,"[23:25:00,23:45:00)",5,0,2016-10-21,23,25,False
2016-10-21 23:45:00,42,1,1,"[23:45:00,00:00:00)",5,0,2016-10-21,23,45,False
2016-10-22 00:05:00,112,1,1,"[00:05:00,00:25:00)",6,1,2016-10-22,0,5,False
2016-10-22 00:25:00,87,1,1,"[00:25:00,00:45:00)",6,1,2016-10-22,0,25,False
2016-10-22 00:45:00,35,1,1,"[00:45:00,01:05:00)",6,1,2016-10-22,0,45,False
2016-10-22 01:05:00,7,1,1,"[01:05:00,01:25:00)",6,1,2016-10-22,1,5,False
2016-10-22 01:25:00,7,1,1,"[01:25:00,01:45:00)",6,1,2016-10-22,1,25,False
2016-10-22 01:45:00,1,1,1,"[01:45:00,02:05:00)",6,1,2016-10-22,1,45,False
2016-10-22 02:05:00,12,1,1,"[02:05:00,02:25:00)",6,1,2016-10-22,2,5,False
2016-10-22 02:25:00,9,1,1,"[02:25:00,02:45:00)",6,1,2016-10-22,2,25,False
2016-10-22 02:45:00,11,1,1,"[02:45:00,03:05:00)",6,1,2016-10-22,2,45,False
2016-10-22 03:05:00,5,1,1,"[03:05:00,03:25:00)",6,1,2016-10-22,3,5,False
2016-10-22 03:25:00,12,1,1,"[03:25:00,03:45:00)",6,1,2016-10-22,3,25,False
2016-10-22 03:45:00,13,1,1,"[03:45:00,04:05:00)",6,1,2016-10-22,3,45,False
2016-10-22 04:05:00,16,1,1,"[04:05:00,04:25:00)",6,1,2016-10-22,4,5,False
2016-10-22 04:25:00,16,1,1,"[04:25:00,04:45:00)",6,1,2016-10-22,4,25,False
2016-10-22 04:45:00,22,1,1,"[04:45:00,05:05:00)",6,1,2016-10-22,4,45,False
2016-10-22 05:05:00,21,1,1,"[05:05:00,05:25:00)",6,1,2016-10-22,5,5,False
2016-10-22 05:25:00,29,1,1,"[05:25:00,05:45:00)",6,1,2016-10-22,5,25,False
2016-10-22 05:45:00,28,1,1,"[05:45:00,06:05:00)",6,1,2016-10-22,5,45,False
2016-10-22 06:05:00,33,1,1,"[06:05:00,06:25:00)",6,1,2016-10-22,6,5,False
2016-10-22 06:25:00,43,1,1,"[06:25:00,06:45:00)",6,1,2016-10-22,6,25,False
2016-10-22 06:45:00,50,1,1,"[06:45:00,07:05:00)",6,1,2016-10-22,6,45,False
2016-10-22 07:05:00,50,1,1,"[07:05:00,07:25:00)",6,1,2016-10-22,7,5,False
2016-10-22 07:25:00,48,1,1,"[07:25:00,07:45:00)",6,1,2016-10-22,7,25,False
2016-10-22 07:45:00,68,1,1,"[07:45:00,08:05:00)",6,1,2016-10-22,7,45,False
2016-10-22 08:05:00,87,1,1,"[08:05:00,08:25:00)",6,1,2016-10-22,8,5,False
2016-10-22 08:25:00,85,1,1,"[08:25:00,08:45:00)",6,1,2016-10-22,8,25,False
2016-10-22 08:45:00,94,1,1,"[08:45:00,09:05:00)",6,1,2016-10-22,8,45,False
2016-10-22 09:05:00,80,1,1,"[09:05:00,09:25:00)",6,1,2016-10-22,9,5,False
2016-10-22 09:25:00,86,1,1,"[09:25:00,09:45:00)",6,1,2016-10-22,9,25,False
2016-10-22 09:45:00,107,1,1,"[09:45:00,10:05:00)",6,1,2016-10-22,9,45,False
2016-10-22 10:05:00,95,1,1,"[10:05:00,10:25:00)",6,1,2016-10-22,10,5,False
2016-10-22 10:25:00,106,1,1,"[10:25:00,10:45:00)",6,1,2016-10-22,10,25,False
2016-10-22 10:45:00,70,1,1,"[10:45:00,11:05:00)",6,1,2016-10-22,10,45,False
2016-10-22 11:05:00,79,1,1,"[11:05:00,11:25:00)",6,1,2016-10-22,11,5,False
2016-10-22 11:25:00,70,1,1,"[11:25:00,11:45:00)",6,1,2016-10-22,11,25,False
2016-10-22 11:45:00,73,1,1,"[11:45:00,12:05:00)",6,1,2016-10-22,11,45,False
2016-10-22 12:05:00,82,1,1,"[12:05:00,12:25:00)",6,1,2016-10-22,12,5,False
2016-10-22 12:25:00,88,1,1,"[12:25:00,12:45:00)",6,1,2016-10-22,12,25,False
2016-10-22 12:45:00,87,1,1,"[12:45:00,13:05:00)",6,1,2016-10-22,12,45,False
2016-10-22 13:05:00,105,1,1,"[13:05:00,13:25:00)",6,1,2016-10-22,13,5,False
2016-10-22 13:25:00,90,1,1,"[13:25:00,13:45:00)",6,1,2016-10-22,13,25,False
2016-10-22 13:45:00,94,1,1,"[13:45:00,14:05:00)",6,1,2016-10-22,13,45,False
2016-10-22 14:05:00,111,1,1,"[14:05:00,14:25:00)",6,1,2016-10-22,14,5,False
2016-10-22 14:25:00,93,1,1,"[14:25:00,14:45:00)",6,1,2016-10-22,14,25,False
2016-10-22 14:45:00,92,1,1,"[14:45:00,15:05:00)",6,1,2016-10-22,14,45,False
2016-10-22 15:05:00,104,1,1,"[15:05:00,15:25:00)",6,1,2016-10-22,15,5,False
2016-10-22 15:25:00,94,1,1,"[15:25:00,15:45:00)",6,1,2016-10-22,15,25,False
2016-10-22 15:45:00,89,1,1,"[15:45:00,16:05:00)",6,1,2016-10-22,15,45,False
2016-10-22 16:05:00,116,1,1,"[16:05:00,16:25:00)",6,1,2016-10-22,16,5,False
2016-10-22 16:25:00,97,1,1,"[16:25:00,16:45:00)",6,1,2016-10-22,16,25,False
2016-10-22 16:45:00,75,1,1,"[16:45:00,17:05:00)",6,1,2016-10-22,16,45,False
2016-10-22 17:05:00,89,1,1,"[17:05:00,17:25:00)",6,1,2016-10-22,17,5,False
2016-10-22 17:25:00,97,1,1,"[17:25:00,17:45:00)",6,1,2016-10-22,17,25,False
2016-10-22 17:45:00,71,1,1,"[17:45:00,18:05:00)",6,1,2016-10-22,17,45,False
2016-10-22 18:05:00,49,1,1,"[18:05:00,18:25:00)",6,1,2016-10-22,18,5,False
2016-10-22 18:25:00,51,1,1,"[18:25:00,18:45:00)",6,1,2016-10-22,18,25,False
2016-10-22 18:45:00,51,1,1,"[18:45:00,19:05:00)",6,1,2016-10-22,18,45,False
2016-10-22 19:05:00,48,1,1,"[19:05:00,19:25:00)",6,1,2016-10-22,19,5,False
2016-10-22 19:25:00,40,1,1,"[19:25:00,19:45:00)",6,1,2016-10-22,19,25,False
2016-10-22 19:45:00,56,1,1,"[19:45:00,20:05:00)",6,1,2016-10-22,19,45,False
2016-10-22 20:05:00,46,1,1,"[20:05:00,20:25:00)",6,1,2016-10-22,20,5,False
2016-10-22 20:25:00,31,1,1,"[20:25:00,20:45:00)",6,1,2016-10-22,20,25,False
2016-10-22 20:45:00,30,1,1,"[20:45:00,21:05:00)",6,1,2016-10-22,20,45,False
2016-10-22 21:05:00,31,1,1,"[21:05:00,21:25:00)",6,1,2016-10-22,21,5,False
2016-10-22 21:25:00,27,1,1,"[21:25:00,21:45:00)",6,1,2016-10-22,21,25,False
2016-10-22 21:45:00,27,1,1,"[21:45:00,22:05:00)",6,1,2016-10-22,21,45,False
2016-10-22 22:05:00,24,1,1,"[22:05:00,22:25:00)",6,1,2016-10-22,22,5,False
2016-10-22 22:25:00,24,1,1,"[22:25:00,22:45:00)",6,1,2016-10-22,22,25,False
2016-10-22 22:45:00,12,1,1,"[22:45:00,23:05:00)",6,1,2016-10-22,22,45,False
2016-10-22 23:05:00,16,1,1,"[23:05:00,23:25:00)",6,1,2016-10-22,23,5,False
2016-10-22 23:25:00,22,1,1,"[23:25:00,23:45:00)",6,1,2016-10-22,23,25,False
2016-10-22 23:45:00,35,1,1,"[23:45:00,00:00:00)",6,1,2016-10-22,23,45,False
2016-10-23 00:05:00,68,1,1,"[00:05:00,00:25:00)",7,1,2016-10-23,0,5,False
2016-10-23 00:25:00,47,1,1,"[00:25:00,00:45:00)",7,1,2016-10-23,0,25,False
2016-10-23 00:45:00,27,1,1,"[00:45:00,01:05:00)",7,1,2016-10-23,0,45,False
2016-10-23 01:05:00,9,1,1,"[01:05:00,01:25:00)",7,1,2016-10-23,1,5,False
2016-10-23 01:25:00,8,1,1,"[01:25:00,01:45:00)",7,1,2016-10-23,1,25,False
2016-10-23 01:45:00,7,1,1,"[01:45:00,02:05:00)",7,1,2016-10-23,1,45,False
2016-10-23 02:05:00,8,1,1,"[02:05:00,02:25:00)",7,1,2016-10-23,2,5,False
2016-10-23 02:25:00,6,1,1,"[02:25:00,02:45:00)",7,1,2016-10-23,2,25,False
2016-10-23 02:45:00,5,1,1,"[02:45:00,03:05:00)",7,1,2016-10-23,2,45,False
2016-10-23 03:05:00,9,1,1,"[03:05:00,03:25:00)",7,1,2016-10-23,3,5,False
2016-10-23 03:25:00,11,1,1,"[03:25:00,03:45:00)",7,1,2016-10-23,3,25,False
2016-10-23 03:45:00,12,1,1,"[03:45:00,04:05:00)",7,1,2016-10-23,3,45,False
2016-10-23 04:05:00,14,1,1,"[04:05:00,04:25:00)",7,1,2016-10-23,4,5,False
2016-10-23 04:25:00,20,1,1,"[04:25:00,04:45:00)",7,1,2016-10-23,4,25,False
2016-10-23 04:45:00,26,1,1,"[04:45:00,05:05:00)",7,1,2016-10-23,4,45,False
2016-10-23 05:05:00,22,1,1,"[05:05:00,05:25:00)",7,1,2016-10-23,5,5,False
2016-10-23 05:25:00,30,1,1,"[05:25:00,05:45:00)",7,1,2016-10-23,5,25,False
2016-10-23 05:45:00,27,1,1,"[05:45:00,06:05:00)",7,1,2016-10-23,5,45,False
2016-10-23 06:05:00,29,1,1,"[06:05:00,06:25:00)",7,1,2016-10-23,6,5,False
2016-10-23 06:25:00,48,1,1,"[06:25:00,06:45:00)",7,1,2016-10-23,6,25,False
2016-10-23 06:45:00,35,1,1,"[06:45:00,07:05:00)",7,1,2016-10-23,6,45,False
2016-10-23 07:05:00,47,1,1,"[07:05:00,07:25:00)",7,1,2016-10-23,7,5,False
2016-10-23 07:25:00,40,1,1,"[07:25:00,07:45:00)",7,1,2016-10-23,7,25,False
2016-10-23 07:45:00,63,1,1,"[07:45:00,08:05:00)",7,1,2016-10-23,7,45,False
2016-10-23 08:05:00,63,1,1,"[08:05:00,08:25:00)",7,1,2016-10-23,8,5,False
2016-10-23 08:25:00,74,1,1,"[08:25:00,08:45:00)",7,1,2016-10-23,8,25,False
2016-10-23 08:45:00,80,1,1,"[08:45:00,09:05:00)",7,1,2016-10-23,8,45,False
2016-10-23 09:05:00,82,1,1,"[09:05:00,09:25:00)",7,1,2016-10-23,9,5,False
2016-10-23 09:25:00,112,1,1,"[09:25:00,09:45:00)",7,1,2016-10-23,9,25,False
2016-10-23 09:45:00,79,1,1,"[09:45:00,10:05:00)",7,1,2016-10-23,9,45,False
2016-10-23 10:05:00,96,1,1,"[10:05:00,10:25:00)",7,1,2016-10-23,10,5,False
2016-10-23 10:25:00,76,1,1,"[10:25:00,10:45:00)",7,1,2016-10-23,10,25,False
2016-10-23 10:45:00,84,1,1,"[10:45:00,11:05:00)",7,1,2016-10-23,10,45,False
2016-10-23 11:05:00,81,1,1,"[11:05:00,11:25:00)",7,1,2016-10-23,11,5,False
2016-10-23 11:25:00,86,1,1,"[11:25:00,11:45:00)",7,1,2016-10-23,11,25,False
2016-10-23 11:45:00,68,1,1,"[11:45:00,12:05:00)",7,1,2016-10-23,11,45,False
2016-10-23 12:05:00,95,1,1,"[12:05:00,12:25:00)",7,1,2016-10-23,12,5,False
2016-10-23 12:25:00,83,1,1,"[12:25:00,12:45:00)",7,1,2016-10-23,12,25,False
2016-10-23 12:45:00,108,1,1,"[12:45:00,13:05:00)",7,1,2016-10-23,12,45,False
2016-10-23 13:05:00,100,1,1,"[13:05:00,13:25:00)",7,1,2016-10-23,13,5,False
2016-10-23 13:25:00,82,1,1,"[13:25:00,13:45:00)",7,1,2016-10-23,13,25,False
2016-10-23 13:45:00,92,1,1,"[13:45:00,14:05:00)",7,1,2016-10-23,13,45,False
2016-10-23 14:05:00,122,1,1,"[14:05:00,14:25:00)",7,1,2016-10-23,14,5,False
2016-10-23 14:25:00,106,1,1,"[14:25:00,14:45:00)",7,1,2016-10-23,14,25,False
2016-10-23 14:45:00,110,1,1,"[14:45:00,15:05:00)",7,1,2016-10-23,14,45,False
2016-10-23 15:05:00,105,1,1,"[15:05:00,15:25:00)",7,1,2016-10-23,15,5,False
2016-10-23 15:25:00,134,1,1,"[15:25:00,15:45:00)",7,1,2016-10-23,15,25,False
2016-10-23 15:45:00,103,1,1,"[15:45:00,16:05:00)",7,1,2016-10-23,15,45,False
2016-10-23 16:05:00,100,1,1,"[16:05:00,16:25:00)",7,1,2016-10-23,16,5,False
2016-10-23 16:25:00,113,1,1,"[16:25:00,16:45:00)",7,1,2016-10-23,16,25,False
2016-10-23 16:45:00,111,1,1,"[16:45:00,17:05:00)",7,1,2016-10-23,16,45,False
2016-10-23 17:05:00,111,1,1,"[17:05:00,17:25:00)",7,1,2016-10-23,17,5,False
2016-10-23 17:25:00,107,1,1,"[17:25:00,17:45:00)",7,1,2016-10-23,17,25,False
2016-10-23 17:45:00,100,1,1,"[17:45:00,18:05:00)",7,1,2016-10-23,17,45,False
2016-10-23 18:05:00,71,1,1,"[18:05:00,18:25:00)",7,1,2016-10-23,18,5,False
2016-10-23 18:25:00,88,1,1,"[18:25:00,18:45:00)",7,1,2016-10-23,18,25,False
2016-10-23 18:45:00,49,1,1,"[18:45:00,19:05:00)",7,1,2016-10-23,18,45,False
2016-10-23 19:05:00,52,1,1,"[19:05:00,19:25:00)",7,1,2016-10-23,19,5,False
2016-10-23 19:25:00,46,1,1,"[19:25:00,19:45:00)",7,1,2016-10-23,19,25,False
2016-10-23 19:45:00,48,1,1,"[19:45:00,20:05:00)",7,1,2016-10-23,19,45,False
2016-10-23 20:05:00,39,1,1,"[20:05:00,20:25:00)",7,1,2016-10-23,20,5,False
2016-10-23 20:25:00,52,1,1,"[20:25:00,20:45:00)",7,1,2016-10-23,20,25,False
2016-10-23 20:45:00,42,1,1,"[20:45:00,21:05:00)",7,1,2016-10-23,20,45,False
2016-10-23 21:05:00,38,1,1,"[21:05:00,21:25:00)",7,1,2016-10-23,21,5,False
2016-10-23 21:25:00,27,1,1,"[21:25:00,21:45:00)",7,1,2016-10-23,21,25,False
2016-10-23 21:45:00,24,1,1,"[21:45:00,22:05:00)",7,1,2016-10-23,21,45,False
2016-10-23 22:05:00,18,1,1,"[22:05:00,22:25:00)",7,1,2016-10-23,22,5,False
2016-10-23 22:25:00,12,1,1,"[22:25:00,22:45:00)",7,1,2016-10-23,22,25,False
2016-10-23 22:45:00,18,1,1,"[22:45:00,23:05:00)",7,1,2016-10-23,22,45,False
2016-10-23 23:05:00,11,1,1,"[23:05:00,23:25:00)",7,1,2016-10-23,23,5,False
2016-10-23 23:25:00,16,1,1,"[23:25:00,23:45:00)",7,1,2016-10-23,23,25,False
2016-10-23 23:45:00,46,1,1,"[23:45:00,00:00:00)",7,1,2016-10-23,23,45,False
2016-10-24 00:05:00,146,1,1,"[00:05:00,00:25:00)",1,0,2016-10-24,0,5,False
2016-10-24 00:25:00,40,1,1,"[00:25:00,00:45:00)",1,0,2016-10-24,0,25,False
2016-10-24 00:45:00,29,1,1,"[00:45:00,01:05:00)",1,0,2016-10-24,0,45,False
2016-10-24 01:05:00,6,1,1,"[01:05:00,01:25:00)",1,0,2016-10-24,1,5,False
2016-10-24 01:25:00,10,1,1,"[01:25:00,01:45:00)",1,0,2016-10-24,1,25,False
2016-10-24 01:45:00,7,1,1,"[01:45:00,02:05:00)",1,0,2016-10-24,1,45,False
2016-10-24 02:05:00,8,1,1,"[02:05:00,02:25:00)",1,0,2016-10-24,2,5,False
2016-10-24 02:25:00,4,1,1,"[02:25:00,02:45:00)",1,0,2016-10-24,2,25,False
2016-10-24 02:45:00,7,1,1,"[02:45:00,03:05:00)",1,0,2016-10-24,2,45,False
2016-10-24 03:05:00,8,1,1,"[03:05:00,03:25:00)",1,0,2016-10-24,3,5,False
2016-10-24 03:25:00,13,1,1,"[03:25:00,03:45:00)",1,0,2016-10-24,3,25,False
2016-10-24 03:45:00,23,1,1,"[03:45:00,04:05:00)",1,0,2016-10-24,3,45,False
2016-10-24 04:05:00,12,1,1,"[04:05:00,04:25:00)",1,0,2016-10-24,4,5,False
2016-10-24 04:25:00,19,1,1,"[04:25:00,04:45:00)",1,0,2016-10-24,4,25,False
2016-10-24 04:45:00,23,1,1,"[04:45:00,05:05:00)",1,0,2016-10-24,4,45,False
2016-10-24 05:05:00,26,1,1,"[05:05:00,05:25:00)",1,0,2016-10-24,5,5,False
2016-10-24 05:25:00,35,1,1,"[05:25:00,05:45:00)",1,0,2016-10-24,5,25,False
2016-10-24 05:45:00,42,1,1,"[05:45:00,06:05:00)",1,0,2016-10-24,5,45,False
2016-10-24 06:05:00,29,1,1,"[06:05:00,06:25:00)",1,0,2016-10-24,6,5,False
2016-10-24 06:25:00,60,1,1,"[06:25:00,06:45:00)",1,0,2016-10-24,6,25,False
2016-10-24 06:45:00,64,1,1,"[06:45:00,07:05:00)",1,0,2016-10-24,6,45,False
2016-10-24 07:05:00,86,1,1,"[07:05:00,07:25:00)",1,0,2016-10-24,7,5,False
2016-10-24 07:25:00,119,1,1,"[07:25:00,07:45:00)",1,0,2016-10-24,7,25,False
2016-10-24 07:45:00,131,1,1,"[07:45:00,08:05:00)",1,0,2016-10-24,7,45,False
2016-10-24 08:05:00,137,1,1,"[08:05:00,08:25:00)",1,0,2016-10-24,8,5,False
2016-10-24 08:25:00,156,1,1,"[08:25:00,08:45:00)",1,0,2016-10-24,8,25,False
2016-10-24 08:45:00,123,1,1,"[08:45:00,09:05:00)",1,0,2016-10-24,8,45,False
2016-10-24 09:05:00,130,1,1,"[09:05:00,09:25:00)",1,0,2016-10-24,9,5,False
2016-10-24 09:25:00,115,1,1,"[09:25:00,09:45:00)",1,0,2016-10-24,9,25,False
2016-10-24 09:45:00,82,1,1,"[09:45:00,10:05:00)",1,0,2016-10-24,9,45,False
2016-10-24 10:05:00,60,1,1,"[10:05:00,10:25:00)",1,0,2016-10-24,10,5,False
2016-10-24 10:25:00,103,1,1,"[10:25:00,10:45:00)",1,0,2016-10-24,10,25,False
2016-10-24 10:45:00,105,1,1,"[10:45:00,11:05:00)",1,0,2016-10-24,10,45,False
2016-10-24 11:05:00,71,1,1,"[11:05:00,11:25:00)",1,0,2016-10-24,11,5,False
2016-10-24 11:25:00,75,1,1,"[11:25:00,11:45:00)",1,0,2016-10-24,11,25,False
2016-10-24 11:45:00,79,1,1,"[11:45:00,12:05:00)",1,0,2016-10-24,11,45,False
2016-10-24 12:05:00,80,1,1,"[12:05:00,12:25:00)",1,0,2016-10-24,12,5,False
2016-10-24 12:25:00,85,1,1,"[12:25:00,12:45:00)",1,0,2016-10-24,12,25,False
2016-10-24 12:45:00,75,1,1,"[12:45:00,13:05:00)",1,0,2016-10-24,12,45,False
2016-10-24 13:05:00,100,1,1,"[13:05:00,13:25:00)",1,0,2016-10-24,13,5,False
2016-10-24 13:25:00,128,1,1,"[13:25:00,13:45:00)",1,0,2016-10-24,13,25,False
2016-10-24 13:45:00,85,1,1,"[13:45:00,14:05:00)",1,0,2016-10-24,13,45,False
2016-10-24 14:05:00,88,1,1,"[14:05:00,14:25:00)",1,0,2016-10-24,14,5,False
2016-10-24 14:25:00,101,1,1,"[14:25:00,14:45:00)",1,0,2016-10-24,14,25,False
2016-10-24 14:45:00,83,1,1,"[14:45:00,15:05:00)",1,0,2016-10-24,14,45,False
2016-10-24 15:05:00,72,1,1,"[15:05:00,15:25:00)",1,0,2016-10-24,15,5,False
2016-10-24 15:25:00,96,1,1,"[15:25:00,15:45:00)",1,0,2016-10-24,15,25,False
2016-10-24 15:45:00,98,1,1,"[15:45:00,16:05:00)",1,0,2016-10-24,15,45,False
2016-10-24 16:05:00,100,1,1,"[16:05:00,16:25:00)",1,0,2016-10-24,16,5,False
2016-10-24 16:25:00,107,1,1,"[16:25:00,16:45:00)",1,0,2016-10-24,16,25,False
2016-10-24 16:45:00,101,1,1,"[16:45:00,17:05:00)",1,0,2016-10-24,16,45,False
2016-10-24 17:05:00,117,1,1,"[17:05:00,17:25:00)",1,0,2016-10-24,17,5,False
2016-10-24 17:25:00,104,1,1,"[17:25:00,17:45:00)",1,0,2016-10-24,17,25,False
2016-10-24 17:45:00,118,1,1,"[17:45:00,18:05:00)",1,0,2016-10-24,17,45,False
2016-10-24 18:05:00,78,1,1,"[18:05:00,18:25:00)",1,0,2016-10-24,18,5,False
2016-10-24 18:25:00,87,1,1,"[18:25:00,18:45:00)",1,0,2016-10-24,18,25,False
2016-10-24 18:45:00,64,1,1,"[18:45:00,19:05:00)",1,0,2016-10-24,18,45,False
2016-10-24 19:05:00,65,1,1,"[19:05:00,19:25:00)",1,0,2016-10-24,19,5,False
2016-10-24 19:25:00,37,1,1,"[19:25:00,19:45:00)",1,0,2016-10-24,19,25,False
2016-10-24 19:45:00,48,1,1,"[19:45:00,20:05:00)",1,0,2016-10-24,19,45,False
2016-10-24 20:05:00,33,1,1,"[20:05:00,20:25:00)",1,0,2016-10-24,20,5,False
2016-10-24 20:25:00,44,1,1,"[20:25:00,20:45:00)",1,0,2016-10-24,20,25,False
2016-10-24 20:45:00,33,1,1,"[20:45:00,21:05:00)",1,0,2016-10-24,20,45,False
2016-10-24 21:05:00,22,1,1,"[21:05:00,21:25:00)",1,0,2016-10-24,21,5,False
2016-10-24 21:25:00,22,1,1,"[21:25:00,21:45:00)",1,0,2016-10-24,21,25,False
2016-10-24 21:45:00,28,1,1,"[21:45:00,22:05:00)",1,0,2016-10-24,21,45,False
2016-10-24 22:05:00,24,1,1,"[22:05:00,22:25:00)",1,0,2016-10-24,22,5,False
2016-10-24 22:25:00,19,1,1,"[22:25:00,22:45:00)",1,0,2016-10-24,22,25,False
2016-10-24 22:45:00,15,1,1,"[22:45:00,23:05:00)",1,0,2016-10-24,22,45,False
2016-10-24 23:05:00,15,1,1,"[23:05:00,23:25:00)",1,0,2016-10-24,23,5,False
2016-10-24 23:25:00,17,1,1,"[23:25:00,23:45:00)",1,0,2016-10-24,23,25,False
2016-09-19 00:05:00,166,1,3,"[00:05:00,00:25:00)",1,0,2016-09-19,0,5,False
2016-09-19 00:25:00,114,1,3,"[00:25:00,00:45:00)",1,0,2016-09-19,0,25,False
2016-09-19 00:45:00,57,1,3,"[00:45:00,01:05:00)",1,0,2016-09-19,0,45,False
2016-09-19 01:05:00,8,1,3,"[01:05:00,01:25:00)",1,0,2016-09-19,1,5,False
2016-09-19 01:25:00,1,1,3,"[01:25:00,01:45:00)",1,0,2016-09-19,1,25,False
2016-09-19 01:45:00,6,1,3,"[01:45:00,02:05:00)",1,0,2016-09-19,1,45,False
2016-09-19 02:05:00,4,1,3,"[02:05:00,02:25:00)",1,0,2016-09-19,2,5,False
2016-09-19 02:25:00,3,1,3,"[02:25:00,02:45:00)",1,0,2016-09-19,2,25,False
2016-09-19 02:45:00,3,1,3,"[02:45:00,03:05:00)",1,0,2016-09-19,2,45,False
2016-09-19 03:05:00,3,1,3,"[03:05:00,03:25:00)",1,0,2016-09-19,3,5,False
2016-09-19 03:25:00,6,1,3,"[03:25:00,03:45:00)",1,0,2016-09-19,3,25,False
2016-09-19 03:45:00,6,1,3,"[03:45:00,04:05:00)",1,0,2016-09-19,3,45,False
2016-09-19 04:05:00,5,1,3,"[04:05:00,04:25:00)",1,0,2016-09-19,4,5,False
2016-09-19 04:25:00,6,1,3,"[04:25:00,04:45:00)",1,0,2016-09-19,4,25,False
2016-09-19 04:45:00,7,1,3,"[04:45:00,05:05:00)",1,0,2016-09-19,4,45,False
2016-09-19 05:05:00,7,1,3,"[05:05:00,05:25:00)",1,0,2016-09-19,5,5,False
2016-09-19 05:25:00,9,1,3,"[05:25:00,05:45:00)",1,0,2016-09-19,5,25,False
2016-09-19 05:45:00,19,1,3,"[05:45:00,06:05:00)",1,0,2016-09-19,5,45,False
2016-09-19 06:05:00,28,1,3,"[06:05:00,06:25:00)",1,0,2016-09-19,6,5,False
2016-09-19 06:25:00,44,1,3,"[06:25:00,06:45:00)",1,0,2016-09-19,6,25,False
2016-09-19 06:45:00,69,1,3,"[06:45:00,07:05:00)",1,0,2016-09-19,6,45,False
2016-09-19 07:05:00,65,1,3,"[07:05:00,07:25:00)",1,0,2016-09-19,7,5,False
2016-09-19 07:25:00,75,1,3,"[07:25:00,07:45:00)",1,0,2016-09-19,7,25,False
2016-09-19 07:45:00,110,1,3,"[07:45:00,08:05:00)",1,0,2016-09-19,7,45,False
2016-09-19 08:05:00,132,1,3,"[08:05:00,08:25:00)",1,0,2016-09-19,8,5,False
2016-09-19 08:25:00,162,1,3,"[08:25:00,08:45:00)",1,0,2016-09-19,8,25,False
2016-09-19 08:45:00,158,1,3,"[08:45:00,09:05:00)",1,0,2016-09-19,8,45,False
2016-09-19 09:05:00,146,1,3,"[09:05:00,09:25:00)",1,0,2016-09-19,9,5,False
2016-09-19 09:25:00,118,1,3,"[09:25:00,09:45:00)",1,0,2016-09-19,9,25,False
2016-09-19 09:45:00,119,1,3,"[09:45:00,10:05:00)",1,0,2016-09-19,9,45,False
2016-09-19 10:05:00,110,1,3,"[10:05:00,10:25:00)",1,0,2016-09-19,10,5,False
2016-09-19 10:25:00,89,1,3,"[10:25:00,10:45:00)",1,0,2016-09-19,10,25,False
2016-09-19 10:45:00,81,1,3,"[10:45:00,11:05:00)",1,0,2016-09-19,10,45,False
2016-09-19 11:05:00,72,1,3,"[11:05:00,11:25:00)",1,0,2016-09-19,11,5,False
2016-09-19 11:25:00,81,1,3,"[11:25:00,11:45:00)",1,0,2016-09-19,11,25,False
2016-09-19 11:45:00,77,1,3,"[11:45:00,12:05:00)",1,0,2016-09-19,11,45,False
2016-09-19 12:05:00,95,1,3,"[12:05:00,12:25:00)",1,0,2016-09-19,12,5,False
2016-09-19 12:25:00,75,1,3,"[12:25:00,12:45:00)",1,0,2016-09-19,12,25,False
2016-09-19 12:45:00,100,1,3,"[12:45:00,13:05:00)",1,0,2016-09-19,12,45,False
2016-09-19 13:05:00,87,1,3,"[13:05:00,13:25:00)",1,0,2016-09-19,13,5,False
2016-09-19 13:25:00,113,1,3,"[13:25:00,13:45:00)",1,0,2016-09-19,13,25,False
2016-09-19 13:45:00,101,1,3,"[13:45:00,14:05:00)",1,0,2016-09-19,13,45,False
2016-09-19 14:05:00,93,1,3,"[14:05:00,14:25:00)",1,0,2016-09-19,14,5,False
2016-09-19 14:25:00,94,1,3,"[14:25:00,14:45:00)",1,0,2016-09-19,14,25,False
2016-09-19 14:45:00,90,1,3,"[14:45:00,15:05:00)",1,0,2016-09-19,14,45,False
2016-09-19 15:05:00,88,1,3,"[15:05:00,15:25:00)",1,0,2016-09-19,15,5,False
2016-09-19 15:25:00,85,1,3,"[15:25:00,15:45:00)",1,0,2016-09-19,15,25,False
2016-09-19 15:45:00,93,1,3,"[15:45:00,16:05:00)",1,0,2016-09-19,15,45,False
2016-09-19 16:05:00,89,1,3,"[16:05:00,16:25:00)",1,0,2016-09-19,16,5,False
2016-09-19 16:25:00,107,1,3,"[16:25:00,16:45:00)",1,0,2016-09-19,16,25,False
2016-09-19 16:45:00,97,1,3,"[16:45:00,17:05:00)",1,0,2016-09-19,16,45,False
2016-09-19 17:05:00,87,1,3,"[17:05:00,17:25:00)",1,0,2016-09-19,17,5,False
2016-09-19 17:25:00,90,1,3,"[17:25:00,17:45:00)",1,0,2016-09-19,17,25,False
2016-09-19 17:45:00,88,1,3,"[17:45:00,18:05:00)",1,0,2016-09-19,17,45,False
2016-09-19 18:05:00,74,1,3,"[18:05:00,18:25:00)",1,0,2016-09-19,18,5,False
2016-09-19 18:25:00,67,1,3,"[18:25:00,18:45:00)",1,0,2016-09-19,18,25,False
2016-09-19 18:45:00,76,1,3,"[18:45:00,19:05:00)",1,0,2016-09-19,18,45,False
2016-09-19 19:05:00,52,1,3,"[19:05:00,19:25:00)",1,0,2016-09-19,19,5,False
2016-09-19 19:25:00,40,1,3,"[19:25:00,19:45:00)",1,0,2016-09-19,19,25,False
2016-09-19 19:45:00,40,1,3,"[19:45:00,20:05:00)",1,0,2016-09-19,19,45,False
2016-09-19 20:05:00,36,1,3,"[20:05:00,20:25:00)",1,0,2016-09-19,20,5,False
2016-09-19 20:25:00,41,1,3,"[20:25:00,20:45:00)",1,0,2016-09-19,20,25,False
2016-09-19 20:45:00,37,1,3,"[20:45:00,21:05:00)",1,0,2016-09-19,20,45,False
2016-09-19 21:05:00,35,1,3,"[21:05:00,21:25:00)",1,0,2016-09-19,21,5,False
2016-09-19 21:25:00,37,1,3,"[21:25:00,21:45:00)",1,0,2016-09-19,21,25,False
2016-09-19 21:45:00,28,1,3,"[21:45:00,22:05:00)",1,0,2016-09-19,21,45,False
2016-09-19 22:05:00,14,1,3,"[22:05:00,22:25:00)",1,0,2016-09-19,22,5,False
2016-09-19 22:25:00,16,1,3,"[22:25:00,22:45:00)",1,0,2016-09-19,22,25,False
2016-09-19 22:45:00,16,1,3,"[22:45:00,23:05:00)",1,0,2016-09-19,22,45,False
2016-09-19 23:05:00,8,1,3,"[23:05:00,23:25:00)",1,0,2016-09-19,23,5,False
2016-09-19 23:25:00,10,1,3,"[23:25:00,23:45:00)",1,0,2016-09-19,23,25,False
2016-09-19 23:45:00,75,1,3,"[23:45:00,00:00:00)",1,0,2016-09-19,23,45,False
2016-09-20 00:05:00,211,1,3,"[00:05:00,00:25:00)",2,0,2016-09-20,0,5,False
2016-09-20 00:25:00,141,1,3,"[00:25:00,00:45:00)",2,0,2016-09-20,0,25,False
2016-09-20 00:45:00,62,1,3,"[00:45:00,01:05:00)",2,0,2016-09-20,0,45,False
2016-09-20 01:05:00,12,1,3,"[01:05:00,01:25:00)",2,0,2016-09-20,1,5,False
2016-09-20 01:25:00,6,1,3,"[01:25:00,01:45:00)",2,0,2016-09-20,1,25,False
2016-09-20 01:45:00,4,1,3,"[01:45:00,02:05:00)",2,0,2016-09-20,1,45,False
2016-09-20 02:05:00,3,1,3,"[02:05:00,02:25:00)",2,0,2016-09-20,2,5,False
2016-09-20 02:25:00,5,1,3,"[02:25:00,02:45:00)",2,0,2016-09-20,2,25,False
2016-09-20 02:45:00,7,1,3,"[02:45:00,03:05:00)",2,0,2016-09-20,2,45,False
2016-09-20 03:05:00,8,1,3,"[03:05:00,03:25:00)",2,0,2016-09-20,3,5,False
2016-09-20 03:25:00,3,1,3,"[03:25:00,03:45:00)",2,0,2016-09-20,3,25,False
2016-09-20 03:45:00,4,1,3,"[03:45:00,04:05:00)",2,0,2016-09-20,3,45,False
2016-09-20 04:05:00,9,1,3,"[04:05:00,04:25:00)",2,0,2016-09-20,4,5,False
2016-09-20 04:25:00,4,1,3,"[04:25:00,04:45:00)",2,0,2016-09-20,4,25,False
2016-09-20 04:45:00,7,1,3,"[04:45:00,05:05:00)",2,0,2016-09-20,4,45,False
2016-09-20 05:05:00,12,1,3,"[05:05:00,05:25:00)",2,0,2016-09-20,5,5,False
2016-09-20 05:25:00,14,1,3,"[05:25:00,05:45:00)",2,0,2016-09-20,5,25,False
2016-09-20 05:45:00,17,1,3,"[05:45:00,06:05:00)",2,0,2016-09-20,5,45,False
2016-09-20 06:05:00,31,1,3,"[06:05:00,06:25:00)",2,0,2016-09-20,6,5,False
2016-09-20 06:25:00,47,1,3,"[06:25:00,06:45:00)",2,0,2016-09-20,6,25,False
2016-09-20 06:45:00,63,1,3,"[06:45:00,07:05:00)",2,0,2016-09-20,6,45,False
2016-09-20 07:05:00,88,1,3,"[07:05:00,07:25:00)",2,0,2016-09-20,7,5,False
2016-09-20 07:25:00,107,1,3,"[07:25:00,07:45:00)",2,0,2016-09-20,7,25,False
2016-09-20 07:45:00,134,1,3,"[07:45:00,08:05:00)",2,0,2016-09-20,7,45,False
2016-09-20 08:05:00,168,1,3,"[08:05:00,08:25:00)",2,0,2016-09-20,8,5,False
2016-09-20 08:25:00,210,1,3,"[08:25:00,08:45:00)",2,0,2016-09-20,8,25,False
2016-09-20 08:45:00,204,1,3,"[08:45:00,09:05:00)",2,0,2016-09-20,8,45,False
2016-09-20 09:05:00,200,1,3,"[09:05:00,09:25:00)",2,0,2016-09-20,9,5,False
2016-09-20 09:25:00,213,1,3,"[09:25:00,09:45:00)",2,0,2016-09-20,9,25,False
2016-09-20 09:45:00,145,1,3,"[09:45:00,10:05:00)",2,0,2016-09-20,9,45,False
2016-09-20 10:05:00,92,1,3,"[10:05:00,10:25:00)",2,0,2016-09-20,10,5,False
2016-09-20 10:25:00,87,1,3,"[10:25:00,10:45:00)",2,0,2016-09-20,10,25,False
2016-09-20 10:45:00,78,1,3,"[10:45:00,11:05:00)",2,0,2016-09-20,10,45,False
2016-09-20 11:05:00,73,1,3,"[11:05:00,11:25:00)",2,0,2016-09-20,11,5,False
2016-09-20 11:25:00,84,1,3,"[11:25:00,11:45:00)",2,0,2016-09-20,11,25,False
2016-09-20 11:45:00,88,1,3,"[11:45:00,12:05:00)",2,0,2016-09-20,11,45,False
2016-09-20 12:05:00,101,1,3,"[12:05:00,12:25:00)",2,0,2016-09-20,12,5,False
2016-09-20 12:25:00,83,1,3,"[12:25:00,12:45:00)",2,0,2016-09-20,12,25,False
2016-09-20 12:45:00,96,1,3,"[12:45:00,13:05:00)",2,0,2016-09-20,12,45,False
2016-09-20 13:05:00,88,1,3,"[13:05:00,13:25:00)",2,0,2016-09-20,13,5,False
2016-09-20 13:25:00,92,1,3,"[13:25:00,13:45:00)",2,0,2016-09-20,13,25,False
2016-09-20 13:45:00,99,1,3,"[13:45:00,14:05:00)",2,0,2016-09-20,13,45,False
2016-09-20 14:05:00,101,1,3,"[14:05:00,14:25:00)",2,0,2016-09-20,14,5,False
2016-09-20 14:25:00,87,1,3,"[14:25:00,14:45:00)",2,0,2016-09-20,14,25,False
2016-09-20 14:45:00,88,1,3,"[14:45:00,15:05:00)",2,0,2016-09-20,14,45,False
2016-09-20 15:05:00,70,1,3,"[15:05:00,15:25:00)",2,0,2016-09-20,15,5,False
2016-09-20 15:25:00,80,1,3,"[15:25:00,15:45:00)",2,0,2016-09-20,15,25,False
2016-09-20 15:45:00,88,1,3,"[15:45:00,16:05:00)",2,0,2016-09-20,15,45,False
2016-09-20 16:05:00,83,1,3,"[16:05:00,16:25:00)",2,0,2016-09-20,16,5,False
2016-09-20 16:25:00,102,1,3,"[16:25:00,16:45:00)",2,0,2016-09-20,16,25,False
2016-09-20 16:45:00,93,1,3,"[16:45:00,17:05:00)",2,0,2016-09-20,16,45,False
2016-09-20 17:05:00,81,1,3,"[17:05:00,17:25:00)",2,0,2016-09-20,17,5,False
2016-09-20 17:25:00,83,1,3,"[17:25:00,17:45:00)",2,0,2016-09-20,17,25,False
2016-09-20 17:45:00,108,1,3,"[17:45:00,18:05:00)",2,0,2016-09-20,17,45,False
2016-09-20 18:05:00,89,1,3,"[18:05:00,18:25:00)",2,0,2016-09-20,18,5,False
2016-09-20 18:25:00,88,1,3,"[18:25:00,18:45:00)",2,0,2016-09-20,18,25,False
2016-09-20 18:45:00,76,1,3,"[18:45:00,19:05:00)",2,0,2016-09-20,18,45,False
2016-09-20 19:05:00,52,1,3,"[19:05:00,19:25:00)",2,0,2016-09-20,19,5,False
2016-09-20 19:25:00,49,1,3,"[19:25:00,19:45:00)",2,0,2016-09-20,19,25,False
2016-09-20 19:45:00,56,1,3,"[19:45:00,20:05:00)",2,0,2016-09-20,19,45,False
2016-09-20 20:05:00,56,1,3,"[20:05:00,20:25:00)",2,0,2016-09-20,20,5,False
2016-09-20 20:25:00,50,1,3,"[20:25:00,20:45:00)",2,0,2016-09-20,20,25,False
2016-09-20 20:45:00,43,1,3,"[20:45:00,21:05:00)",2,0,2016-09-20,20,45,False
2016-09-20 21:05:00,34,1,3,"[21:05:00,21:25:00)",2,0,2016-09-20,21,5,False
2016-09-20 21:25:00,52,1,3,"[21:25:00,21:45:00)",2,0,2016-09-20,21,25,False
2016-09-20 21:45:00,23,1,3,"[21:45:00,22:05:00)",2,0,2016-09-20,21,45,False
2016-09-20 22:05:00,26,1,3,"[22:05:00,22:25:00)",2,0,2016-09-20,22,5,False
2016-09-20 22:25:00,33,1,3,"[22:25:00,22:45:00)",2,0,2016-09-20,22,25,False
2016-09-20 22:45:00,28,1,3,"[22:45:00,23:05:00)",2,0,2016-09-20,22,45,False
2016-09-20 23:05:00,18,1,3,"[23:05:00,23:25:00)",2,0,2016-09-20,23,5,False
2016-09-20 23:25:00,15,1,3,"[23:25:00,23:45:00)",2,0,2016-09-20,23,25,False
2016-09-20 23:45:00,33,1,3,"[23:45:00,00:00:00)",2,0,2016-09-20,23,45,False
2016-09-21 00:05:00,131,1,3,"[00:05:00,00:25:00)",3,0,2016-09-21,0,5,False
2016-09-21 00:25:00,99,1,3,"[00:25:00,00:45:00)",3,0,2016-09-21,0,25,False
2016-09-21 00:45:00,41,1,3,"[00:45:00,01:05:00)",3,0,2016-09-21,0,45,False
2016-09-21 01:05:00,8,1,3,"[01:05:00,01:25:00)",3,0,2016-09-21,1,5,False
2016-09-21 01:25:00,7,1,3,"[01:25:00,01:45:00)",3,0,2016-09-21,1,25,False
2016-09-21 01:45:00,5,1,3,"[01:45:00,02:05:00)",3,0,2016-09-21,1,45,False
2016-09-21 02:05:00,7,1,3,"[02:05:00,02:25:00)",3,0,2016-09-21,2,5,False
2016-09-21 02:25:00,6,1,3,"[02:25:00,02:45:00)",3,0,2016-09-21,2,25,False
2016-09-21 02:45:00,2,1,3,"[02:45:00,03:05:00)",3,0,2016-09-21,2,45,False
2016-09-21 03:05:00,4,1,3,"[03:05:00,03:25:00)",3,0,2016-09-21,3,5,False
2016-09-21 03:25:00,3,1,3,"[03:25:00,03:45:00)",3,0,2016-09-21,3,25,False
2016-09-21 03:45:00,7,1,3,"[03:45:00,04:05:00)",3,0,2016-09-21,3,45,False
2016-09-21 04:05:00,3,1,3,"[04:05:00,04:25:00)",3,0,2016-09-21,4,5,False
2016-09-21 04:25:00,3,1,3,"[04:25:00,04:45:00)",3,0,2016-09-21,4,25,False
2016-09-21 04:45:00,5,1,3,"[04:45:00,05:05:00)",3,0,2016-09-21,4,45,False
2016-09-21 05:05:00,5,1,3,"[05:05:00,05:25:00)",3,0,2016-09-21,5,5,False
2016-09-21 05:25:00,14,1,3,"[05:25:00,05:45:00)",3,0,2016-09-21,5,25,False
2016-09-21 05:45:00,11,1,3,"[05:45:00,06:05:00)",3,0,2016-09-21,5,45,False
2016-09-21 06:05:00,29,1,3,"[06:05:00,06:25:00)",3,0,2016-09-21,6,5,False
2016-09-21 06:25:00,36,1,3,"[06:25:00,06:45:00)",3,0,2016-09-21,6,25,False
2016-09-21 06:45:00,51,1,3,"[06:45:00,07:05:00)",3,0,2016-09-21,6,45,False
2016-09-21 07:05:00,71,1,3,"[07:05:00,07:25:00)",3,0,2016-09-21,7,5,False
2016-09-21 07:25:00,86,1,3,"[07:25:00,07:45:00)",3,0,2016-09-21,7,25,False
2016-09-21 07:45:00,97,1,3,"[07:45:00,08:05:00)",3,0,2016-09-21,7,45,False
2016-09-21 08:05:00,134,1,3,"[08:05:00,08:25:00)",3,0,2016-09-21,8,5,False
2016-09-21 08:25:00,119,1,3,"[08:25:00,08:45:00)",3,0,2016-09-21,8,25,False
2016-09-21 08:45:00,159,1,3,"[08:45:00,09:05:00)",3,0,2016-09-21,8,45,False
2016-09-21 09:05:00,111,1,3,"[09:05:00,09:25:00)",3,0,2016-09-21,9,5,False
2016-09-21 09:25:00,81,1,3,"[09:25:00,09:45:00)",3,0,2016-09-21,9,25,False
2016-09-21 09:45:00,71,1,3,"[09:45:00,10:05:00)",3,0,2016-09-21,9,45,False
2016-09-21 10:05:00,85,1,3,"[10:05:00,10:25:00)",3,0,2016-09-21,10,5,False
2016-09-21 10:25:00,79,1,3,"[10:25:00,10:45:00)",3,0,2016-09-21,10,25,False
2016-09-21 10:45:00,80,1,3,"[10:45:00,11:05:00)",3,0,2016-09-21,10,45,False
2016-09-21 11:05:00,79,1,3,"[11:05:00,11:25:00)",3,0,2016-09-21,11,5,False
2016-09-21 11:25:00,72,1,3,"[11:25:00,11:45:00)",3,0,2016-09-21,11,25,False
2016-09-21 11:45:00,77,1,3,"[11:45:00,12:05:00)",3,0,2016-09-21,11,45,False
2016-09-21 12:05:00,89,1,3,"[12:05:00,12:25:00)",3,0,2016-09-21,12,5,False
2016-09-21 12:25:00,86,1,3,"[12:25:00,12:45:00)",3,0,2016-09-21,12,25,False
2016-09-21 12:45:00,96,1,3,"[12:45:00,13:05:00)",3,0,2016-09-21,12,45,False
2016-09-21 13:05:00,108,1,3,"[13:05:00,13:25:00)",3,0,2016-09-21,13,5,False
2016-09-21 13:25:00,106,1,3,"[13:25:00,13:45:00)",3,0,2016-09-21,13,25,False
2016-09-21 13:45:00,97,1,3,"[13:45:00,14:05:00)",3,0,2016-09-21,13,45,False
2016-09-21 14:05:00,78,1,3,"[14:05:00,14:25:00)",3,0,2016-09-21,14,5,False
2016-09-21 14:25:00,105,1,3,"[14:25:00,14:45:00)",3,0,2016-09-21,14,25,False
2016-09-21 14:45:00,89,1,3,"[14:45:00,15:05:00)",3,0,2016-09-21,14,45,False
2016-09-21 15:05:00,102,1,3,"[15:05:00,15:25:00)",3,0,2016-09-21,15,5,False
2016-09-21 15:25:00,99,1,3,"[15:25:00,15:45:00)",3,0,2016-09-21,15,25,False
2016-09-21 15:45:00,97,1,3,"[15:45:00,16:05:00)",3,0,2016-09-21,15,45,False
2016-09-21 16:05:00,101,1,3,"[16:05:00,16:25:00)",3,0,2016-09-21,16,5,False
2016-09-21 16:25:00,77,1,3,"[16:25:00,16:45:00)",3,0,2016-09-21,16,25,False
2016-09-21 16:45:00,102,1,3,"[16:45:00,17:05:00)",3,0,2016-09-21,16,45,False
2016-09-21 17:05:00,83,1,3,"[17:05:00,17:25:00)",3,0,2016-09-21,17,5,False
2016-09-21 17:25:00,89,1,3,"[17:25:00,17:45:00)",3,0,2016-09-21,17,25,False
2016-09-21 17:45:00,88,1,3,"[17:45:00,18:05:00)",3,0,2016-09-21,17,45,False
2016-09-21 18:05:00,67,1,3,"[18:05:00,18:25:00)",3,0,2016-09-21,18,5,False
2016-09-21 18:25:00,71,1,3,"[18:25:00,18:45:00)",3,0,2016-09-21,18,25,False
2016-09-21 18:45:00,72,1,3,"[18:45:00,19:05:00)",3,0,2016-09-21,18,45,False
2016-09-21 19:05:00,53,1,3,"[19:05:00,19:25:00)",3,0,2016-09-21,19,5,False
2016-09-21 19:25:00,57,1,3,"[19:25:00,19:45:00)",3,0,2016-09-21,19,25,False
2016-09-21 19:45:00,38,1,3,"[19:45:00,20:05:00)",3,0,2016-09-21,19,45,False
2016-09-21 20:05:00,47,1,3,"[20:05:00,20:25:00)",3,0,2016-09-21,20,5,False
2016-09-21 20:25:00,40,1,3,"[20:25:00,20:45:00)",3,0,2016-09-21,20,25,False
2016-09-21 20:45:00,36,1,3,"[20:45:00,21:05:00)",3,0,2016-09-21,20,45,False
2016-09-21 21:05:00,45,1,3,"[21:05:00,21:25:00)",3,0,2016-09-21,21,5,False
2016-09-21 21:25:00,41,1,3,"[21:25:00,21:45:00)",3,0,2016-09-21,21,25,False
2016-09-21 21:45:00,23,1,3,"[21:45:00,22:05:00)",3,0,2016-09-21,21,45,False
2016-09-21 22:05:00,19,1,3,"[22:05:00,22:25:00)",3,0,2016-09-21,22,5,False
2016-09-21 22:25:00,18,1,3,"[22:25:00,22:45:00)",3,0,2016-09-21,22,25,False
2016-09-21 22:45:00,24,1,3,"[22:45:00,23:05:00)",3,0,2016-09-21,22,45,False
2016-09-21 23:05:00,16,1,3,"[23:05:00,23:25:00)",3,0,2016-09-21,23,5,False
2016-09-21 23:25:00,15,1,3,"[23:25:00,23:45:00)",3,0,2016-09-21,23,25,False
2016-09-21 23:45:00,52,1,3,"[23:45:00,00:00:00)",3,0,2016-09-21,23,45,False
2016-09-22 00:05:00,130,1,3,"[00:05:00,00:25:00)",4,0,2016-09-22,0,5,False
2016-09-22 00:25:00,96,1,3,"[00:25:00,00:45:00)",4,0,2016-09-22,0,25,False
2016-09-22 00:45:00,53,1,3,"[00:45:00,01:05:00)",4,0,2016-09-22,0,45,False
2016-09-22 01:05:00,6,1,3,"[01:05:00,01:25:00)",4,0,2016-09-22,1,5,False
2016-09-22 01:25:00,8,1,3,"[01:25:00,01:45:00)",4,0,2016-09-22,1,25,False
2016-09-22 01:45:00,4,1,3,"[01:45:00,02:05:00)",4,0,2016-09-22,1,45,False
2016-09-22 02:05:00,4,1,3,"[02:05:00,02:25:00)",4,0,2016-09-22,2,5,False
2016-09-22 02:25:00,7,1,3,"[02:25:00,02:45:00)",4,0,2016-09-22,2,25,False
2016-09-22 02:45:00,7,1,3,"[02:45:00,03:05:00)",4,0,2016-09-22,2,45,False
2016-09-22 03:05:00,5,1,3,"[03:05:00,03:25:00)",4,0,2016-09-22,3,5,False
2016-09-22 03:25:00,1,1,3,"[03:25:00,03:45:00)",4,0,2016-09-22,3,25,False
2016-09-22 03:45:00,3,1,3,"[03:45:00,04:05:00)",4,0,2016-09-22,3,45,False
2016-09-22 04:05:00,8,1,3,"[04:05:00,04:25:00)",4,0,2016-09-22,4,5,False
2016-09-22 04:25:00,7,1,3,"[04:25:00,04:45:00)",4,0,2016-09-22,4,25,False
2016-09-22 04:45:00,5,1,3,"[04:45:00,05:05:00)",4,0,2016-09-22,4,45,False
2016-09-22 05:05:00,16,1,3,"[05:05:00,05:25:00)",4,0,2016-09-22,5,5,False
2016-09-22 05:25:00,6,1,3,"[05:25:00,05:45:00)",4,0,2016-09-22,5,25,False
2016-09-22 05:45:00,16,1,3,"[05:45:00,06:05:00)",4,0,2016-09-22,5,45,False
2016-09-22 06:05:00,31,1,3,"[06:05:00,06:25:00)",4,0,2016-09-22,6,5,False
2016-09-22 06:25:00,38,1,3,"[06:25:00,06:45:00)",4,0,2016-09-22,6,25,False
2016-09-22 06:45:00,51,1,3,"[06:45:00,07:05:00)",4,0,2016-09-22,6,45,False
2016-09-22 07:05:00,76,1,3,"[07:05:00,07:25:00)",4,0,2016-09-22,7,5,False
2016-09-22 07:25:00,88,1,3,"[07:25:00,07:45:00)",4,0,2016-09-22,7,25,False
2016-09-22 07:45:00,95,1,3,"[07:45:00,08:05:00)",4,0,2016-09-22,7,45,False
2016-09-22 08:05:00,127,1,3,"[08:05:00,08:25:00)",4,0,2016-09-22,8,5,False
2016-09-22 08:25:00,129,1,3,"[08:25:00,08:45:00)",4,0,2016-09-22,8,25,False
2016-09-22 08:45:00,138,1,3,"[08:45:00,09:05:00)",4,0,2016-09-22,8,45,False
2016-09-22 09:05:00,114,1,3,"[09:05:00,09:25:00)",4,0,2016-09-22,9,5,False
2016-09-22 09:25:00,106,1,3,"[09:25:00,09:45:00)",4,0,2016-09-22,9,25,False
2016-09-22 09:45:00,90,1,3,"[09:45:00,10:05:00)",4,0,2016-09-22,9,45,False
2016-09-22 10:05:00,81,1,3,"[10:05:00,10:25:00)",4,0,2016-09-22,10,5,False
2016-09-22 10:25:00,97,1,3,"[10:25:00,10:45:00)",4,0,2016-09-22,10,25,False
2016-09-22 10:45:00,98,1,3,"[10:45:00,11:05:00)",4,0,2016-09-22,10,45,False
2016-09-22 11:05:00,58,1,3,"[11:05:00,11:25:00)",4,0,2016-09-22,11,5,False
2016-09-22 11:25:00,70,1,3,"[11:25:00,11:45:00)",4,0,2016-09-22,11,25,False
2016-09-22 11:45:00,70,1,3,"[11:45:00,12:05:00)",4,0,2016-09-22,11,45,False
2016-09-22 12:05:00,88,1,3,"[12:05:00,12:25:00)",4,0,2016-09-22,12,5,False
2016-09-22 12:25:00,115,1,3,"[12:25:00,12:45:00)",4,0,2016-09-22,12,25,False
2016-09-22 12:45:00,80,1,3,"[12:45:00,13:05:00)",4,0,2016-09-22,12,45,False
2016-09-22 13:05:00,79,1,3,"[13:05:00,13:25:00)",4,0,2016-09-22,13,5,False
2016-09-22 13:25:00,103,1,3,"[13:25:00,13:45:00)",4,0,2016-09-22,13,25,False
2016-09-22 13:45:00,113,1,3,"[13:45:00,14:05:00)",4,0,2016-09-22,13,45,False
2016-09-22 14:05:00,82,1,3,"[14:05:00,14:25:00)",4,0,2016-09-22,14,5,False
2016-09-22 14:25:00,81,1,3,"[14:25:00,14:45:00)",4,0,2016-09-22,14,25,False
2016-09-22 14:45:00,106,1,3,"[14:45:00,15:05:00)",4,0,2016-09-22,14,45,False
2016-09-22 15:05:00,92,1,3,"[15:05:00,15:25:00)",4,0,2016-09-22,15,5,False
2016-09-22 15:25:00,92,1,3,"[15:25:00,15:45:00)",4,0,2016-09-22,15,25,False
2016-09-22 15:45:00,92,1,3,"[15:45:00,16:05:00)",4,0,2016-09-22,15,45,False
2016-09-22 16:05:00,82,1,3,"[16:05:00,16:25:00)",4,0,2016-09-22,16,5,False
2016-09-22 16:25:00,92,1,3,"[16:25:00,16:45:00)",4,0,2016-09-22,16,25,False
2016-09-22 16:45:00,77,1,3,"[16:45:00,17:05:00)",4,0,2016-09-22,16,45,False
2016-09-22 17:05:00,84,1,3,"[17:05:00,17:25:00)",4,0,2016-09-22,17,5,False
2016-09-22 17:25:00,80,1,3,"[17:25:00,17:45:00)",4,0,2016-09-22,17,25,False
2016-09-22 17:45:00,74,1,3,"[17:45:00,18:05:00)",4,0,2016-09-22,17,45,False
2016-09-22 18:05:00,48,1,3,"[18:05:00,18:25:00)",4,0,2016-09-22,18,5,False
2016-09-22 18:25:00,80,1,3,"[18:25:00,18:45:00)",4,0,2016-09-22,18,25,False
2016-09-22 18:45:00,72,1,3,"[18:45:00,19:05:00)",4,0,2016-09-22,18,45,False
2016-09-22 19:05:00,66,1,3,"[19:05:00,19:25:00)",4,0,2016-09-22,19,5,False
2016-09-22 19:25:00,63,1,3,"[19:25:00,19:45:00)",4,0,2016-09-22,19,25,False
2016-09-22 19:45:00,46,1,3,"[19:45:00,20:05:00)",4,0,2016-09-22,19,45,False
2016-09-22 20:05:00,44,1,3,"[20:05:00,20:25:00)",4,0,2016-09-22,20,5,False
2016-09-22 20:25:00,34,1,3,"[20:25:00,20:45:00)",4,0,2016-09-22,20,25,False
2016-09-22 20:45:00,41,1,3,"[20:45:00,21:05:00)",4,0,2016-09-22,20,45,False
2016-09-22 21:05:00,32,1,3,"[21:05:00,21:25:00)",4,0,2016-09-22,21,5,False
2016-09-22 21:25:00,43,1,3,"[21:25:00,21:45:00)",4,0,2016-09-22,21,25,False
2016-09-22 21:45:00,36,1,3,"[21:45:00,22:05:00)",4,0,2016-09-22,21,45,False
2016-09-22 22:05:00,24,1,3,"[22:05:00,22:25:00)",4,0,2016-09-22,22,5,False
2016-09-22 22:25:00,14,1,3,"[22:25:00,22:45:00)",4,0,2016-09-22,22,25,False
2016-09-22 22:45:00,20,1,3,"[22:45:00,23:05:00)",4,0,2016-09-22,22,45,False
2016-09-22 23:05:00,13,1,3,"[23:05:00,23:25:00)",4,0,2016-09-22,23,5,False
2016-09-22 23:25:00,15,1,3,"[23:25:00,23:45:00)",4,0,2016-09-22,23,25,False
2016-09-22 23:45:00,53,1,3,"[23:45:00,00:00:00)",4,0,2016-09-22,23,45,False
2016-09-23 00:05:00,118,1,3,"[00:05:00,00:25:00)",5,0,2016-09-23,0,5,False
2016-09-23 00:25:00,90,1,3,"[00:25:00,00:45:00)",5,0,2016-09-23,0,25,False
2016-09-23 00:45:00,58,1,3,"[00:45:00,01:05:00)",5,0,2016-09-23,0,45,False
2016-09-23 01:05:00,8,1,3,"[01:05:00,01:25:00)",5,0,2016-09-23,1,5,False
2016-09-23 01:25:00,6,1,3,"[01:25:00,01:45:00)",5,0,2016-09-23,1,25,False
2016-09-23 01:45:00,6,1,3,"[01:45:00,02:05:00)",5,0,2016-09-23,1,45,False
2016-09-23 02:05:00,7,1,3,"[02:05:00,02:25:00)",5,0,2016-09-23,2,5,False
2016-09-23 02:25:00,1,1,3,"[02:25:00,02:45:00)",5,0,2016-09-23,2,25,False
2016-09-23 02:45:00,5,1,3,"[02:45:00,03:05:00)",5,0,2016-09-23,2,45,False
2016-09-23 03:05:00,9,1,3,"[03:05:00,03:25:00)",5,0,2016-09-23,3,5,False
2016-09-23 03:25:00,8,1,3,"[03:25:00,03:45:00)",5,0,2016-09-23,3,25,False
2016-09-23 03:45:00,8,1,3,"[03:45:00,04:05:00)",5,0,2016-09-23,3,45,False
2016-09-23 04:05:00,3,1,3,"[04:05:00,04:25:00)",5,0,2016-09-23,4,5,False
2016-09-23 04:25:00,3,1,3,"[04:25:00,04:45:00)",5,0,2016-09-23,4,25,False
2016-09-23 04:45:00,5,1,3,"[04:45:00,05:05:00)",5,0,2016-09-23,4,45,False
2016-09-23 05:05:00,11,1,3,"[05:05:00,05:25:00)",5,0,2016-09-23,5,5,False
2016-09-23 05:25:00,11,1,3,"[05:25:00,05:45:00)",5,0,2016-09-23,5,25,False
2016-09-23 05:45:00,23,1,3,"[05:45:00,06:05:00)",5,0,2016-09-23,5,45,False
2016-09-23 06:05:00,34,1,3,"[06:05:00,06:25:00)",5,0,2016-09-23,6,5,False
2016-09-23 06:25:00,42,1,3,"[06:25:00,06:45:00)",5,0,2016-09-23,6,25,False
2016-09-23 06:45:00,56,1,3,"[06:45:00,07:05:00)",5,0,2016-09-23,6,45,False
2016-09-23 07:05:00,68,1,3,"[07:05:00,07:25:00)",5,0,2016-09-23,7,5,False
2016-09-23 07:25:00,96,1,3,"[07:25:00,07:45:00)",5,0,2016-09-23,7,25,False
2016-09-23 07:45:00,92,1,3,"[07:45:00,08:05:00)",5,0,2016-09-23,7,45,False
2016-09-23 08:05:00,132,1,3,"[08:05:00,08:25:00)",5,0,2016-09-23,8,5,False
2016-09-23 08:25:00,130,1,3,"[08:25:00,08:45:00)",5,0,2016-09-23,8,25,False
2016-09-23 08:45:00,157,1,3,"[08:45:00,09:05:00)",5,0,2016-09-23,8,45,False
2016-09-23 09:05:00,134,1,3,"[09:05:00,09:25:00)",5,0,2016-09-23,9,5,False
2016-09-23 09:25:00,130,1,3,"[09:25:00,09:45:00)",5,0,2016-09-23,9,25,False
2016-09-23 09:45:00,97,1,3,"[09:45:00,10:05:00)",5,0,2016-09-23,9,45,False
2016-09-23 10:05:00,81,1,3,"[10:05:00,10:25:00)",5,0,2016-09-23,10,5,False
2016-09-23 10:25:00,89,1,3,"[10:25:00,10:45:00)",5,0,2016-09-23,10,25,False
2016-09-23 10:45:00,81,1,3,"[10:45:00,11:05:00)",5,0,2016-09-23,10,45,False
2016-09-23 11:05:00,93,1,3,"[11:05:00,11:25:00)",5,0,2016-09-23,11,5,False
2016-09-23 11:25:00,85,1,3,"[11:25:00,11:45:00)",5,0,2016-09-23,11,25,False
2016-09-23 11:45:00,90,1,3,"[11:45:00,12:05:00)",5,0,2016-09-23,11,45,False
2016-09-23 12:05:00,86,1,3,"[12:05:00,12:25:00)",5,0,2016-09-23,12,5,False
2016-09-23 12:25:00,77,1,3,"[12:25:00,12:45:00)",5,0,2016-09-23,12,25,False
2016-09-23 12:45:00,111,1,3,"[12:45:00,13:05:00)",5,0,2016-09-23,12,45,False
2016-09-23 13:05:00,100,1,3,"[13:05:00,13:25:00)",5,0,2016-09-23,13,5,False
2016-09-23 13:25:00,117,1,3,"[13:25:00,13:45:00)",5,0,2016-09-23,13,25,False
2016-09-23 13:45:00,123,1,3,"[13:45:00,14:05:00)",5,0,2016-09-23,13,45,False
2016-09-23 14:05:00,104,1,3,"[14:05:00,14:25:00)",5,0,2016-09-23,14,5,False
2016-09-23 14:25:00,116,1,3,"[14:25:00,14:45:00)",5,0,2016-09-23,14,25,False
2016-09-23 14:45:00,112,1,3,"[14:45:00,15:05:00)",5,0,2016-09-23,14,45,False
2016-09-23 15:05:00,85,1,3,"[15:05:00,15:25:00)",5,0,2016-09-23,15,5,False
2016-09-23 15:25:00,124,1,3,"[15:25:00,15:45:00)",5,0,2016-09-23,15,25,False
2016-09-23 15:45:00,108,1,3,"[15:45:00,16:05:00)",5,0,2016-09-23,15,45,False
2016-09-23 16:05:00,109,1,3,"[16:05:00,16:25:00)",5,0,2016-09-23,16,5,False
2016-09-23 16:25:00,106,1,3,"[16:25:00,16:45:00)",5,0,2016-09-23,16,25,False
2016-09-23 16:45:00,132,1,3,"[16:45:00,17:05:00)",5,0,2016-09-23,16,45,False
2016-09-23 17:05:00,114,1,3,"[17:05:00,17:25:00)",5,0,2016-09-23,17,5,False
2016-09-23 17:25:00,92,1,3,"[17:25:00,17:45:00)",5,0,2016-09-23,17,25,False
2016-09-23 17:45:00,120,1,3,"[17:45:00,18:05:00)",5,0,2016-09-23,17,45,False
2016-09-23 18:05:00,101,1,3,"[18:05:00,18:25:00)",5,0,2016-09-23,18,5,False
2016-09-23 18:25:00,96,1,3,"[18:25:00,18:45:00)",5,0,2016-09-23,18,25,False
2016-09-23 18:45:00,78,1,3,"[18:45:00,19:05:00)",5,0,2016-09-23,18,45,False
2016-09-23 19:05:00,65,1,3,"[19:05:00,19:25:00)",5,0,2016-09-23,19,5,False
2016-09-23 19:25:00,87,1,3,"[19:25:00,19:45:00)",5,0,2016-09-23,19,25,False
2016-09-23 19:45:00,44,1,3,"[19:45:00,20:05:00)",5,0,2016-09-23,19,45,False
2016-09-23 20:05:00,61,1,3,"[20:05:00,20:25:00)",5,0,2016-09-23,20,5,False
2016-09-23 20:25:00,48,1,3,"[20:25:00,20:45:00)",5,0,2016-09-23,20,25,False
2016-09-23 20:45:00,41,1,3,"[20:45:00,21:05:00)",5,0,2016-09-23,20,45,False
2016-09-23 21:05:00,44,1,3,"[21:05:00,21:25:00)",5,0,2016-09-23,21,5,False
2016-09-23 21:25:00,38,1,3,"[21:25:00,21:45:00)",5,0,2016-09-23,21,25,False
2016-09-23 21:45:00,26,1,3,"[21:45:00,22:05:00)",5,0,2016-09-23,21,45,False
2016-09-23 22:05:00,23,1,3,"[22:05:00,22:25:00)",5,0,2016-09-23,22,5,False
2016-09-23 22:25:00,21,1,3,"[22:25:00,22:45:00)",5,0,2016-09-23,22,25,False
2016-09-23 22:45:00,30,1,3,"[22:45:00,23:05:00)",5,0,2016-09-23,22,45,False
2016-09-23 23:05:00,10,1,3,"[23:05:00,23:25:00)",5,0,2016-09-23,23,5,False
2016-09-23 23:25:00,14,1,3,"[23:25:00,23:45:00)",5,0,2016-09-23,23,25,False
2016-09-23 23:45:00,57,1,3,"[23:45:00,00:00:00)",5,0,2016-09-23,23,45,False
2016-09-24 00:05:00,145,1,3,"[00:05:00,00:25:00)",6,1,2016-09-24,0,5,False
2016-09-24 00:25:00,102,1,3,"[00:25:00,00:45:00)",6,1,2016-09-24,0,25,False
2016-09-24 00:45:00,69,1,3,"[00:45:00,01:05:00)",6,1,2016-09-24,0,45,False
2016-09-24 01:05:00,7,1,3,"[01:05:00,01:25:00)",6,1,2016-09-24,1,5,False
2016-09-24 01:25:00,8,1,3,"[01:25:00,01:45:00)",6,1,2016-09-24,1,25,False
2016-09-24 01:45:00,12,1,3,"[01:45:00,02:05:00)",6,1,2016-09-24,1,45,False
2016-09-24 02:05:00,8,1,3,"[02:05:00,02:25:00)",6,1,2016-09-24,2,5,False
2016-09-24 02:25:00,3,1,3,"[02:25:00,02:45:00)",6,1,2016-09-24,2,25,False
2016-09-24 02:45:00,9,1,3,"[02:45:00,03:05:00)",6,1,2016-09-24,2,45,False
2016-09-24 03:05:00,5,1,3,"[03:05:00,03:25:00)",6,1,2016-09-24,3,5,False
2016-09-24 03:25:00,8,1,3,"[03:25:00,03:45:00)",6,1,2016-09-24,3,25,False
2016-09-24 03:45:00,5,1,3,"[03:45:00,04:05:00)",6,1,2016-09-24,3,45,False
2016-09-24 04:05:00,6,1,3,"[04:05:00,04:25:00)",6,1,2016-09-24,4,5,False
2016-09-24 04:25:00,2,1,3,"[04:25:00,04:45:00)",6,1,2016-09-24,4,25,False
2016-09-24 04:45:00,6,1,3,"[04:45:00,05:05:00)",6,1,2016-09-24,4,45,False
2016-09-24 05:05:00,10,1,3,"[05:05:00,05:25:00)",6,1,2016-09-24,5,5,False
2016-09-24 05:25:00,12,1,3,"[05:25:00,05:45:00)",6,1,2016-09-24,5,25,False
2016-09-24 05:45:00,13,1,3,"[05:45:00,06:05:00)",6,1,2016-09-24,5,45,False
2016-09-24 06:05:00,22,1,3,"[06:05:00,06:25:00)",6,1,2016-09-24,6,5,False
2016-09-24 06:25:00,47,1,3,"[06:25:00,06:45:00)",6,1,2016-09-24,6,25,False
2016-09-24 06:45:00,49,1,3,"[06:45:00,07:05:00)",6,1,2016-09-24,6,45,False
2016-09-24 07:05:00,80,1,3,"[07:05:00,07:25:00)",6,1,2016-09-24,7,5,False
2016-09-24 07:25:00,73,1,3,"[07:25:00,07:45:00)",6,1,2016-09-24,7,25,False
2016-09-24 07:45:00,107,1,3,"[07:45:00,08:05:00)",6,1,2016-09-24,7,45,False
2016-09-24 08:05:00,126,1,3,"[08:05:00,08:25:00)",6,1,2016-09-24,8,5,False
2016-09-24 08:25:00,107,1,3,"[08:25:00,08:45:00)",6,1,2016-09-24,8,25,False
2016-09-24 08:45:00,112,1,3,"[08:45:00,09:05:00)",6,1,2016-09-24,8,45,False
2016-09-24 09:05:00,110,1,3,"[09:05:00,09:25:00)",6,1,2016-09-24,9,5,False
2016-09-24 09:25:00,125,1,3,"[09:25:00,09:45:00)",6,1,2016-09-24,9,25,False
2016-09-24 09:45:00,118,1,3,"[09:45:00,10:05:00)",6,1,2016-09-24,9,45,False
2016-09-24 10:05:00,109,1,3,"[10:05:00,10:25:00)",6,1,2016-09-24,10,5,False
2016-09-24 10:25:00,93,1,3,"[10:25:00,10:45:00)",6,1,2016-09-24,10,25,False
2016-09-24 10:45:00,90,1,3,"[10:45:00,11:05:00)",6,1,2016-09-24,10,45,False
2016-09-24 11:05:00,78,1,3,"[11:05:00,11:25:00)",6,1,2016-09-24,11,5,False
2016-09-24 11:25:00,89,1,3,"[11:25:00,11:45:00)",6,1,2016-09-24,11,25,False
2016-09-24 11:45:00,105,1,3,"[11:45:00,12:05:00)",6,1,2016-09-24,11,45,False
2016-09-24 12:05:00,90,1,3,"[12:05:00,12:25:00)",6,1,2016-09-24,12,5,False
2016-09-24 12:25:00,94,1,3,"[12:25:00,12:45:00)",6,1,2016-09-24,12,25,False
2016-09-24 12:45:00,100,1,3,"[12:45:00,13:05:00)",6,1,2016-09-24,12,45,False
2016-09-24 13:05:00,119,1,3,"[13:05:00,13:25:00)",6,1,2016-09-24,13,5,False
2016-09-24 13:25:00,102,1,3,"[13:25:00,13:45:00)",6,1,2016-09-24,13,25,False
2016-09-24 13:45:00,112,1,3,"[13:45:00,14:05:00)",6,1,2016-09-24,13,45,False
2016-09-24 14:05:00,93,1,3,"[14:05:00,14:25:00)",6,1,2016-09-24,14,5,False
2016-09-24 14:25:00,102,1,3,"[14:25:00,14:45:00)",6,1,2016-09-24,14,25,False
2016-09-24 14:45:00,97,1,3,"[14:45:00,15:05:00)",6,1,2016-09-24,14,45,False
2016-09-24 15:05:00,117,1,3,"[15:05:00,15:25:00)",6,1,2016-09-24,15,5,False
2016-09-24 15:25:00,116,1,3,"[15:25:00,15:45:00)",6,1,2016-09-24,15,25,False
2016-09-24 15:45:00,110,1,3,"[15:45:00,16:05:00)",6,1,2016-09-24,15,45,False
2016-09-24 16:05:00,108,1,3,"[16:05:00,16:25:00)",6,1,2016-09-24,16,5,False
2016-09-24 16:25:00,119,1,3,"[16:25:00,16:45:00)",6,1,2016-09-24,16,25,False
2016-09-24 16:45:00,98,1,3,"[16:45:00,17:05:00)",6,1,2016-09-24,16,45,False
2016-09-24 17:05:00,92,1,3,"[17:05:00,17:25:00)",6,1,2016-09-24,17,5,False
2016-09-24 17:25:00,87,1,3,"[17:25:00,17:45:00)",6,1,2016-09-24,17,25,False
2016-09-24 17:45:00,76,1,3,"[17:45:00,18:05:00)",6,1,2016-09-24,17,45,False
2016-09-24 18:05:00,66,1,3,"[18:05:00,18:25:00)",6,1,2016-09-24,18,5,False
2016-09-24 18:25:00,73,1,3,"[18:25:00,18:45:00)",6,1,2016-09-24,18,25,False
2016-09-24 18:45:00,54,1,3,"[18:45:00,19:05:00)",6,1,2016-09-24,18,45,False
2016-09-24 19:05:00,56,1,3,"[19:05:00,19:25:00)",6,1,2016-09-24,19,5,False
2016-09-24 19:25:00,67,1,3,"[19:25:00,19:45:00)",6,1,2016-09-24,19,25,False
2016-09-24 19:45:00,48,1,3,"[19:45:00,20:05:00)",6,1,2016-09-24,19,45,False
2016-09-24 20:05:00,61,1,3,"[20:05:00,20:25:00)",6,1,2016-09-24,20,5,False
2016-09-24 20:25:00,50,1,3,"[20:25:00,20:45:00)",6,1,2016-09-24,20,25,False
2016-09-24 20:45:00,53,1,3,"[20:45:00,21:05:00)",6,1,2016-09-24,20,45,False
2016-09-24 21:05:00,43,1,3,"[21:05:00,21:25:00)",6,1,2016-09-24,21,5,False
2016-09-24 21:25:00,39,1,3,"[21:25:00,21:45:00)",6,1,2016-09-24,21,25,False
2016-09-24 21:45:00,26,1,3,"[21:45:00,22:05:00)",6,1,2016-09-24,21,45,False
2016-09-24 22:05:00,30,1,3,"[22:05:00,22:25:00)",6,1,2016-09-24,22,5,False
2016-09-24 22:25:00,23,1,3,"[22:25:00,22:45:00)",6,1,2016-09-24,22,25,False
2016-09-24 22:45:00,18,1,3,"[22:45:00,23:05:00)",6,1,2016-09-24,22,45,False
2016-09-24 23:05:00,24,1,3,"[23:05:00,23:25:00)",6,1,2016-09-24,23,5,False
2016-09-24 23:25:00,24,1,3,"[23:25:00,23:45:00)",6,1,2016-09-24,23,25,False
2016-09-24 23:45:00,47,1,3,"[23:45:00,00:00:00)",6,1,2016-09-24,23,45,False
2016-09-25 00:05:00,143,1,3,"[00:05:00,00:25:00)",7,1,2016-09-25,0,5,False
2016-09-25 00:25:00,99,1,3,"[00:25:00,00:45:00)",7,1,2016-09-25,0,25,False
2016-09-25 00:45:00,67,1,3,"[00:45:00,01:05:00)",7,1,2016-09-25,0,45,False
2016-09-25 01:05:00,8,1,3,"[01:05:00,01:25:00)",7,1,2016-09-25,1,5,False
2016-09-25 01:25:00,6,1,3,"[01:25:00,01:45:00)",7,1,2016-09-25,1,25,False
2016-09-25 01:45:00,11,1,3,"[01:45:00,02:05:00)",7,1,2016-09-25,1,45,False
2016-09-25 02:05:00,5,1,3,"[02:05:00,02:25:00)",7,1,2016-09-25,2,5,False
2016-09-25 02:25:00,3,1,3,"[02:25:00,02:45:00)",7,1,2016-09-25,2,25,False
2016-09-25 02:45:00,4,1,3,"[02:45:00,03:05:00)",7,1,2016-09-25,2,45,False
2016-09-25 03:05:00,3,1,3,"[03:05:00,03:25:00)",7,1,2016-09-25,3,5,False
2016-09-25 03:25:00,4,1,3,"[03:25:00,03:45:00)",7,1,2016-09-25,3,25,False
2016-09-25 03:45:00,5,1,3,"[03:45:00,04:05:00)",7,1,2016-09-25,3,45,False
2016-09-25 04:05:00,4,1,3,"[04:05:00,04:25:00)",7,1,2016-09-25,4,5,False
2016-09-25 04:25:00,7,1,3,"[04:25:00,04:45:00)",7,1,2016-09-25,4,25,False
2016-09-25 04:45:00,12,1,3,"[04:45:00,05:05:00)",7,1,2016-09-25,4,45,False
2016-09-25 05:05:00,13,1,3,"[05:05:00,05:25:00)",7,1,2016-09-25,5,5,False
2016-09-25 05:25:00,12,1,3,"[05:25:00,05:45:00)",7,1,2016-09-25,5,25,False
2016-09-25 05:45:00,17,1,3,"[05:45:00,06:05:00)",7,1,2016-09-25,5,45,False
2016-09-25 06:05:00,21,1,3,"[06:05:00,06:25:00)",7,1,2016-09-25,6,5,False
2016-09-25 06:25:00,29,1,3,"[06:25:00,06:45:00)",7,1,2016-09-25,6,25,False
2016-09-25 06:45:00,52,1,3,"[06:45:00,07:05:00)",7,1,2016-09-25,6,45,False
2016-09-25 07:05:00,52,1,3,"[07:05:00,07:25:00)",7,1,2016-09-25,7,5,False
2016-09-25 07:25:00,83,1,3,"[07:25:00,07:45:00)",7,1,2016-09-25,7,25,False
2016-09-25 07:45:00,117,1,3,"[07:45:00,08:05:00)",7,1,2016-09-25,7,45,False
2016-09-25 08:05:00,109,1,3,"[08:05:00,08:25:00)",7,1,2016-09-25,8,5,False
2016-09-25 08:25:00,124,1,3,"[08:25:00,08:45:00)",7,1,2016-09-25,8,25,False
2016-09-25 08:45:00,115,1,3,"[08:45:00,09:05:00)",7,1,2016-09-25,8,45,False
2016-09-25 09:05:00,119,1,3,"[09:05:00,09:25:00)",7,1,2016-09-25,9,5,False
2016-09-25 09:25:00,123,1,3,"[09:25:00,09:45:00)",7,1,2016-09-25,9,25,False
2016-09-25 09:45:00,96,1,3,"[09:45:00,10:05:00)",7,1,2016-09-25,9,45,False
2016-09-25 10:05:00,109,1,3,"[10:05:00,10:25:00)",7,1,2016-09-25,10,5,False
2016-09-25 10:25:00,98,1,3,"[10:25:00,10:45:00)",7,1,2016-09-25,10,25,False
2016-09-25 10:45:00,109,1,3,"[10:45:00,11:05:00)",7,1,2016-09-25,10,45,False
2016-09-25 11:05:00,99,1,3,"[11:05:00,11:25:00)",7,1,2016-09-25,11,5,False
2016-09-25 11:25:00,87,1,3,"[11:25:00,11:45:00)",7,1,2016-09-25,11,25,False
2016-09-25 11:45:00,91,1,3,"[11:45:00,12:05:00)",7,1,2016-09-25,11,45,False
2016-09-25 12:05:00,122,1,3,"[12:05:00,12:25:00)",7,1,2016-09-25,12,5,False
2016-09-25 12:25:00,98,1,3,"[12:25:00,12:45:00)",7,1,2016-09-25,12,25,False
2016-09-25 12:45:00,125,1,3,"[12:45:00,13:05:00)",7,1,2016-09-25,12,45,False
2016-09-25 13:05:00,128,1,3,"[13:05:00,13:25:00)",7,1,2016-09-25,13,5,False
2016-09-25 13:25:00,152,1,3,"[13:25:00,13:45:00)",7,1,2016-09-25,13,25,False
2016-09-25 13:45:00,127,1,3,"[13:45:00,14:05:00)",7,1,2016-09-25,13,45,False
2016-09-25 14:05:00,117,1,3,"[14:05:00,14:25:00)",7,1,2016-09-25,14,5,False
2016-09-25 14:25:00,145,1,3,"[14:25:00,14:45:00)",7,1,2016-09-25,14,25,False
2016-09-25 14:45:00,143,1,3,"[14:45:00,15:05:00)",7,1,2016-09-25,14,45,False
2016-09-25 15:05:00,109,1,3,"[15:05:00,15:25:00)",7,1,2016-09-25,15,5,False
2016-09-25 15:25:00,115,1,3,"[15:25:00,15:45:00)",7,1,2016-09-25,15,25,False
2016-09-25 15:45:00,118,1,3,"[15:45:00,16:05:00)",7,1,2016-09-25,15,45,False
2016-09-25 16:05:00,110,1,3,"[16:05:00,16:25:00)",7,1,2016-09-25,16,5,False
2016-09-25 16:25:00,88,1,3,"[16:25:00,16:45:00)",7,1,2016-09-25,16,25,False
2016-09-25 16:45:00,111,1,3,"[16:45:00,17:05:00)",7,1,2016-09-25,16,45,False
2016-09-25 17:05:00,97,1,3,"[17:05:00,17:25:00)",7,1,2016-09-25,17,5,False
2016-09-25 17:25:00,86,1,3,"[17:25:00,17:45:00)",7,1,2016-09-25,17,25,False
2016-09-25 17:45:00,83,1,3,"[17:45:00,18:05:00)",7,1,2016-09-25,17,45,False
2016-09-25 18:05:00,81,1,3,"[18:05:00,18:25:00)",7,1,2016-09-25,18,5,False
2016-09-25 18:25:00,82,1,3,"[18:25:00,18:45:00)",7,1,2016-09-25,18,25,False
2016-09-25 18:45:00,73,1,3,"[18:45:00,19:05:00)",7,1,2016-09-25,18,45,False
2016-09-25 19:05:00,64,1,3,"[19:05:00,19:25:00)",7,1,2016-09-25,19,5,False
2016-09-25 19:25:00,67,1,3,"[19:25:00,19:45:00)",7,1,2016-09-25,19,25,False
2016-09-25 19:45:00,72,1,3,"[19:45:00,20:05:00)",7,1,2016-09-25,19,45,False
2016-09-25 20:05:00,68,1,3,"[20:05:00,20:25:00)",7,1,2016-09-25,20,5,False
2016-09-25 20:25:00,52,1,3,"[20:25:00,20:45:00)",7,1,2016-09-25,20,25,False
2016-09-25 20:45:00,46,1,3,"[20:45:00,21:05:00)",7,1,2016-09-25,20,45,False
2016-09-25 21:05:00,32,1,3,"[21:05:00,21:25:00)",7,1,2016-09-25,21,5,False
2016-09-25 21:25:00,38,1,3,"[21:25:00,21:45:00)",7,1,2016-09-25,21,25,False
2016-09-25 21:45:00,19,1,3,"[21:45:00,22:05:00)",7,1,2016-09-25,21,45,False
2016-09-25 22:05:00,22,1,3,"[22:05:00,22:25:00)",7,1,2016-09-25,22,5,False
2016-09-25 22:25:00,20,1,3,"[22:25:00,22:45:00)",7,1,2016-09-25,22,25,False
2016-09-25 22:45:00,23,1,3,"[22:45:00,23:05:00)",7,1,2016-09-25,22,45,False
2016-09-25 23:05:00,11,1,3,"[23:05:00,23:25:00)",7,1,2016-09-25,23,5,False
2016-09-25 23:25:00,9,1,3,"[23:25:00,23:45:00)",7,1,2016-09-25,23,25,False
2016-09-25 23:45:00,59,1,3,"[23:45:00,00:00:00)",7,1,2016-09-25,23,45,False
2016-09-26 00:05:00,140,1,3,"[00:05:00,00:25:00)",1,0,2016-09-26,0,5,False
2016-09-26 00:25:00,82,1,3,"[00:25:00,00:45:00)",1,0,2016-09-26,0,25,False
2016-09-26 00:45:00,57,1,3,"[00:45:00,01:05:00)",1,0,2016-09-26,0,45,False
2016-09-26 01:05:00,11,1,3,"[01:05:00,01:25:00)",1,0,2016-09-26,1,5,False
2016-09-26 01:25:00,10,1,3,"[01:25:00,01:45:00)",1,0,2016-09-26,1,25,False
2016-09-26 01:45:00,12,1,3,"[01:45:00,02:05:00)",1,0,2016-09-26,1,45,False
2016-09-26 02:05:00,7,1,3,"[02:05:00,02:25:00)",1,0,2016-09-26,2,5,False
2016-09-26 02:25:00,3,1,3,"[02:25:00,02:45:00)",1,0,2016-09-26,2,25,False
2016-09-26 02:45:00,7,1,3,"[02:45:00,03:05:00)",1,0,2016-09-26,2,45,False
2016-09-26 03:05:00,0,1,3,"[03:05:00,03:25:00)",1,0,2016-09-26,3,5,False
2016-09-26 03:25:00,11,1,3,"[03:25:00,03:45:00)",1,0,2016-09-26,3,25,False
2016-09-26 03:45:00,5,1,3,"[03:45:00,04:05:00)",1,0,2016-09-26,3,45,False
2016-09-26 04:05:00,6,1,3,"[04:05:00,04:25:00)",1,0,2016-09-26,4,5,False
2016-09-26 04:25:00,4,1,3,"[04:25:00,04:45:00)",1,0,2016-09-26,4,25,False
2016-09-26 04:45:00,10,1,3,"[04:45:00,05:05:00)",1,0,2016-09-26,4,45,False
2016-09-26 05:05:00,12,1,3,"[05:05:00,05:25:00)",1,0,2016-09-26,5,5,False
2016-09-26 05:25:00,10,1,3,"[05:25:00,05:45:00)",1,0,2016-09-26,5,25,False
2016-09-26 05:45:00,13,1,3,"[05:45:00,06:05:00)",1,0,2016-09-26,5,45,False
2016-09-26 06:05:00,26,1,3,"[06:05:00,06:25:00)",1,0,2016-09-26,6,5,False
2016-09-26 06:25:00,56,1,3,"[06:25:00,06:45:00)",1,0,2016-09-26,6,25,False
2016-09-26 06:45:00,73,1,3,"[06:45:00,07:05:00)",1,0,2016-09-26,6,45,False
2016-09-26 07:05:00,88,1,3,"[07:05:00,07:25:00)",1,0,2016-09-26,7,5,False
2016-09-26 07:25:00,95,1,3,"[07:25:00,07:45:00)",1,0,2016-09-26,7,25,False
2016-09-26 07:45:00,135,1,3,"[07:45:00,08:05:00)",1,0,2016-09-26,7,45,False
2016-09-26 08:05:00,147,1,3,"[08:05:00,08:25:00)",1,0,2016-09-26,8,5,False
2016-09-26 08:25:00,171,1,3,"[08:25:00,08:45:00)",1,0,2016-09-26,8,25,False
2016-09-26 08:45:00,140,1,3,"[08:45:00,09:05:00)",1,0,2016-09-26,8,45,False
2016-09-26 09:05:00,137,1,3,"[09:05:00,09:25:00)",1,0,2016-09-26,9,5,False
2016-09-26 09:25:00,103,1,3,"[09:25:00,09:45:00)",1,0,2016-09-26,9,25,False
2016-09-26 09:45:00,113,1,3,"[09:45:00,10:05:00)",1,0,2016-09-26,9,45,False
2016-09-26 10:05:00,79,1,3,"[10:05:00,10:25:00)",1,0,2016-09-26,10,5,False
2016-09-26 10:25:00,96,1,3,"[10:25:00,10:45:00)",1,0,2016-09-26,10,25,False
2016-09-26 10:45:00,76,1,3,"[10:45:00,11:05:00)",1,0,2016-09-26,10,45,False
2016-09-26 11:05:00,61,1,3,"[11:05:00,11:25:00)",1,0,2016-09-26,11,5,False
2016-09-26 11:25:00,83,1,3,"[11:25:00,11:45:00)",1,0,2016-09-26,11,25,False
2016-09-26 11:45:00,50,1,3,"[11:45:00,12:05:00)",1,0,2016-09-26,11,45,False
2016-09-26 12:05:00,83,1,3,"[12:05:00,12:25:00)",1,0,2016-09-26,12,5,False
2016-09-26 12:25:00,77,1,3,"[12:25:00,12:45:00)",1,0,2016-09-26,12,25,False
2016-09-26 12:45:00,91,1,3,"[12:45:00,13:05:00)",1,0,2016-09-26,12,45,False
2016-09-26 13:05:00,90,1,3,"[13:05:00,13:25:00)",1,0,2016-09-26,13,5,False
2016-09-26 13:25:00,77,1,3,"[13:25:00,13:45:00)",1,0,2016-09-26,13,25,False
2016-09-26 13:45:00,86,1,3,"[13:45:00,14:05:00)",1,0,2016-09-26,13,45,False
2016-09-26 14:05:00,110,1,3,"[14:05:00,14:25:00)",1,0,2016-09-26,14,5,False
2016-09-26 14:25:00,94,1,3,"[14:25:00,14:45:00)",1,0,2016-09-26,14,25,False
2016-09-26 14:45:00,87,1,3,"[14:45:00,15:05:00)",1,0,2016-09-26,14,45,False
2016-09-26 15:05:00,89,1,3,"[15:05:00,15:25:00)",1,0,2016-09-26,15,5,False
2016-09-26 15:25:00,82,1,3,"[15:25:00,15:45:00)",1,0,2016-09-26,15,25,False
2016-09-26 15:45:00,93,1,3,"[15:45:00,16:05:00)",1,0,2016-09-26,15,45,False
2016-09-26 16:05:00,79,1,3,"[16:05:00,16:25:00)",1,0,2016-09-26,16,5,False
2016-09-26 16:25:00,89,1,3,"[16:25:00,16:45:00)",1,0,2016-09-26,16,25,False
2016-09-26 16:45:00,83,1,3,"[16:45:00,17:05:00)",1,0,2016-09-26,16,45,False
2016-09-26 17:05:00,79,1,3,"[17:05:00,17:25:00)",1,0,2016-09-26,17,5,False
2016-09-26 17:25:00,88,1,3,"[17:25:00,17:45:00)",1,0,2016-09-26,17,25,False
2016-09-26 17:45:00,94,1,3,"[17:45:00,18:05:00)",1,0,2016-09-26,17,45,False
2016-09-26 18:05:00,78,1,3,"[18:05:00,18:25:00)",1,0,2016-09-26,18,5,False
2016-09-26 18:25:00,61,1,3,"[18:25:00,18:45:00)",1,0,2016-09-26,18,25,False
2016-09-26 18:45:00,62,1,3,"[18:45:00,19:05:00)",1,0,2016-09-26,18,45,False
2016-09-26 19:05:00,57,1,3,"[19:05:00,19:25:00)",1,0,2016-09-26,19,5,False
2016-09-26 19:25:00,63,1,3,"[19:25:00,19:45:00)",1,0,2016-09-26,19,25,False
2016-09-26 19:45:00,49,1,3,"[19:45:00,20:05:00)",1,0,2016-09-26,19,45,False
2016-09-26 20:05:00,43,1,3,"[20:05:00,20:25:00)",1,0,2016-09-26,20,5,False
2016-09-26 20:25:00,55,1,3,"[20:25:00,20:45:00)",1,0,2016-09-26,20,25,False
2016-09-26 20:45:00,31,1,3,"[20:45:00,21:05:00)",1,0,2016-09-26,20,45,False
2016-09-26 21:05:00,29,1,3,"[21:05:00,21:25:00)",1,0,2016-09-26,21,5,False
2016-09-26 21:25:00,35,1,3,"[21:25:00,21:45:00)",1,0,2016-09-26,21,25,False
2016-09-26 21:45:00,32,1,3,"[21:45:00,22:05:00)",1,0,2016-09-26,21,45,False
2016-09-26 22:05:00,17,1,3,"[22:05:00,22:25:00)",1,0,2016-09-26,22,5,False
2016-09-26 22:25:00,23,1,3,"[22:25:00,22:45:00)",1,0,2016-09-26,22,25,False
2016-09-26 22:45:00,30,1,3,"[22:45:00,23:05:00)",1,0,2016-09-26,22,45,False
2016-09-26 23:05:00,12,1,3,"[23:05:00,23:25:00)",1,0,2016-09-26,23,5,False
2016-09-26 23:25:00,12,1,3,"[23:25:00,23:45:00)",1,0,2016-09-26,23,25,False
2016-09-26 23:45:00,41,1,3,"[23:45:00,00:00:00)",1,0,2016-09-26,23,45,False
2016-09-27 00:05:00,117,1,3,"[00:05:00,00:25:00)",2,0,2016-09-27,0,5,False
2016-09-27 00:25:00,79,1,3,"[00:25:00,00:45:00)",2,0,2016-09-27,0,25,False
2016-09-27 00:45:00,42,1,3,"[00:45:00,01:05:00)",2,0,2016-09-27,0,45,False
2016-09-27 01:05:00,8,1,3,"[01:05:00,01:25:00)",2,0,2016-09-27,1,5,False
2016-09-27 01:25:00,8,1,3,"[01:25:00,01:45:00)",2,0,2016-09-27,1,25,False
2016-09-27 01:45:00,6,1,3,"[01:45:00,02:05:00)",2,0,2016-09-27,1,45,False
2016-09-27 02:05:00,2,1,3,"[02:05:00,02:25:00)",2,0,2016-09-27,2,5,False
2016-09-27 02:25:00,4,1,3,"[02:25:00,02:45:00)",2,0,2016-09-27,2,25,False
2016-09-27 02:45:00,4,1,3,"[02:45:00,03:05:00)",2,0,2016-09-27,2,45,False
2016-09-27 03:05:00,4,1,3,"[03:05:00,03:25:00)",2,0,2016-09-27,3,5,False
2016-09-27 03:25:00,1,1,3,"[03:25:00,03:45:00)",2,0,2016-09-27,3,25,False
2016-09-27 03:45:00,6,1,3,"[03:45:00,04:05:00)",2,0,2016-09-27,3,45,False
2016-09-27 04:05:00,5,1,3,"[04:05:00,04:25:00)",2,0,2016-09-27,4,5,False
2016-09-27 04:25:00,2,1,3,"[04:25:00,04:45:00)",2,0,2016-09-27,4,25,False
2016-09-27 04:45:00,11,1,3,"[04:45:00,05:05:00)",2,0,2016-09-27,4,45,False
2016-09-27 05:05:00,10,1,3,"[05:05:00,05:25:00)",2,0,2016-09-27,5,5,False
2016-09-27 05:25:00,11,1,3,"[05:25:00,05:45:00)",2,0,2016-09-27,5,25,False
2016-09-27 05:45:00,23,1,3,"[05:45:00,06:05:00)",2,0,2016-09-27,5,45,False
2016-09-27 06:05:00,32,1,3,"[06:05:00,06:25:00)",2,0,2016-09-27,6,5,False
2016-09-27 06:25:00,42,1,3,"[06:25:00,06:45:00)",2,0,2016-09-27,6,25,False
2016-09-27 06:45:00,62,1,3,"[06:45:00,07:05:00)",2,0,2016-09-27,6,45,False
2016-09-27 07:05:00,73,1,3,"[07:05:00,07:25:00)",2,0,2016-09-27,7,5,False
2016-09-27 07:25:00,65,1,3,"[07:25:00,07:45:00)",2,0,2016-09-27,7,25,False
2016-09-27 07:45:00,110,1,3,"[07:45:00,08:05:00)",2,0,2016-09-27,7,45,False
2016-09-27 08:05:00,101,1,3,"[08:05:00,08:25:00)",2,0,2016-09-27,8,5,False
2016-09-27 08:25:00,124,1,3,"[08:25:00,08:45:00)",2,0,2016-09-27,8,25,False
2016-09-27 08:45:00,133,1,3,"[08:45:00,09:05:00)",2,0,2016-09-27,8,45,False
2016-09-27 09:05:00,120,1,3,"[09:05:00,09:25:00)",2,0,2016-09-27,9,5,False
2016-09-27 09:25:00,106,1,3,"[09:25:00,09:45:00)",2,0,2016-09-27,9,25,False
2016-09-27 09:45:00,86,1,3,"[09:45:00,10:05:00)",2,0,2016-09-27,9,45,False
2016-09-27 10:05:00,75,1,3,"[10:05:00,10:25:00)",2,0,2016-09-27,10,5,False
2016-09-27 10:25:00,75,1,3,"[10:25:00,10:45:00)",2,0,2016-09-27,10,25,False
2016-09-27 10:45:00,84,1,3,"[10:45:00,11:05:00)",2,0,2016-09-27,10,45,False
2016-09-27 11:05:00,54,1,3,"[11:05:00,11:25:00)",2,0,2016-09-27,11,5,False
2016-09-27 11:25:00,53,1,3,"[11:25:00,11:45:00)",2,0,2016-09-27,11,25,False
2016-09-27 11:45:00,89,1,3,"[11:45:00,12:05:00)",2,0,2016-09-27,11,45,False
2016-09-27 12:05:00,93,1,3,"[12:05:00,12:25:00)",2,0,2016-09-27,12,5,False
2016-09-27 12:25:00,90,1,3,"[12:25:00,12:45:00)",2,0,2016-09-27,12,25,False
2016-09-27 12:45:00,76,1,3,"[12:45:00,13:05:00)",2,0,2016-09-27,12,45,False
2016-09-27 13:05:00,100,1,3,"[13:05:00,13:25:00)",2,0,2016-09-27,13,5,False
2016-09-27 13:25:00,95,1,3,"[13:25:00,13:45:00)",2,0,2016-09-27,13,25,False
2016-09-27 13:45:00,93,1,3,"[13:45:00,14:05:00)",2,0,2016-09-27,13,45,False
2016-09-27 14:05:00,80,1,3,"[14:05:00,14:25:00)",2,0,2016-09-27,14,5,False
2016-09-27 14:25:00,89,1,3,"[14:25:00,14:45:00)",2,0,2016-09-27,14,25,False
2016-09-27 14:45:00,86,1,3,"[14:45:00,15:05:00)",2,0,2016-09-27,14,45,False
2016-09-27 15:05:00,85,1,3,"[15:05:00,15:25:00)",2,0,2016-09-27,15,5,False
2016-09-27 15:25:00,102,1,3,"[15:25:00,15:45:00)",2,0,2016-09-27,15,25,False
2016-09-27 15:45:00,70,1,3,"[15:45:00,16:05:00)",2,0,2016-09-27,15,45,False
2016-09-27 16:05:00,72,1,3,"[16:05:00,16:25:00)",2,0,2016-09-27,16,5,False
2016-09-27 16:25:00,86,1,3,"[16:25:00,16:45:00)",2,0,2016-09-27,16,25,False
2016-09-27 16:45:00,88,1,3,"[16:45:00,17:05:00)",2,0,2016-09-27,16,45,False
2016-09-27 17:05:00,77,1,3,"[17:05:00,17:25:00)",2,0,2016-09-27,17,5,False
2016-09-27 17:25:00,68,1,3,"[17:25:00,17:45:00)",2,0,2016-09-27,17,25,False
2016-09-27 17:45:00,86,1,3,"[17:45:00,18:05:00)",2,0,2016-09-27,17,45,False
2016-09-27 18:05:00,79,1,3,"[18:05:00,18:25:00)",2,0,2016-09-27,18,5,False
2016-09-27 18:25:00,88,1,3,"[18:25:00,18:45:00)",2,0,2016-09-27,18,25,False
2016-09-27 18:45:00,70,1,3,"[18:45:00,19:05:00)",2,0,2016-09-27,18,45,False
2016-09-27 19:05:00,59,1,3,"[19:05:00,19:25:00)",2,0,2016-09-27,19,5,False
2016-09-27 19:25:00,51,1,3,"[19:25:00,19:45:00)",2,0,2016-09-27,19,25,False
2016-09-27 19:45:00,55,1,3,"[19:45:00,20:05:00)",2,0,2016-09-27,19,45,False
2016-09-27 20:05:00,51,1,3,"[20:05:00,20:25:00)",2,0,2016-09-27,20,5,False
2016-09-27 20:25:00,37,1,3,"[20:25:00,20:45:00)",2,0,2016-09-27,20,25,False
2016-09-27 20:45:00,38,1,3,"[20:45:00,21:05:00)",2,0,2016-09-27,20,45,False
2016-09-27 21:05:00,30,1,3,"[21:05:00,21:25:00)",2,0,2016-09-27,21,5,False
2016-09-27 21:25:00,34,1,3,"[21:25:00,21:45:00)",2,0,2016-09-27,21,25,False
2016-09-27 21:45:00,41,1,3,"[21:45:00,22:05:00)",2,0,2016-09-27,21,45,False
2016-09-27 22:05:00,20,1,3,"[22:05:00,22:25:00)",2,0,2016-09-27,22,5,False
2016-09-27 22:25:00,27,1,3,"[22:25:00,22:45:00)",2,0,2016-09-27,22,25,False
2016-09-27 22:45:00,19,1,3,"[22:45:00,23:05:00)",2,0,2016-09-27,22,45,False
2016-09-27 23:05:00,12,1,3,"[23:05:00,23:25:00)",2,0,2016-09-27,23,5,False
2016-09-27 23:25:00,13,1,3,"[23:25:00,23:45:00)",2,0,2016-09-27,23,25,False
2016-09-27 23:45:00,37,1,3,"[23:45:00,00:00:00)",2,0,2016-09-27,23,45,False
2016-09-28 00:05:00,130,1,3,"[00:05:00,00:25:00)",3,0,2016-09-28,0,5,False
2016-09-28 00:25:00,89,1,3,"[00:25:00,00:45:00)",3,0,2016-09-28,0,25,False
2016-09-28 00:45:00,56,1,3,"[00:45:00,01:05:00)",3,0,2016-09-28,0,45,False
2016-09-28 01:05:00,8,1,3,"[01:05:00,01:25:00)",3,0,2016-09-28,1,5,False
2016-09-28 01:25:00,7,1,3,"[01:25:00,01:45:00)",3,0,2016-09-28,1,25,False
2016-09-28 01:45:00,6,1,3,"[01:45:00,02:05:00)",3,0,2016-09-28,1,45,False
2016-09-28 02:05:00,10,1,3,"[02:05:00,02:25:00)",3,0,2016-09-28,2,5,False
2016-09-28 02:25:00,6,1,3,"[02:25:00,02:45:00)",3,0,2016-09-28,2,25,False
2016-09-28 02:45:00,8,1,3,"[02:45:00,03:05:00)",3,0,2016-09-28,2,45,False
2016-09-28 03:05:00,4,1,3,"[03:05:00,03:25:00)",3,0,2016-09-28,3,5,False
2016-09-28 03:25:00,11,1,3,"[03:25:00,03:45:00)",3,0,2016-09-28,3,25,False
2016-09-28 03:45:00,7,1,3,"[03:45:00,04:05:00)",3,0,2016-09-28,3,45,False
2016-09-28 04:05:00,9,1,3,"[04:05:00,04:25:00)",3,0,2016-09-28,4,5,False
2016-09-28 04:25:00,5,1,3,"[04:25:00,04:45:00)",3,0,2016-09-28,4,25,False
2016-09-28 04:45:00,11,1,3,"[04:45:00,05:05:00)",3,0,2016-09-28,4,45,False
2016-09-28 05:05:00,8,1,3,"[05:05:00,05:25:00)",3,0,2016-09-28,5,5,False
2016-09-28 05:25:00,17,1,3,"[05:25:00,05:45:00)",3,0,2016-09-28,5,25,False
2016-09-28 05:45:00,18,1,3,"[05:45:00,06:05:00)",3,0,2016-09-28,5,45,False
2016-09-28 06:05:00,30,1,3,"[06:05:00,06:25:00)",3,0,2016-09-28,6,5,False
2016-09-28 06:25:00,37,1,3,"[06:25:00,06:45:00)",3,0,2016-09-28,6,25,False
2016-09-28 06:45:00,48,1,3,"[06:45:00,07:05:00)",3,0,2016-09-28,6,45,False
2016-09-28 07:05:00,71,1,3,"[07:05:00,07:25:00)",3,0,2016-09-28,7,5,False
2016-09-28 07:25:00,66,1,3,"[07:25:00,07:45:00)",3,0,2016-09-28,7,25,False
2016-09-28 07:45:00,95,1,3,"[07:45:00,08:05:00)",3,0,2016-09-28,7,45,False
2016-09-28 08:05:00,107,1,3,"[08:05:00,08:25:00)",3,0,2016-09-28,8,5,False
2016-09-28 08:25:00,136,1,3,"[08:25:00,08:45:00)",3,0,2016-09-28,8,25,False
2016-09-28 08:45:00,135,1,3,"[08:45:00,09:05:00)",3,0,2016-09-28,8,45,False
2016-09-28 09:05:00,149,1,3,"[09:05:00,09:25:00)",3,0,2016-09-28,9,5,False
2016-09-28 09:25:00,109,1,3,"[09:25:00,09:45:00)",3,0,2016-09-28,9,25,False
2016-09-28 09:45:00,92,1,3,"[09:45:00,10:05:00)",3,0,2016-09-28,9,45,False
2016-09-28 10:05:00,69,1,3,"[10:05:00,10:25:00)",3,0,2016-09-28,10,5,False
2016-09-28 10:25:00,72,1,3,"[10:25:00,10:45:00)",3,0,2016-09-28,10,25,False
2016-09-28 10:45:00,82,1,3,"[10:45:00,11:05:00)",3,0,2016-09-28,10,45,False
2016-09-28 11:05:00,71,1,3,"[11:05:00,11:25:00)",3,0,2016-09-28,11,5,False
2016-09-28 11:25:00,83,1,3,"[11:25:00,11:45:00)",3,0,2016-09-28,11,25,False
2016-09-28 11:45:00,65,1,3,"[11:45:00,12:05:00)",3,0,2016-09-28,11,45,False
2016-09-28 12:05:00,101,1,3,"[12:05:00,12:25:00)",3,0,2016-09-28,12,5,False
2016-09-28 12:25:00,76,1,3,"[12:25:00,12:45:00)",3,0,2016-09-28,12,25,False
2016-09-28 12:45:00,61,1,3,"[12:45:00,13:05:00)",3,0,2016-09-28,12,45,False
2016-09-28 13:05:00,88,1,3,"[13:05:00,13:25:00)",3,0,2016-09-28,13,5,False
2016-09-28 13:25:00,109,1,3,"[13:25:00,13:45:00)",3,0,2016-09-28,13,25,False
2016-09-28 13:45:00,88,1,3,"[13:45:00,14:05:00)",3,0,2016-09-28,13,45,False
2016-09-28 14:05:00,101,1,3,"[14:05:00,14:25:00)",3,0,2016-09-28,14,5,False
2016-09-28 14:25:00,90,1,3,"[14:25:00,14:45:00)",3,0,2016-09-28,14,25,False
2016-09-28 14:45:00,103,1,3,"[14:45:00,15:05:00)",3,0,2016-09-28,14,45,False
2016-09-28 15:05:00,82,1,3,"[15:05:00,15:25:00)",3,0,2016-09-28,15,5,False
2016-09-28 15:25:00,84,1,3,"[15:25:00,15:45:00)",3,0,2016-09-28,15,25,False
2016-09-28 15:45:00,93,1,3,"[15:45:00,16:05:00)",3,0,2016-09-28,15,45,False
2016-09-28 16:05:00,75,1,3,"[16:05:00,16:25:00)",3,0,2016-09-28,16,5,False
2016-09-28 16:25:00,88,1,3,"[16:25:00,16:45:00)",3,0,2016-09-28,16,25,False
2016-09-28 16:45:00,92,1,3,"[16:45:00,17:05:00)",3,0,2016-09-28,16,45,False
2016-09-28 17:05:00,81,1,3,"[17:05:00,17:25:00)",3,0,2016-09-28,17,5,False
2016-09-28 17:25:00,71,1,3,"[17:25:00,17:45:00)",3,0,2016-09-28,17,25,False
2016-09-28 17:45:00,81,1,3,"[17:45:00,18:05:00)",3,0,2016-09-28,17,45,False
2016-09-28 18:05:00,63,1,3,"[18:05:00,18:25:00)",3,0,2016-09-28,18,5,False
2016-09-28 18:25:00,56,1,3,"[18:25:00,18:45:00)",3,0,2016-09-28,18,25,False
2016-09-28 18:45:00,56,1,3,"[18:45:00,19:05:00)",3,0,2016-09-28,18,45,False
2016-09-28 19:05:00,62,1,3,"[19:05:00,19:25:00)",3,0,2016-09-28,19,5,False
2016-09-28 19:25:00,61,1,3,"[19:25:00,19:45:00)",3,0,2016-09-28,19,25,False
2016-09-28 19:45:00,37,1,3,"[19:45:00,20:05:00)",3,0,2016-09-28,19,45,False
2016-09-28 20:05:00,25,1,3,"[20:05:00,20:25:00)",3,0,2016-09-28,20,5,False
2016-09-28 20:25:00,17,1,3,"[20:25:00,20:45:00)",3,0,2016-09-28,20,25,False
2016-09-28 20:45:00,30,1,3,"[20:45:00,21:05:00)",3,0,2016-09-28,20,45,False
2016-09-28 21:05:00,24,1,3,"[21:05:00,21:25:00)",3,0,2016-09-28,21,5,False
2016-09-28 21:25:00,32,1,3,"[21:25:00,21:45:00)",3,0,2016-09-28,21,25,False
2016-09-28 21:45:00,26,1,3,"[21:45:00,22:05:00)",3,0,2016-09-28,21,45,False
2016-09-28 22:05:00,17,1,3,"[22:05:00,22:25:00)",3,0,2016-09-28,22,5,False
2016-09-28 22:25:00,21,1,3,"[22:25:00,22:45:00)",3,0,2016-09-28,22,25,False
2016-09-28 22:45:00,15,1,3,"[22:45:00,23:05:00)",3,0,2016-09-28,22,45,False
2016-09-28 23:05:00,18,1,3,"[23:05:00,23:25:00)",3,0,2016-09-28,23,5,False
2016-09-28 23:25:00,16,1,3,"[23:25:00,23:45:00)",3,0,2016-09-28,23,25,False
2016-09-28 23:45:00,51,1,3,"[23:45:00,00:00:00)",3,0,2016-09-28,23,45,False
2016-09-29 00:05:00,114,1,3,"[00:05:00,00:25:00)",4,0,2016-09-29,0,5,False
2016-09-29 00:25:00,66,1,3,"[00:25:00,00:45:00)",4,0,2016-09-29,0,25,False
2016-09-29 00:45:00,62,1,3,"[00:45:00,01:05:00)",4,0,2016-09-29,0,45,False
2016-09-29 01:05:00,10,1,3,"[01:05:00,01:25:00)",4,0,2016-09-29,1,5,False
2016-09-29 01:25:00,5,1,3,"[01:25:00,01:45:00)",4,0,2016-09-29,1,25,False
2016-09-29 01:45:00,6,1,3,"[01:45:00,02:05:00)",4,0,2016-09-29,1,45,False
2016-09-29 02:05:00,13,1,3,"[02:05:00,02:25:00)",4,0,2016-09-29,2,5,False
2016-09-29 02:25:00,2,1,3,"[02:25:00,02:45:00)",4,0,2016-09-29,2,25,False
2016-09-29 02:45:00,4,1,3,"[02:45:00,03:05:00)",4,0,2016-09-29,2,45,False
2016-09-29 03:05:00,6,1,3,"[03:05:00,03:25:00)",4,0,2016-09-29,3,5,False
2016-09-29 03:25:00,3,1,3,"[03:25:00,03:45:00)",4,0,2016-09-29,3,25,False
2016-09-29 03:45:00,2,1,3,"[03:45:00,04:05:00)",4,0,2016-09-29,3,45,False
2016-09-29 04:05:00,3,1,3,"[04:05:00,04:25:00)",4,0,2016-09-29,4,5,False
2016-09-29 04:25:00,4,1,3,"[04:25:00,04:45:00)",4,0,2016-09-29,4,25,False
2016-09-29 04:45:00,7,1,3,"[04:45:00,05:05:00)",4,0,2016-09-29,4,45,False
2016-09-29 05:05:00,8,1,3,"[05:05:00,05:25:00)",4,0,2016-09-29,5,5,False
2016-09-29 05:25:00,14,1,3,"[05:25:00,05:45:00)",4,0,2016-09-29,5,25,False
2016-09-29 05:45:00,11,1,3,"[05:45:00,06:05:00)",4,0,2016-09-29,5,45,False
2016-09-29 06:05:00,19,1,3,"[06:05:00,06:25:00)",4,0,2016-09-29,6,5,False
2016-09-29 06:25:00,25,1,3,"[06:25:00,06:45:00)",4,0,2016-09-29,6,25,False
2016-09-29 06:45:00,35,1,3,"[06:45:00,07:05:00)",4,0,2016-09-29,6,45,False
2016-09-29 07:05:00,54,1,3,"[07:05:00,07:25:00)",4,0,2016-09-29,7,5,False
2016-09-29 07:25:00,58,1,3,"[07:25:00,07:45:00)",4,0,2016-09-29,7,25,False
2016-09-29 07:45:00,60,1,3,"[07:45:00,08:05:00)",4,0,2016-09-29,7,45,False
2016-09-29 08:05:00,110,1,3,"[08:05:00,08:25:00)",4,0,2016-09-29,8,5,False
2016-09-29 08:25:00,113,1,3,"[08:25:00,08:45:00)",4,0,2016-09-29,8,25,False
2016-09-29 08:45:00,130,1,3,"[08:45:00,09:05:00)",4,0,2016-09-29,8,45,False
2016-09-29 09:05:00,121,1,3,"[09:05:00,09:25:00)",4,0,2016-09-29,9,5,False
2016-09-29 09:25:00,110,1,3,"[09:25:00,09:45:00)",4,0,2016-09-29,9,25,False
2016-09-29 09:45:00,106,1,3,"[09:45:00,10:05:00)",4,0,2016-09-29,9,45,False
2016-09-29 10:05:00,82,1,3,"[10:05:00,10:25:00)",4,0,2016-09-29,10,5,False
2016-09-29 10:25:00,97,1,3,"[10:25:00,10:45:00)",4,0,2016-09-29,10,25,False
2016-09-29 10:45:00,81,1,3,"[10:45:00,11:05:00)",4,0,2016-09-29,10,45,False
2016-09-29 11:05:00,70,1,3,"[11:05:00,11:25:00)",4,0,2016-09-29,11,5,False
2016-09-29 11:25:00,87,1,3,"[11:25:00,11:45:00)",4,0,2016-09-29,11,25,False
2016-09-29 11:45:00,78,1,3,"[11:45:00,12:05:00)",4,0,2016-09-29,11,45,False
2016-09-29 12:05:00,85,1,3,"[12:05:00,12:25:00)",4,0,2016-09-29,12,5,False
2016-09-29 12:25:00,95,1,3,"[12:25:00,12:45:00)",4,0,2016-09-29,12,25,False
2016-09-29 12:45:00,83,1,3,"[12:45:00,13:05:00)",4,0,2016-09-29,12,45,False
2016-09-29 13:05:00,82,1,3,"[13:05:00,13:25:00)",4,0,2016-09-29,13,5,False
2016-09-29 13:25:00,78,1,3,"[13:25:00,13:45:00)",4,0,2016-09-29,13,25,False
2016-09-29 13:45:00,100,1,3,"[13:45:00,14:05:00)",4,0,2016-09-29,13,45,False
2016-09-29 14:05:00,96,1,3,"[14:05:00,14:25:00)",4,0,2016-09-29,14,5,False
2016-09-29 14:25:00,77,1,3,"[14:25:00,14:45:00)",4,0,2016-09-29,14,25,False
2016-09-29 14:45:00,89,1,3,"[14:45:00,15:05:00)",4,0,2016-09-29,14,45,False
2016-09-29 15:05:00,93,1,3,"[15:05:00,15:25:00)",4,0,2016-09-29,15,5,False
2016-09-29 15:25:00,91,1,3,"[15:25:00,15:45:00)",4,0,2016-09-29,15,25,False
2016-09-29 15:45:00,98,1,3,"[15:45:00,16:05:00)",4,0,2016-09-29,15,45,False
2016-09-29 16:05:00,106,1,3,"[16:05:00,16:25:00)",4,0,2016-09-29,16,5,False
2016-09-29 16:25:00,87,1,3,"[16:25:00,16:45:00)",4,0,2016-09-29,16,25,False
2016-09-29 16:45:00,96,1,3,"[16:45:00,17:05:00)",4,0,2016-09-29,16,45,False
2016-09-29 17:05:00,98,1,3,"[17:05:00,17:25:00)",4,0,2016-09-29,17,5,False
2016-09-29 17:25:00,106,1,3,"[17:25:00,17:45:00)",4,0,2016-09-29,17,25,False
2016-09-29 17:45:00,94,1,3,"[17:45:00,18:05:00)",4,0,2016-09-29,17,45,False
2016-09-29 18:05:00,87,1,3,"[18:05:00,18:25:00)",4,0,2016-09-29,18,5,False
2016-09-29 18:25:00,56,1,3,"[18:25:00,18:45:00)",4,0,2016-09-29,18,25,False
2016-09-29 18:45:00,51,1,3,"[18:45:00,19:05:00)",4,0,2016-09-29,18,45,False
2016-09-29 19:05:00,16,1,3,"[19:05:00,19:25:00)",4,0,2016-09-29,19,5,False
2016-09-29 19:25:00,36,1,3,"[19:25:00,19:45:00)",4,0,2016-09-29,19,25,False
2016-09-29 19:45:00,16,1,3,"[19:45:00,20:05:00)",4,0,2016-09-29,19,45,False
2016-09-29 20:05:00,34,1,3,"[20:05:00,20:25:00)",4,0,2016-09-29,20,5,False
2016-09-29 20:25:00,38,1,3,"[20:25:00,20:45:00)",4,0,2016-09-29,20,25,False
2016-09-29 20:45:00,24,1,3,"[20:45:00,21:05:00)",4,0,2016-09-29,20,45,False
2016-09-29 21:05:00,16,1,3,"[21:05:00,21:25:00)",4,0,2016-09-29,21,5,False
2016-09-29 21:25:00,31,1,3,"[21:25:00,21:45:00)",4,0,2016-09-29,21,25,False
2016-09-29 21:45:00,28,1,3,"[21:45:00,22:05:00)",4,0,2016-09-29,21,45,False
2016-09-29 22:05:00,21,1,3,"[22:05:00,22:25:00)",4,0,2016-09-29,22,5,False
2016-09-29 22:25:00,26,1,3,"[22:25:00,22:45:00)",4,0,2016-09-29,22,25,False
2016-09-29 22:45:00,13,1,3,"[22:45:00,23:05:00)",4,0,2016-09-29,22,45,False
2016-09-29 23:05:00,14,1,3,"[23:05:00,23:25:00)",4,0,2016-09-29,23,5,False
2016-09-29 23:25:00,16,1,3,"[23:25:00,23:45:00)",4,0,2016-09-29,23,25,False
2016-09-29 23:45:00,89,1,3,"[23:45:00,00:00:00)",4,0,2016-09-29,23,45,False
2016-09-30 00:05:00,281,1,3,"[00:05:00,00:25:00)",5,0,2016-09-30,0,5,False
2016-09-30 00:25:00,269,1,3,"[00:25:00,00:45:00)",5,0,2016-09-30,0,25,False
2016-09-30 00:45:00,182,1,3,"[00:45:00,01:05:00)",5,0,2016-09-30,0,45,False
2016-09-30 01:05:00,8,1,3,"[01:05:00,01:25:00)",5,0,2016-09-30,1,5,False
2016-09-30 01:25:00,6,1,3,"[01:25:00,01:45:00)",5,0,2016-09-30,1,25,False
2016-09-30 01:45:00,8,1,3,"[01:45:00,02:05:00)",5,0,2016-09-30,1,45,False
2016-09-30 02:05:00,4,1,3,"[02:05:00,02:25:00)",5,0,2016-09-30,2,5,False
2016-09-30 02:25:00,9,1,3,"[02:25:00,02:45:00)",5,0,2016-09-30,2,25,False
2016-09-30 02:45:00,9,1,3,"[02:45:00,03:05:00)",5,0,2016-09-30,2,45,False
2016-09-30 03:05:00,3,1,3,"[03:05:00,03:25:00)",5,0,2016-09-30,3,5,False
2016-09-30 03:25:00,8,1,3,"[03:25:00,03:45:00)",5,0,2016-09-30,3,25,False
2016-09-30 03:45:00,2,1,3,"[03:45:00,04:05:00)",5,0,2016-09-30,3,45,False
2016-09-30 04:05:00,10,1,3,"[04:05:00,04:25:00)",5,0,2016-09-30,4,5,False
2016-09-30 04:25:00,7,1,3,"[04:25:00,04:45:00)",5,0,2016-09-30,4,25,False
2016-09-30 04:45:00,5,1,3,"[04:45:00,05:05:00)",5,0,2016-09-30,4,45,False
2016-09-30 05:05:00,12,1,3,"[05:05:00,05:25:00)",5,0,2016-09-30,5,5,False
2016-09-30 05:25:00,13,1,3,"[05:25:00,05:45:00)",5,0,2016-09-30,5,25,False
2016-09-30 05:45:00,10,1,3,"[05:45:00,06:05:00)",5,0,2016-09-30,5,45,False
2016-09-30 06:05:00,27,1,3,"[06:05:00,06:25:00)",5,0,2016-09-30,6,5,False
2016-09-30 06:25:00,42,1,3,"[06:25:00,06:45:00)",5,0,2016-09-30,6,25,False
2016-09-30 06:45:00,59,1,3,"[06:45:00,07:05:00)",5,0,2016-09-30,6,45,False
2016-09-30 07:05:00,68,1,3,"[07:05:00,07:25:00)",5,0,2016-09-30,7,5,False
2016-09-30 07:25:00,67,1,3,"[07:25:00,07:45:00)",5,0,2016-09-30,7,25,False
2016-09-30 07:45:00,93,1,3,"[07:45:00,08:05:00)",5,0,2016-09-30,7,45,False
2016-09-30 08:05:00,114,1,3,"[08:05:00,08:25:00)",5,0,2016-09-30,8,5,False
2016-09-30 08:25:00,130,1,3,"[08:25:00,08:45:00)",5,0,2016-09-30,8,25,False
2016-09-30 08:45:00,138,1,3,"[08:45:00,09:05:00)",5,0,2016-09-30,8,45,False
2016-09-30 09:05:00,127,1,3,"[09:05:00,09:25:00)",5,0,2016-09-30,9,5,False
2016-09-30 09:25:00,127,1,3,"[09:25:00,09:45:00)",5,0,2016-09-30,9,25,False
2016-09-30 09:45:00,118,1,3,"[09:45:00,10:05:00)",5,0,2016-09-30,9,45,False
2016-09-30 10:05:00,95,1,3,"[10:05:00,10:25:00)",5,0,2016-09-30,10,5,False
2016-09-30 10:25:00,92,1,3,"[10:25:00,10:45:00)",5,0,2016-09-30,10,25,False
2016-09-30 10:45:00,120,1,3,"[10:45:00,11:05:00)",5,0,2016-09-30,10,45,False
2016-09-30 11:05:00,96,1,3,"[11:05:00,11:25:00)",5,0,2016-09-30,11,5,False
2016-09-30 11:25:00,105,1,3,"[11:25:00,11:45:00)",5,0,2016-09-30,11,25,False
2016-09-30 11:45:00,102,1,3,"[11:45:00,12:05:00)",5,0,2016-09-30,11,45,False
2016-09-30 12:05:00,107,1,3,"[12:05:00,12:25:00)",5,0,2016-09-30,12,5,False
2016-09-30 12:25:00,112,1,3,"[12:25:00,12:45:00)",5,0,2016-09-30,12,25,False
2016-09-30 12:45:00,116,1,3,"[12:45:00,13:05:00)",5,0,2016-09-30,12,45,False
2016-09-30 13:05:00,150,1,3,"[13:05:00,13:25:00)",5,0,2016-09-30,13,5,False
2016-09-30 13:25:00,117,1,3,"[13:25:00,13:45:00)",5,0,2016-09-30,13,25,False
2016-09-30 13:45:00,119,1,3,"[13:45:00,14:05:00)",5,0,2016-09-30,13,45,False
2016-09-30 14:05:00,136,1,3,"[14:05:00,14:25:00)",5,0,2016-09-30,14,5,False
2016-09-30 14:25:00,134,1,3,"[14:25:00,14:45:00)",5,0,2016-09-30,14,25,False
2016-09-30 14:45:00,125,1,3,"[14:45:00,15:05:00)",5,0,2016-09-30,14,45,False
2016-09-30 15:05:00,99,1,3,"[15:05:00,15:25:00)",5,0,2016-09-30,15,5,False
2016-09-30 15:25:00,119,1,3,"[15:25:00,15:45:00)",5,0,2016-09-30,15,25,False
2016-09-30 15:45:00,113,1,3,"[15:45:00,16:05:00)",5,0,2016-09-30,15,45,False
2016-09-30 16:05:00,85,1,3,"[16:05:00,16:25:00)",5,0,2016-09-30,16,5,False
2016-09-30 16:25:00,117,1,3,"[16:25:00,16:45:00)",5,0,2016-09-30,16,25,False
2016-09-30 16:45:00,89,1,3,"[16:45:00,17:05:00)",5,0,2016-09-30,16,45,False
2016-09-30 17:05:00,81,1,3,"[17:05:00,17:25:00)",5,0,2016-09-30,17,5,False
2016-09-30 17:25:00,130,1,3,"[17:25:00,17:45:00)",5,0,2016-09-30,17,25,False
2016-09-30 17:45:00,83,1,3,"[17:45:00,18:05:00)",5,0,2016-09-30,17,45,False
2016-09-30 18:05:00,34,1,3,"[18:05:00,18:25:00)",5,0,2016-09-30,18,5,False
2016-09-30 18:25:00,43,1,3,"[18:25:00,18:45:00)",5,0,2016-09-30,18,25,False
2016-09-30 18:45:00,23,1,3,"[18:45:00,19:05:00)",5,0,2016-09-30,18,45,False
2016-09-30 19:05:00,24,1,3,"[19:05:00,19:25:00)",5,0,2016-09-30,19,5,False
2016-09-30 19:25:00,23,1,3,"[19:25:00,19:45:00)",5,0,2016-09-30,19,25,False
2016-09-30 19:45:00,19,1,3,"[19:45:00,20:05:00)",5,0,2016-09-30,19,45,False
2016-09-30 20:05:00,16,1,3,"[20:05:00,20:25:00)",5,0,2016-09-30,20,5,False
2016-09-30 20:25:00,15,1,3,"[20:25:00,20:45:00)",5,0,2016-09-30,20,25,False
2016-09-30 20:45:00,20,1,3,"[20:45:00,21:05:00)",5,0,2016-09-30,20,45,False
2016-09-30 21:05:00,12,1,3,"[21:05:00,21:25:00)",5,0,2016-09-30,21,5,False
2016-09-30 21:25:00,10,1,3,"[21:25:00,21:45:00)",5,0,2016-09-30,21,25,False
2016-09-30 21:45:00,13,1,3,"[21:45:00,22:05:00)",5,0,2016-09-30,21,45,False
2016-09-30 22:05:00,8,1,3,"[22:05:00,22:25:00)",5,0,2016-09-30,22,5,False
2016-09-30 22:25:00,19,1,3,"[22:25:00,22:45:00)",5,0,2016-09-30,22,25,False
2016-09-30 22:45:00,14,1,3,"[22:45:00,23:05:00)",5,0,2016-09-30,22,45,False
2016-09-30 23:05:00,10,1,3,"[23:05:00,23:25:00)",5,0,2016-09-30,23,5,False
2016-09-30 23:25:00,17,1,3,"[23:25:00,23:45:00)",5,0,2016-09-30,23,25,False
2016-09-30 23:45:00,16,1,3,"[23:45:00,00:00:00)",5,0,2016-09-30,23,45,False
2016-10-01 00:05:00,21,1,3,"[00:05:00,00:25:00)",6,1,2016-10-01,0,5,True
2016-10-01 00:25:00,18,1,3,"[00:25:00,00:45:00)",6,1,2016-10-01,0,25,True
2016-10-01 00:45:00,14,1,3,"[00:45:00,01:05:00)",6,1,2016-10-01,0,45,True
2016-10-01 01:05:00,2,1,3,"[01:05:00,01:25:00)",6,1,2016-10-01,1,5,True
2016-10-01 01:25:00,6,1,3,"[01:25:00,01:45:00)",6,1,2016-10-01,1,25,True
2016-10-01 01:45:00,4,1,3,"[01:45:00,02:05:00)",6,1,2016-10-01,1,45,True
2016-10-01 02:05:00,2,1,3,"[02:05:00,02:25:00)",6,1,2016-10-01,2,5,True
2016-10-01 02:25:00,5,1,3,"[02:25:00,02:45:00)",6,1,2016-10-01,2,25,True
2016-10-01 02:45:00,3,1,3,"[02:45:00,03:05:00)",6,1,2016-10-01,2,45,True
2016-10-01 03:05:00,2,1,3,"[03:05:00,03:25:00)",6,1,2016-10-01,3,5,True
2016-10-01 03:25:00,4,1,3,"[03:25:00,03:45:00)",6,1,2016-10-01,3,25,True
2016-10-01 03:45:00,6,1,3,"[03:45:00,04:05:00)",6,1,2016-10-01,3,45,True
2016-10-01 04:05:00,6,1,3,"[04:05:00,04:25:00)",6,1,2016-10-01,4,5,True
2016-10-01 04:25:00,2,1,3,"[04:25:00,04:45:00)",6,1,2016-10-01,4,25,True
2016-10-01 04:45:00,6,1,3,"[04:45:00,05:05:00)",6,1,2016-10-01,4,45,True
2016-10-01 05:05:00,6,1,3,"[05:05:00,05:25:00)",6,1,2016-10-01,5,5,True
2016-10-01 05:25:00,10,1,3,"[05:25:00,05:45:00)",6,1,2016-10-01,5,25,True
2016-10-01 05:45:00,8,1,3,"[05:45:00,06:05:00)",6,1,2016-10-01,5,45,True
2016-10-01 06:05:00,14,1,3,"[06:05:00,06:25:00)",6,1,2016-10-01,6,5,True
2016-10-01 06:25:00,15,1,3,"[06:25:00,06:45:00)",6,1,2016-10-01,6,25,True
2016-10-01 06:45:00,13,1,3,"[06:45:00,07:05:00)",6,1,2016-10-01,6,45,True
2016-10-01 07:05:00,17,1,3,"[07:05:00,07:25:00)",6,1,2016-10-01,7,5,True
2016-10-01 07:25:00,12,1,3,"[07:25:00,07:45:00)",6,1,2016-10-01,7,25,True
2016-10-01 07:45:00,28,1,3,"[07:45:00,08:05:00)",6,1,2016-10-01,7,45,True
2016-10-01 08:05:00,13,1,3,"[08:05:00,08:25:00)",6,1,2016-10-01,8,5,True
2016-10-01 08:25:00,13,1,3,"[08:25:00,08:45:00)",6,1,2016-10-01,8,25,True
2016-10-01 08:45:00,20,1,3,"[08:45:00,09:05:00)",6,1,2016-10-01,8,45,True
2016-10-01 09:05:00,10,1,3,"[09:05:00,09:25:00)",6,1,2016-10-01,9,5,True
2016-10-01 09:25:00,10,1,3,"[09:25:00,09:45:00)",6,1,2016-10-01,9,25,True
2016-10-01 09:45:00,13,1,3,"[09:45:00,10:05:00)",6,1,2016-10-01,9,45,True
2016-10-01 10:05:00,12,1,3,"[10:05:00,10:25:00)",6,1,2016-10-01,10,5,True
2016-10-01 10:25:00,8,1,3,"[10:25:00,10:45:00)",6,1,2016-10-01,10,25,True
2016-10-01 10:45:00,9,1,3,"[10:45:00,11:05:00)",6,1,2016-10-01,10,45,True
2016-10-01 11:05:00,16,1,3,"[11:05:00,11:25:00)",6,1,2016-10-01,11,5,True
2016-10-01 11:25:00,9,1,3,"[11:25:00,11:45:00)",6,1,2016-10-01,11,25,True
2016-10-01 11:45:00,10,1,3,"[11:45:00,12:05:00)",6,1,2016-10-01,11,45,True
2016-10-01 12:05:00,18,1,3,"[12:05:00,12:25:00)",6,1,2016-10-01,12,5,True
2016-10-01 12:25:00,12,1,3,"[12:25:00,12:45:00)",6,1,2016-10-01,12,25,True
2016-10-01 12:45:00,18,1,3,"[12:45:00,13:05:00)",6,1,2016-10-01,12,45,True
2016-10-01 13:05:00,10,1,3,"[13:05:00,13:25:00)",6,1,2016-10-01,13,5,True
2016-10-01 13:25:00,10,1,3,"[13:25:00,13:45:00)",6,1,2016-10-01,13,25,True
2016-10-01 13:45:00,14,1,3,"[13:45:00,14:05:00)",6,1,2016-10-01,13,45,True
2016-10-01 14:05:00,10,1,3,"[14:05:00,14:25:00)",6,1,2016-10-01,14,5,True
2016-10-01 14:25:00,12,1,3,"[14:25:00,14:45:00)",6,1,2016-10-01,14,25,True
2016-10-01 14:45:00,17,1,3,"[14:45:00,15:05:00)",6,1,2016-10-01,14,45,True
2016-10-01 15:05:00,16,1,3,"[15:05:00,15:25:00)",6,1,2016-10-01,15,5,True
2016-10-01 15:25:00,15,1,3,"[15:25:00,15:45:00)",6,1,2016-10-01,15,25,True
2016-10-01 15:45:00,17,1,3,"[15:45:00,16:05:00)",6,1,2016-10-01,15,45,True
2016-10-01 16:05:00,8,1,3,"[16:05:00,16:25:00)",6,1,2016-10-01,16,5,True
2016-10-01 16:25:00,11,1,3,"[16:25:00,16:45:00)",6,1,2016-10-01,16,25,True
2016-10-01 16:45:00,9,1,3,"[16:45:00,17:05:00)",6,1,2016-10-01,16,45,True
2016-10-01 17:05:00,9,1,3,"[17:05:00,17:25:00)",6,1,2016-10-01,17,5,True
2016-10-01 17:25:00,12,1,3,"[17:25:00,17:45:00)",6,1,2016-10-01,17,25,True
2016-10-01 17:45:00,7,1,3,"[17:45:00,18:05:00)",6,1,2016-10-01,17,45,True
2016-10-01 18:05:00,9,1,3,"[18:05:00,18:25:00)",6,1,2016-10-01,18,5,True
2016-10-01 18:25:00,9,1,3,"[18:25:00,18:45:00)",6,1,2016-10-01,18,25,True
2016-10-01 18:45:00,7,1,3,"[18:45:00,19:05:00)",6,1,2016-10-01,18,45,True
2016-10-01 19:05:00,8,1,3,"[19:05:00,19:25:00)",6,1,2016-10-01,19,5,True
2016-10-01 19:25:00,12,1,3,"[19:25:00,19:45:00)",6,1,2016-10-01,19,25,True
2016-10-01 19:45:00,8,1,3,"[19:45:00,20:05:00)",6,1,2016-10-01,19,45,True
2016-10-01 20:05:00,9,1,3,"[20:05:00,20:25:00)",6,1,2016-10-01,20,5,True
2016-10-01 20:25:00,7,1,3,"[20:25:00,20:45:00)",6,1,2016-10-01,20,25,True
2016-10-01 20:45:00,7,1,3,"[20:45:00,21:05:00)",6,1,2016-10-01,20,45,True
2016-10-01 21:05:00,13,1,3,"[21:05:00,21:25:00)",6,1,2016-10-01,21,5,True
2016-10-01 21:25:00,9,1,3,"[21:25:00,21:45:00)",6,1,2016-10-01,21,25,True
2016-10-01 21:45:00,6,1,3,"[21:45:00,22:05:00)",6,1,2016-10-01,21,45,True
2016-10-01 22:05:00,7,1,3,"[22:05:00,22:25:00)",6,1,2016-10-01,22,5,True
2016-10-01 22:25:00,6,1,3,"[22:25:00,22:45:00)",6,1,2016-10-01,22,25,True
2016-10-01 22:45:00,3,1,3,"[22:45:00,23:05:00)",6,1,2016-10-01,22,45,True
2016-10-01 23:05:00,2,1,3,"[23:05:00,23:25:00)",6,1,2016-10-01,23,5,True
2016-10-01 23:25:00,2,1,3,"[23:25:00,23:45:00)",6,1,2016-10-01,23,25,True
2016-10-01 23:45:00,12,1,3,"[23:45:00,00:00:00)",6,1,2016-10-01,23,45,True
2016-10-02 00:05:00,20,1,3,"[00:05:00,00:25:00)",7,1,2016-10-02,0,5,True
2016-10-02 00:25:00,18,1,3,"[00:25:00,00:45:00)",7,1,2016-10-02,0,25,True
2016-10-02 00:45:00,11,1,3,"[00:45:00,01:05:00)",7,1,2016-10-02,0,45,True
2016-10-02 01:05:00,1,1,3,"[01:05:00,01:25:00)",7,1,2016-10-02,1,5,True
2016-10-02 01:25:00,6,1,3,"[01:25:00,01:45:00)",7,1,2016-10-02,1,25,True
2016-10-02 01:45:00,3,1,3,"[01:45:00,02:05:00)",7,1,2016-10-02,1,45,True
2016-10-02 02:05:00,3,1,3,"[02:05:00,02:25:00)",7,1,2016-10-02,2,5,True
2016-10-02 02:25:00,1,1,3,"[02:25:00,02:45:00)",7,1,2016-10-02,2,25,True
2016-10-02 02:45:00,2,1,3,"[02:45:00,03:05:00)",7,1,2016-10-02,2,45,True
2016-10-02 03:05:00,0,1,3,"[03:05:00,03:25:00)",7,1,2016-10-02,3,5,True
2016-10-02 03:25:00,2,1,3,"[03:25:00,03:45:00)",7,1,2016-10-02,3,25,True
2016-10-02 03:45:00,5,1,3,"[03:45:00,04:05:00)",7,1,2016-10-02,3,45,True
2016-10-02 04:05:00,4,1,3,"[04:05:00,04:25:00)",7,1,2016-10-02,4,5,True
2016-10-02 04:25:00,6,1,3,"[04:25:00,04:45:00)",7,1,2016-10-02,4,25,True
2016-10-02 04:45:00,6,1,3,"[04:45:00,05:05:00)",7,1,2016-10-02,4,45,True
2016-10-02 05:05:00,4,1,3,"[05:05:00,05:25:00)",7,1,2016-10-02,5,5,True
2016-10-02 05:25:00,9,1,3,"[05:25:00,05:45:00)",7,1,2016-10-02,5,25,True
2016-10-02 05:45:00,13,1,3,"[05:45:00,06:05:00)",7,1,2016-10-02,5,45,True
2016-10-02 06:05:00,11,1,3,"[06:05:00,06:25:00)",7,1,2016-10-02,6,5,True
2016-10-02 06:25:00,9,1,3,"[06:25:00,06:45:00)",7,1,2016-10-02,6,25,True
2016-10-02 06:45:00,11,1,3,"[06:45:00,07:05:00)",7,1,2016-10-02,6,45,True
2016-10-02 07:05:00,10,1,3,"[07:05:00,07:25:00)",7,1,2016-10-02,7,5,True
2016-10-02 07:25:00,16,1,3,"[07:25:00,07:45:00)",7,1,2016-10-02,7,25,True
2016-10-02 07:45:00,15,1,3,"[07:45:00,08:05:00)",7,1,2016-10-02,7,45,True
2016-10-02 08:05:00,12,1,3,"[08:05:00,08:25:00)",7,1,2016-10-02,8,5,True
2016-10-02 08:25:00,14,1,3,"[08:25:00,08:45:00)",7,1,2016-10-02,8,25,True
2016-10-02 08:45:00,9,1,3,"[08:45:00,09:05:00)",7,1,2016-10-02,8,45,True
2016-10-02 09:05:00,27,1,3,"[09:05:00,09:25:00)",7,1,2016-10-02,9,5,True
2016-10-02 09:25:00,18,1,3,"[09:25:00,09:45:00)",7,1,2016-10-02,9,25,True
2016-10-02 09:45:00,13,1,3,"[09:45:00,10:05:00)",7,1,2016-10-02,9,45,True
2016-10-02 10:05:00,13,1,3,"[10:05:00,10:25:00)",7,1,2016-10-02,10,5,True
2016-10-02 10:25:00,21,1,3,"[10:25:00,10:45:00)",7,1,2016-10-02,10,25,True
2016-10-02 10:45:00,14,1,3,"[10:45:00,11:05:00)",7,1,2016-10-02,10,45,True
2016-10-02 11:05:00,24,1,3,"[11:05:00,11:25:00)",7,1,2016-10-02,11,5,True
2016-10-02 11:25:00,12,1,3,"[11:25:00,11:45:00)",7,1,2016-10-02,11,25,True
2016-10-02 11:45:00,24,1,3,"[11:45:00,12:05:00)",7,1,2016-10-02,11,45,True
2016-10-02 12:05:00,14,1,3,"[12:05:00,12:25:00)",7,1,2016-10-02,12,5,True
2016-10-02 12:25:00,13,1,3,"[12:25:00,12:45:00)",7,1,2016-10-02,12,25,True
2016-10-02 12:45:00,13,1,3,"[12:45:00,13:05:00)",7,1,2016-10-02,12,45,True
2016-10-02 13:05:00,13,1,3,"[13:05:00,13:25:00)",7,1,2016-10-02,13,5,True
2016-10-02 13:25:00,20,1,3,"[13:25:00,13:45:00)",7,1,2016-10-02,13,25,True
2016-10-02 13:45:00,12,1,3,"[13:45:00,14:05:00)",7,1,2016-10-02,13,45,True
2016-10-02 14:05:00,15,1,3,"[14:05:00,14:25:00)",7,1,2016-10-02,14,5,True
2016-10-02 14:25:00,24,1,3,"[14:25:00,14:45:00)",7,1,2016-10-02,14,25,True
2016-10-02 14:45:00,22,1,3,"[14:45:00,15:05:00)",7,1,2016-10-02,14,45,True
2016-10-02 15:05:00,13,1,3,"[15:05:00,15:25:00)",7,1,2016-10-02,15,5,True
2016-10-02 15:25:00,25,1,3,"[15:25:00,15:45:00)",7,1,2016-10-02,15,25,True
2016-10-02 15:45:00,19,1,3,"[15:45:00,16:05:00)",7,1,2016-10-02,15,45,True
2016-10-02 16:05:00,11,1,3,"[16:05:00,16:25:00)",7,1,2016-10-02,16,5,True
2016-10-02 16:25:00,17,1,3,"[16:25:00,16:45:00)",7,1,2016-10-02,16,25,True
2016-10-02 16:45:00,16,1,3,"[16:45:00,17:05:00)",7,1,2016-10-02,16,45,True
2016-10-02 17:05:00,5,1,3,"[17:05:00,17:25:00)",7,1,2016-10-02,17,5,True
2016-10-02 17:25:00,17,1,3,"[17:25:00,17:45:00)",7,1,2016-10-02,17,25,True
2016-10-02 17:45:00,12,1,3,"[17:45:00,18:05:00)",7,1,2016-10-02,17,45,True
2016-10-02 18:05:00,7,1,3,"[18:05:00,18:25:00)",7,1,2016-10-02,18,5,True
2016-10-02 18:25:00,14,1,3,"[18:25:00,18:45:00)",7,1,2016-10-02,18,25,True
2016-10-02 18:45:00,6,1,3,"[18:45:00,19:05:00)",7,1,2016-10-02,18,45,True
2016-10-02 19:05:00,13,1,3,"[19:05:00,19:25:00)",7,1,2016-10-02,19,5,True
2016-10-02 19:25:00,11,1,3,"[19:25:00,19:45:00)",7,1,2016-10-02,19,25,True
2016-10-02 19:45:00,17,1,3,"[19:45:00,20:05:00)",7,1,2016-10-02,19,45,True
2016-10-02 20:05:00,16,1,3,"[20:05:00,20:25:00)",7,1,2016-10-02,20,5,True
2016-10-02 20:25:00,9,1,3,"[20:25:00,20:45:00)",7,1,2016-10-02,20,25,True
2016-10-02 20:45:00,13,1,3,"[20:45:00,21:05:00)",7,1,2016-10-02,20,45,True
2016-10-02 21:05:00,6,1,3,"[21:05:00,21:25:00)",7,1,2016-10-02,21,5,True
2016-10-02 21:25:00,9,1,3,"[21:25:00,21:45:00)",7,1,2016-10-02,21,25,True
2016-10-02 21:45:00,3,1,3,"[21:45:00,22:05:00)",7,1,2016-10-02,21,45,True
2016-10-02 22:05:00,7,1,3,"[22:05:00,22:25:00)",7,1,2016-10-02,22,5,True
2016-10-02 22:25:00,9,1,3,"[22:25:00,22:45:00)",7,1,2016-10-02,22,25,True
2016-10-02 22:45:00,8,1,3,"[22:45:00,23:05:00)",7,1,2016-10-02,22,45,True
2016-10-02 23:05:00,2,1,3,"[23:05:00,23:25:00)",7,1,2016-10-02,23,5,True
2016-10-02 23:25:00,2,1,3,"[23:25:00,23:45:00)",7,1,2016-10-02,23,25,True
2016-10-02 23:45:00,9,1,3,"[23:45:00,00:00:00)",7,1,2016-10-02,23,45,True
2016-10-03 00:05:00,26,1,3,"[00:05:00,00:25:00)",1,0,2016-10-03,0,5,True
2016-10-03 00:25:00,28,1,3,"[00:25:00,00:45:00)",1,0,2016-10-03,0,25,True
2016-10-03 00:45:00,14,1,3,"[00:45:00,01:05:00)",1,0,2016-10-03,0,45,True
2016-10-03 01:05:00,4,1,3,"[01:05:00,01:25:00)",1,0,2016-10-03,1,5,True
2016-10-03 01:25:00,3,1,3,"[01:25:00,01:45:00)",1,0,2016-10-03,1,25,True
2016-10-03 01:45:00,3,1,3,"[01:45:00,02:05:00)",1,0,2016-10-03,1,45,True
2016-10-03 02:05:00,2,1,3,"[02:05:00,02:25:00)",1,0,2016-10-03,2,5,True
2016-10-03 02:25:00,5,1,3,"[02:25:00,02:45:00)",1,0,2016-10-03,2,25,True
2016-10-03 02:45:00,4,1,3,"[02:45:00,03:05:00)",1,0,2016-10-03,2,45,True
2016-10-03 03:05:00,5,1,3,"[03:05:00,03:25:00)",1,0,2016-10-03,3,5,True
2016-10-03 03:25:00,2,1,3,"[03:25:00,03:45:00)",1,0,2016-10-03,3,25,True
2016-10-03 03:45:00,3,1,3,"[03:45:00,04:05:00)",1,0,2016-10-03,3,45,True
2016-10-03 04:05:00,7,1,3,"[04:05:00,04:25:00)",1,0,2016-10-03,4,5,True
2016-10-03 04:25:00,8,1,3,"[04:25:00,04:45:00)",1,0,2016-10-03,4,25,True
2016-10-03 04:45:00,5,1,3,"[04:45:00,05:05:00)",1,0,2016-10-03,4,45,True
2016-10-03 05:05:00,4,1,3,"[05:05:00,05:25:00)",1,0,2016-10-03,5,5,True
2016-10-03 05:25:00,7,1,3,"[05:25:00,05:45:00)",1,0,2016-10-03,5,25,True
2016-10-03 05:45:00,4,1,3,"[05:45:00,06:05:00)",1,0,2016-10-03,5,45,True
2016-10-03 06:05:00,8,1,3,"[06:05:00,06:25:00)",1,0,2016-10-03,6,5,True
2016-10-03 06:25:00,21,1,3,"[06:25:00,06:45:00)",1,0,2016-10-03,6,25,True
2016-10-03 06:45:00,14,1,3,"[06:45:00,07:05:00)",1,0,2016-10-03,6,45,True
2016-10-03 07:05:00,14,1,3,"[07:05:00,07:25:00)",1,0,2016-10-03,7,5,True
2016-10-03 07:25:00,12,1,3,"[07:25:00,07:45:00)",1,0,2016-10-03,7,25,True
2016-10-03 07:45:00,15,1,3,"[07:45:00,08:05:00)",1,0,2016-10-03,7,45,True
2016-10-03 08:05:00,16,1,3,"[08:05:00,08:25:00)",1,0,2016-10-03,8,5,True
2016-10-03 08:25:00,14,1,3,"[08:25:00,08:45:00)",1,0,2016-10-03,8,25,True
2016-10-03 08:45:00,19,1,3,"[08:45:00,09:05:00)",1,0,2016-10-03,8,45,True
2016-10-03 09:05:00,26,1,3,"[09:05:00,09:25:00)",1,0,2016-10-03,9,5,True
2016-10-03 09:25:00,19,1,3,"[09:25:00,09:45:00)",1,0,2016-10-03,9,25,True
2016-10-03 09:45:00,16,1,3,"[09:45:00,10:05:00)",1,0,2016-10-03,9,45,True
2016-10-03 10:05:00,17,1,3,"[10:05:00,10:25:00)",1,0,2016-10-03,10,5,True
2016-10-03 10:25:00,29,1,3,"[10:25:00,10:45:00)",1,0,2016-10-03,10,25,True
2016-10-03 10:45:00,19,1,3,"[10:45:00,11:05:00)",1,0,2016-10-03,10,45,True
2016-10-03 11:05:00,35,1,3,"[11:05:00,11:25:00)",1,0,2016-10-03,11,5,True
2016-10-03 11:25:00,21,1,3,"[11:25:00,11:45:00)",1,0,2016-10-03,11,25,True
2016-10-03 11:45:00,23,1,3,"[11:45:00,12:05:00)",1,0,2016-10-03,11,45,True
2016-10-03 12:05:00,22,1,3,"[12:05:00,12:25:00)",1,0,2016-10-03,12,5,True
2016-10-03 12:25:00,29,1,3,"[12:25:00,12:45:00)",1,0,2016-10-03,12,25,True
2016-10-03 12:45:00,28,1,3,"[12:45:00,13:05:00)",1,0,2016-10-03,12,45,True
2016-10-03 13:05:00,25,1,3,"[13:05:00,13:25:00)",1,0,2016-10-03,13,5,True
2016-10-03 13:25:00,28,1,3,"[13:25:00,13:45:00)",1,0,2016-10-03,13,25,True
2016-10-03 13:45:00,24,1,3,"[13:45:00,14:05:00)",1,0,2016-10-03,13,45,True
2016-10-03 14:05:00,26,1,3,"[14:05:00,14:25:00)",1,0,2016-10-03,14,5,True
2016-10-03 14:25:00,25,1,3,"[14:25:00,14:45:00)",1,0,2016-10-03,14,25,True
2016-10-03 14:45:00,25,1,3,"[14:45:00,15:05:00)",1,0,2016-10-03,14,45,True
2016-10-03 15:05:00,31,1,3,"[15:05:00,15:25:00)",1,0,2016-10-03,15,5,True
2016-10-03 15:25:00,34,1,3,"[15:25:00,15:45:00)",1,0,2016-10-03,15,25,True
2016-10-03 15:45:00,20,1,3,"[15:45:00,16:05:00)",1,0,2016-10-03,15,45,True
2016-10-03 16:05:00,21,1,3,"[16:05:00,16:25:00)",1,0,2016-10-03,16,5,True
2016-10-03 16:25:00,21,1,3,"[16:25:00,16:45:00)",1,0,2016-10-03,16,25,True
2016-10-03 16:45:00,18,1,3,"[16:45:00,17:05:00)",1,0,2016-10-03,16,45,True
2016-10-03 17:05:00,15,1,3,"[17:05:00,17:25:00)",1,0,2016-10-03,17,5,True
2016-10-03 17:25:00,8,1,3,"[17:25:00,17:45:00)",1,0,2016-10-03,17,25,True
2016-10-03 17:45:00,8,1,3,"[17:45:00,18:05:00)",1,0,2016-10-03,17,45,True
2016-10-03 18:05:00,18,1,3,"[18:05:00,18:25:00)",1,0,2016-10-03,18,5,True
2016-10-03 18:25:00,17,1,3,"[18:25:00,18:45:00)",1,0,2016-10-03,18,25,True
2016-10-03 18:45:00,10,1,3,"[18:45:00,19:05:00)",1,0,2016-10-03,18,45,True
2016-10-03 19:05:00,8,1,3,"[19:05:00,19:25:00)",1,0,2016-10-03,19,5,True
2016-10-03 19:25:00,10,1,3,"[19:25:00,19:45:00)",1,0,2016-10-03,19,25,True
2016-10-03 19:45:00,14,1,3,"[19:45:00,20:05:00)",1,0,2016-10-03,19,45,True
2016-10-03 20:05:00,13,1,3,"[20:05:00,20:25:00)",1,0,2016-10-03,20,5,True
2016-10-03 20:25:00,12,1,3,"[20:25:00,20:45:00)",1,0,2016-10-03,20,25,True
2016-10-03 20:45:00,10,1,3,"[20:45:00,21:05:00)",1,0,2016-10-03,20,45,True
2016-10-03 21:05:00,10,1,3,"[21:05:00,21:25:00)",1,0,2016-10-03,21,5,True
2016-10-03 21:25:00,9,1,3,"[21:25:00,21:45:00)",1,0,2016-10-03,21,25,True
2016-10-03 21:45:00,3,1,3,"[21:45:00,22:05:00)",1,0,2016-10-03,21,45,True
2016-10-03 22:05:00,3,1,3,"[22:05:00,22:25:00)",1,0,2016-10-03,22,5,True
2016-10-03 22:25:00,5,1,3,"[22:25:00,22:45:00)",1,0,2016-10-03,22,25,True
2016-10-03 22:45:00,10,1,3,"[22:45:00,23:05:00)",1,0,2016-10-03,22,45,True
2016-10-03 23:05:00,2,1,3,"[23:05:00,23:25:00)",1,0,2016-10-03,23,5,True
2016-10-03 23:25:00,1,1,3,"[23:25:00,23:45:00)",1,0,2016-10-03,23,25,True
2016-10-03 23:45:00,12,1,3,"[23:45:00,00:00:00)",1,0,2016-10-03,23,45,True
2016-10-04 00:05:00,47,1,3,"[00:05:00,00:25:00)",2,0,2016-10-04,0,5,True
2016-10-04 00:25:00,26,1,3,"[00:25:00,00:45:00)",2,0,2016-10-04,0,25,True
2016-10-04 00:45:00,24,1,3,"[00:45:00,01:05:00)",2,0,2016-10-04,0,45,True
2016-10-04 01:05:00,5,1,3,"[01:05:00,01:25:00)",2,0,2016-10-04,1,5,True
2016-10-04 01:25:00,0,1,3,"[01:25:00,01:45:00)",2,0,2016-10-04,1,25,True
2016-10-04 01:45:00,1,1,3,"[01:45:00,02:05:00)",2,0,2016-10-04,1,45,True
2016-10-04 02:05:00,3,1,3,"[02:05:00,02:25:00)",2,0,2016-10-04,2,5,True
2016-10-04 02:25:00,7,1,3,"[02:25:00,02:45:00)",2,0,2016-10-04,2,25,True
2016-10-04 02:45:00,3,1,3,"[02:45:00,03:05:00)",2,0,2016-10-04,2,45,True
2016-10-04 03:05:00,5,1,3,"[03:05:00,03:25:00)",2,0,2016-10-04,3,5,True
2016-10-04 03:25:00,5,1,3,"[03:25:00,03:45:00)",2,0,2016-10-04,3,25,True
2016-10-04 03:45:00,5,1,3,"[03:45:00,04:05:00)",2,0,2016-10-04,3,45,True
2016-10-04 04:05:00,3,1,3,"[04:05:00,04:25:00)",2,0,2016-10-04,4,5,True
2016-10-04 04:25:00,6,1,3,"[04:25:00,04:45:00)",2,0,2016-10-04,4,25,True
2016-10-04 04:45:00,3,1,3,"[04:45:00,05:05:00)",2,0,2016-10-04,4,45,True
2016-10-04 05:05:00,9,1,3,"[05:05:00,05:25:00)",2,0,2016-10-04,5,5,True
2016-10-04 05:25:00,9,1,3,"[05:25:00,05:45:00)",2,0,2016-10-04,5,25,True
2016-10-04 05:45:00,8,1,3,"[05:45:00,06:05:00)",2,0,2016-10-04,5,45,True
2016-10-04 06:05:00,11,1,3,"[06:05:00,06:25:00)",2,0,2016-10-04,6,5,True
2016-10-04 06:25:00,12,1,3,"[06:25:00,06:45:00)",2,0,2016-10-04,6,25,True
2016-10-04 06:45:00,11,1,3,"[06:45:00,07:05:00)",2,0,2016-10-04,6,45,True
2016-10-04 07:05:00,8,1,3,"[07:05:00,07:25:00)",2,0,2016-10-04,7,5,True
2016-10-04 07:25:00,17,1,3,"[07:25:00,07:45:00)",2,0,2016-10-04,7,25,True
2016-10-04 07:45:00,16,1,3,"[07:45:00,08:05:00)",2,0,2016-10-04,7,45,True
2016-10-04 08:05:00,14,1,3,"[08:05:00,08:25:00)",2,0,2016-10-04,8,5,True
2016-10-04 08:25:00,27,1,3,"[08:25:00,08:45:00)",2,0,2016-10-04,8,25,True
2016-10-04 08:45:00,31,1,3,"[08:45:00,09:05:00)",2,0,2016-10-04,8,45,True
2016-10-04 09:05:00,30,1,3,"[09:05:00,09:25:00)",2,0,2016-10-04,9,5,True
2016-10-04 09:25:00,18,1,3,"[09:25:00,09:45:00)",2,0,2016-10-04,9,25,True
2016-10-04 09:45:00,25,1,3,"[09:45:00,10:05:00)",2,0,2016-10-04,9,45,True
2016-10-04 10:05:00,22,1,3,"[10:05:00,10:25:00)",2,0,2016-10-04,10,5,True
2016-10-04 10:25:00,19,1,3,"[10:25:00,10:45:00)",2,0,2016-10-04,10,25,True
2016-10-04 10:45:00,19,1,3,"[10:45:00,11:05:00)",2,0,2016-10-04,10,45,True
2016-10-04 11:05:00,18,1,3,"[11:05:00,11:25:00)",2,0,2016-10-04,11,5,True
2016-10-04 11:25:00,18,1,3,"[11:25:00,11:45:00)",2,0,2016-10-04,11,25,True
2016-10-04 11:45:00,26,1,3,"[11:45:00,12:05:00)",2,0,2016-10-04,11,45,True
2016-10-04 12:05:00,20,1,3,"[12:05:00,12:25:00)",2,0,2016-10-04,12,5,True
2016-10-04 12:25:00,20,1,3,"[12:25:00,12:45:00)",2,0,2016-10-04,12,25,True
2016-10-04 12:45:00,21,1,3,"[12:45:00,13:05:00)",2,0,2016-10-04,12,45,True
2016-10-04 13:05:00,16,1,3,"[13:05:00,13:25:00)",2,0,2016-10-04,13,5,True
2016-10-04 13:25:00,22,1,3,"[13:25:00,13:45:00)",2,0,2016-10-04,13,25,True
2016-10-04 13:45:00,28,1,3,"[13:45:00,14:05:00)",2,0,2016-10-04,13,45,True
2016-10-04 14:05:00,34,1,3,"[14:05:00,14:25:00)",2,0,2016-10-04,14,5,True
2016-10-04 14:25:00,26,1,3,"[14:25:00,14:45:00)",2,0,2016-10-04,14,25,True
2016-10-04 14:45:00,19,1,3,"[14:45:00,15:05:00)",2,0,2016-10-04,14,45,True
2016-10-04 15:05:00,27,1,3,"[15:05:00,15:25:00)",2,0,2016-10-04,15,5,True
2016-10-04 15:25:00,17,1,3,"[15:25:00,15:45:00)",2,0,2016-10-04,15,25,True
2016-10-04 15:45:00,29,1,3,"[15:45:00,16:05:00)",2,0,2016-10-04,15,45,True
2016-10-04 16:05:00,13,1,3,"[16:05:00,16:25:00)",2,0,2016-10-04,16,5,True
2016-10-04 16:25:00,10,1,3,"[16:25:00,16:45:00)",2,0,2016-10-04,16,25,True
2016-10-04 16:45:00,23,1,3,"[16:45:00,17:05:00)",2,0,2016-10-04,16,45,True
2016-10-04 17:05:00,5,1,3,"[17:05:00,17:25:00)",2,0,2016-10-04,17,5,True
2016-10-04 17:25:00,16,1,3,"[17:25:00,17:45:00)",2,0,2016-10-04,17,25,True
2016-10-04 17:45:00,13,1,3,"[17:45:00,18:05:00)",2,0,2016-10-04,17,45,True
2016-10-04 18:05:00,14,1,3,"[18:05:00,18:25:00)",2,0,2016-10-04,18,5,True
2016-10-04 18:25:00,9,1,3,"[18:25:00,18:45:00)",2,0,2016-10-04,18,25,True
2016-10-04 18:45:00,10,1,3,"[18:45:00,19:05:00)",2,0,2016-10-04,18,45,True
2016-10-04 19:05:00,17,1,3,"[19:05:00,19:25:00)",2,0,2016-10-04,19,5,True
2016-10-04 19:25:00,14,1,3,"[19:25:00,19:45:00)",2,0,2016-10-04,19,25,True
2016-10-04 19:45:00,14,1,3,"[19:45:00,20:05:00)",2,0,2016-10-04,19,45,True
2016-10-04 20:05:00,6,1,3,"[20:05:00,20:25:00)",2,0,2016-10-04,20,5,True
2016-10-04 20:25:00,9,1,3,"[20:25:00,20:45:00)",2,0,2016-10-04,20,25,True
2016-10-04 20:45:00,8,1,3,"[20:45:00,21:05:00)",2,0,2016-10-04,20,45,True
2016-10-04 21:05:00,8,1,3,"[21:05:00,21:25:00)",2,0,2016-10-04,21,5,True
2016-10-04 21:25:00,5,1,3,"[21:25:00,21:45:00)",2,0,2016-10-04,21,25,True
2016-10-04 21:45:00,10,1,3,"[21:45:00,22:05:00)",2,0,2016-10-04,21,45,True
2016-10-04 22:05:00,3,1,3,"[22:05:00,22:25:00)",2,0,2016-10-04,22,5,True
2016-10-04 22:25:00,7,1,3,"[22:25:00,22:45:00)",2,0,2016-10-04,22,25,True
2016-10-04 22:45:00,5,1,3,"[22:45:00,23:05:00)",2,0,2016-10-04,22,45,True
2016-10-04 23:05:00,5,1,3,"[23:05:00,23:25:00)",2,0,2016-10-04,23,5,True
2016-10-04 23:25:00,4,1,3,"[23:25:00,23:45:00)",2,0,2016-10-04,23,25,True
2016-10-04 23:45:00,15,1,3,"[23:45:00,00:00:00)",2,0,2016-10-04,23,45,True
2016-10-05 00:05:00,40,1,3,"[00:05:00,00:25:00)",3,0,2016-10-05,0,5,True
2016-10-05 00:25:00,31,1,3,"[00:25:00,00:45:00)",3,0,2016-10-05,0,25,True
2016-10-05 00:45:00,13,1,3,"[00:45:00,01:05:00)",3,0,2016-10-05,0,45,True
2016-10-05 01:05:00,0,1,3,"[01:05:00,01:25:00)",3,0,2016-10-05,1,5,True
2016-10-05 01:25:00,4,1,3,"[01:25:00,01:45:00)",3,0,2016-10-05,1,25,True
2016-10-05 01:45:00,4,1,3,"[01:45:00,02:05:00)",3,0,2016-10-05,1,45,True
2016-10-05 02:05:00,3,1,3,"[02:05:00,02:25:00)",3,0,2016-10-05,2,5,True
2016-10-05 02:25:00,3,1,3,"[02:25:00,02:45:00)",3,0,2016-10-05,2,25,True
2016-10-05 02:45:00,4,1,3,"[02:45:00,03:05:00)",3,0,2016-10-05,2,45,True
2016-10-05 03:05:00,2,1,3,"[03:05:00,03:25:00)",3,0,2016-10-05,3,5,True
2016-10-05 03:25:00,2,1,3,"[03:25:00,03:45:00)",3,0,2016-10-05,3,25,True
2016-10-05 03:45:00,7,1,3,"[03:45:00,04:05:00)",3,0,2016-10-05,3,45,True
2016-10-05 04:05:00,1,1,3,"[04:05:00,04:25:00)",3,0,2016-10-05,4,5,True
2016-10-05 04:25:00,6,1,3,"[04:25:00,04:45:00)",3,0,2016-10-05,4,25,True
2016-10-05 04:45:00,12,1,3,"[04:45:00,05:05:00)",3,0,2016-10-05,4,45,True
2016-10-05 05:05:00,4,1,3,"[05:05:00,05:25:00)",3,0,2016-10-05,5,5,True
2016-10-05 05:25:00,5,1,3,"[05:25:00,05:45:00)",3,0,2016-10-05,5,25,True
2016-10-05 05:45:00,11,1,3,"[05:45:00,06:05:00)",3,0,2016-10-05,5,45,True
2016-10-05 06:05:00,17,1,3,"[06:05:00,06:25:00)",3,0,2016-10-05,6,5,True
2016-10-05 06:25:00,16,1,3,"[06:25:00,06:45:00)",3,0,2016-10-05,6,25,True
2016-10-05 06:45:00,15,1,3,"[06:45:00,07:05:00)",3,0,2016-10-05,6,45,True
2016-10-05 07:05:00,12,1,3,"[07:05:00,07:25:00)",3,0,2016-10-05,7,5,True
2016-10-05 07:25:00,16,1,3,"[07:25:00,07:45:00)",3,0,2016-10-05,7,25,True
2016-10-05 07:45:00,13,1,3,"[07:45:00,08:05:00)",3,0,2016-10-05,7,45,True
2016-10-05 08:05:00,20,1,3,"[08:05:00,08:25:00)",3,0,2016-10-05,8,5,True
2016-10-05 08:25:00,21,1,3,"[08:25:00,08:45:00)",3,0,2016-10-05,8,25,True
2016-10-05 08:45:00,31,1,3,"[08:45:00,09:05:00)",3,0,2016-10-05,8,45,True
2016-10-05 09:05:00,35,1,3,"[09:05:00,09:25:00)",3,0,2016-10-05,9,5,True
2016-10-05 09:25:00,29,1,3,"[09:25:00,09:45:00)",3,0,2016-10-05,9,25,True
2016-10-05 09:45:00,22,1,3,"[09:45:00,10:05:00)",3,0,2016-10-05,9,45,True
2016-10-05 10:05:00,13,1,3,"[10:05:00,10:25:00)",3,0,2016-10-05,10,5,True
2016-10-05 10:25:00,41,1,3,"[10:25:00,10:45:00)",3,0,2016-10-05,10,25,True
2016-10-05 10:45:00,23,1,3,"[10:45:00,11:05:00)",3,0,2016-10-05,10,45,True
2016-10-05 11:05:00,28,1,3,"[11:05:00,11:25:00)",3,0,2016-10-05,11,5,True
2016-10-05 11:25:00,21,1,3,"[11:25:00,11:45:00)",3,0,2016-10-05,11,25,True
2016-10-05 11:45:00,21,1,3,"[11:45:00,12:05:00)",3,0,2016-10-05,11,45,True
2016-10-05 12:05:00,22,1,3,"[12:05:00,12:25:00)",3,0,2016-10-05,12,5,True
2016-10-05 12:25:00,16,1,3,"[12:25:00,12:45:00)",3,0,2016-10-05,12,25,True
2016-10-05 12:45:00,30,1,3,"[12:45:00,13:05:00)",3,0,2016-10-05,12,45,True
2016-10-05 13:05:00,32,1,3,"[13:05:00,13:25:00)",3,0,2016-10-05,13,5,True
2016-10-05 13:25:00,34,1,3,"[13:25:00,13:45:00)",3,0,2016-10-05,13,25,True
2016-10-05 13:45:00,37,1,3,"[13:45:00,14:05:00)",3,0,2016-10-05,13,45,True
2016-10-05 14:05:00,30,1,3,"[14:05:00,14:25:00)",3,0,2016-10-05,14,5,True
2016-10-05 14:25:00,33,1,3,"[14:25:00,14:45:00)",3,0,2016-10-05,14,25,True
2016-10-05 14:45:00,30,1,3,"[14:45:00,15:05:00)",3,0,2016-10-05,14,45,True
2016-10-05 15:05:00,14,1,3,"[15:05:00,15:25:00)",3,0,2016-10-05,15,5,True
2016-10-05 15:25:00,19,1,3,"[15:25:00,15:45:00)",3,0,2016-10-05,15,25,True
2016-10-05 15:45:00,22,1,3,"[15:45:00,16:05:00)",3,0,2016-10-05,15,45,True
2016-10-05 16:05:00,32,1,3,"[16:05:00,16:25:00)",3,0,2016-10-05,16,5,True
2016-10-05 16:25:00,22,1,3,"[16:25:00,16:45:00)",3,0,2016-10-05,16,25,True
2016-10-05 16:45:00,14,1,3,"[16:45:00,17:05:00)",3,0,2016-10-05,16,45,True
2016-10-05 17:05:00,8,1,3,"[17:05:00,17:25:00)",3,0,2016-10-05,17,5,True
2016-10-05 17:25:00,16,1,3,"[17:25:00,17:45:00)",3,0,2016-10-05,17,25,True
2016-10-05 17:45:00,10,1,3,"[17:45:00,18:05:00)",3,0,2016-10-05,17,45,True
2016-10-05 18:05:00,9,1,3,"[18:05:00,18:25:00)",3,0,2016-10-05,18,5,True
2016-10-05 18:25:00,7,1,3,"[18:25:00,18:45:00)",3,0,2016-10-05,18,25,True
2016-10-05 18:45:00,10,1,3,"[18:45:00,19:05:00)",3,0,2016-10-05,18,45,True
2016-10-05 19:05:00,12,1,3,"[19:05:00,19:25:00)",3,0,2016-10-05,19,5,True
2016-10-05 19:25:00,14,1,3,"[19:25:00,19:45:00)",3,0,2016-10-05,19,25,True
2016-10-05 19:45:00,12,1,3,"[19:45:00,20:05:00)",3,0,2016-10-05,19,45,True
2016-10-05 20:05:00,10,1,3,"[20:05:00,20:25:00)",3,0,2016-10-05,20,5,True
2016-10-05 20:25:00,14,1,3,"[20:25:00,20:45:00)",3,0,2016-10-05,20,25,True
2016-10-05 20:45:00,13,1,3,"[20:45:00,21:05:00)",3,0,2016-10-05,20,45,True
2016-10-05 21:05:00,5,1,3,"[21:05:00,21:25:00)",3,0,2016-10-05,21,5,True
2016-10-05 21:25:00,8,1,3,"[21:25:00,21:45:00)",3,0,2016-10-05,21,25,True
2016-10-05 21:45:00,4,1,3,"[21:45:00,22:05:00)",3,0,2016-10-05,21,45,True
2016-10-05 22:05:00,2,1,3,"[22:05:00,22:25:00)",3,0,2016-10-05,22,5,True
2016-10-05 22:25:00,5,1,3,"[22:25:00,22:45:00)",3,0,2016-10-05,22,25,True
2016-10-05 22:45:00,4,1,3,"[22:45:00,23:05:00)",3,0,2016-10-05,22,45,True
2016-10-05 23:05:00,4,1,3,"[23:05:00,23:25:00)",3,0,2016-10-05,23,5,True
2016-10-05 23:25:00,4,1,3,"[23:25:00,23:45:00)",3,0,2016-10-05,23,25,True
2016-10-05 23:45:00,15,1,3,"[23:45:00,00:00:00)",3,0,2016-10-05,23,45,True
2016-10-06 00:05:00,34,1,3,"[00:05:00,00:25:00)",4,0,2016-10-06,0,5,True
2016-10-06 00:25:00,38,1,3,"[00:25:00,00:45:00)",4,0,2016-10-06,0,25,True
2016-10-06 00:45:00,24,1,3,"[00:45:00,01:05:00)",4,0,2016-10-06,0,45,True
2016-10-06 01:05:00,1,1,3,"[01:05:00,01:25:00)",4,0,2016-10-06,1,5,True
2016-10-06 01:25:00,2,1,3,"[01:25:00,01:45:00)",4,0,2016-10-06,1,25,True
2016-10-06 01:45:00,2,1,3,"[01:45:00,02:05:00)",4,0,2016-10-06,1,45,True
2016-10-06 02:05:00,3,1,3,"[02:05:00,02:25:00)",4,0,2016-10-06,2,5,True
2016-10-06 02:25:00,4,1,3,"[02:25:00,02:45:00)",4,0,2016-10-06,2,25,True
2016-10-06 02:45:00,2,1,3,"[02:45:00,03:05:00)",4,0,2016-10-06,2,45,True
2016-10-06 03:05:00,4,1,3,"[03:05:00,03:25:00)",4,0,2016-10-06,3,5,True
2016-10-06 03:25:00,2,1,3,"[03:25:00,03:45:00)",4,0,2016-10-06,3,25,True
2016-10-06 03:45:00,3,1,3,"[03:45:00,04:05:00)",4,0,2016-10-06,3,45,True
2016-10-06 04:05:00,2,1,3,"[04:05:00,04:25:00)",4,0,2016-10-06,4,5,True
2016-10-06 04:25:00,5,1,3,"[04:25:00,04:45:00)",4,0,2016-10-06,4,25,True
2016-10-06 04:45:00,8,1,3,"[04:45:00,05:05:00)",4,0,2016-10-06,4,45,True
2016-10-06 05:05:00,15,1,3,"[05:05:00,05:25:00)",4,0,2016-10-06,5,5,True
2016-10-06 05:25:00,11,1,3,"[05:25:00,05:45:00)",4,0,2016-10-06,5,25,True
2016-10-06 05:45:00,6,1,3,"[05:45:00,06:05:00)",4,0,2016-10-06,5,45,True
2016-10-06 06:05:00,15,1,3,"[06:05:00,06:25:00)",4,0,2016-10-06,6,5,True
2016-10-06 06:25:00,9,1,3,"[06:25:00,06:45:00)",4,0,2016-10-06,6,25,True
2016-10-06 06:45:00,26,1,3,"[06:45:00,07:05:00)",4,0,2016-10-06,6,45,True
2016-10-06 07:05:00,17,1,3,"[07:05:00,07:25:00)",4,0,2016-10-06,7,5,True
2016-10-06 07:25:00,15,1,3,"[07:25:00,07:45:00)",4,0,2016-10-06,7,25,True
2016-10-06 07:45:00,17,1,3,"[07:45:00,08:05:00)",4,0,2016-10-06,7,45,True
2016-10-06 08:05:00,23,1,3,"[08:05:00,08:25:00)",4,0,2016-10-06,8,5,True
2016-10-06 08:25:00,21,1,3,"[08:25:00,08:45:00)",4,0,2016-10-06,8,25,True
2016-10-06 08:45:00,25,1,3,"[08:45:00,09:05:00)",4,0,2016-10-06,8,45,True
2016-10-06 09:05:00,26,1,3,"[09:05:00,09:25:00)",4,0,2016-10-06,9,5,True
2016-10-06 09:25:00,19,1,3,"[09:25:00,09:45:00)",4,0,2016-10-06,9,25,True
2016-10-06 09:45:00,28,1,3,"[09:45:00,10:05:00)",4,0,2016-10-06,9,45,True
2016-10-06 10:05:00,30,1,3,"[10:05:00,10:25:00)",4,0,2016-10-06,10,5,True
2016-10-06 10:25:00,25,1,3,"[10:25:00,10:45:00)",4,0,2016-10-06,10,25,True
2016-10-06 10:45:00,30,1,3,"[10:45:00,11:05:00)",4,0,2016-10-06,10,45,True
2016-10-06 11:05:00,28,1,3,"[11:05:00,11:25:00)",4,0,2016-10-06,11,5,True
2016-10-06 11:25:00,13,1,3,"[11:25:00,11:45:00)",4,0,2016-10-06,11,25,True
2016-10-06 11:45:00,16,1,3,"[11:45:00,12:05:00)",4,0,2016-10-06,11,45,True
2016-10-06 12:05:00,42,1,3,"[12:05:00,12:25:00)",4,0,2016-10-06,12,5,True
2016-10-06 12:25:00,23,1,3,"[12:25:00,12:45:00)",4,0,2016-10-06,12,25,True
2016-10-06 12:45:00,33,1,3,"[12:45:00,13:05:00)",4,0,2016-10-06,12,45,True
2016-10-06 13:05:00,37,1,3,"[13:05:00,13:25:00)",4,0,2016-10-06,13,5,True
2016-10-06 13:25:00,24,1,3,"[13:25:00,13:45:00)",4,0,2016-10-06,13,25,True
2016-10-06 13:45:00,28,1,3,"[13:45:00,14:05:00)",4,0,2016-10-06,13,45,True
2016-10-06 14:05:00,26,1,3,"[14:05:00,14:25:00)",4,0,2016-10-06,14,5,True
2016-10-06 14:25:00,21,1,3,"[14:25:00,14:45:00)",4,0,2016-10-06,14,25,True
2016-10-06 14:45:00,25,1,3,"[14:45:00,15:05:00)",4,0,2016-10-06,14,45,True
2016-10-06 15:05:00,25,1,3,"[15:05:00,15:25:00)",4,0,2016-10-06,15,5,True
2016-10-06 15:25:00,29,1,3,"[15:25:00,15:45:00)",4,0,2016-10-06,15,25,True
2016-10-06 15:45:00,21,1,3,"[15:45:00,16:05:00)",4,0,2016-10-06,15,45,True
2016-10-06 16:05:00,15,1,3,"[16:05:00,16:25:00)",4,0,2016-10-06,16,5,True
2016-10-06 16:25:00,16,1,3,"[16:25:00,16:45:00)",4,0,2016-10-06,16,25,True
2016-10-06 16:45:00,25,1,3,"[16:45:00,17:05:00)",4,0,2016-10-06,16,45,True
2016-10-06 17:05:00,12,1,3,"[17:05:00,17:25:00)",4,0,2016-10-06,17,5,True
2016-10-06 17:25:00,13,1,3,"[17:25:00,17:45:00)",4,0,2016-10-06,17,25,True
2016-10-06 17:45:00,12,1,3,"[17:45:00,18:05:00)",4,0,2016-10-06,17,45,True
2016-10-06 18:05:00,15,1,3,"[18:05:00,18:25:00)",4,0,2016-10-06,18,5,True
2016-10-06 18:25:00,10,1,3,"[18:25:00,18:45:00)",4,0,2016-10-06,18,25,True
2016-10-06 18:45:00,6,1,3,"[18:45:00,19:05:00)",4,0,2016-10-06,18,45,True
2016-10-06 19:05:00,7,1,3,"[19:05:00,19:25:00)",4,0,2016-10-06,19,5,True
2016-10-06 19:25:00,12,1,3,"[19:25:00,19:45:00)",4,0,2016-10-06,19,25,True
2016-10-06 19:45:00,10,1,3,"[19:45:00,20:05:00)",4,0,2016-10-06,19,45,True
2016-10-06 20:05:00,5,1,3,"[20:05:00,20:25:00)",4,0,2016-10-06,20,5,True
2016-10-06 20:25:00,15,1,3,"[20:25:00,20:45:00)",4,0,2016-10-06,20,25,True
2016-10-06 20:45:00,8,1,3,"[20:45:00,21:05:00)",4,0,2016-10-06,20,45,True
2016-10-06 21:05:00,8,1,3,"[21:05:00,21:25:00)",4,0,2016-10-06,21,5,True
2016-10-06 21:25:00,3,1,3,"[21:25:00,21:45:00)",4,0,2016-10-06,21,25,True
2016-10-06 21:45:00,9,1,3,"[21:45:00,22:05:00)",4,0,2016-10-06,21,45,True
2016-10-06 22:05:00,8,1,3,"[22:05:00,22:25:00)",4,0,2016-10-06,22,5,True
2016-10-06 22:25:00,10,1,3,"[22:25:00,22:45:00)",4,0,2016-10-06,22,25,True
2016-10-06 22:45:00,5,1,3,"[22:45:00,23:05:00)",4,0,2016-10-06,22,45,True
2016-10-06 23:05:00,4,1,3,"[23:05:00,23:25:00)",4,0,2016-10-06,23,5,True
2016-10-06 23:25:00,8,1,3,"[23:25:00,23:45:00)",4,0,2016-10-06,23,25,True
2016-10-06 23:45:00,11,1,3,"[23:45:00,00:00:00)",4,0,2016-10-06,23,45,True
2016-10-07 00:05:00,53,1,3,"[00:05:00,00:25:00)",5,0,2016-10-07,0,5,True
2016-10-07 00:25:00,40,1,3,"[00:25:00,00:45:00)",5,0,2016-10-07,0,25,True
2016-10-07 00:45:00,13,1,3,"[00:45:00,01:05:00)",5,0,2016-10-07,0,45,True
2016-10-07 01:05:00,4,1,3,"[01:05:00,01:25:00)",5,0,2016-10-07,1,5,True
2016-10-07 01:25:00,3,1,3,"[01:25:00,01:45:00)",5,0,2016-10-07,1,25,True
2016-10-07 01:45:00,2,1,3,"[01:45:00,02:05:00)",5,0,2016-10-07,1,45,True
2016-10-07 02:05:00,2,1,3,"[02:05:00,02:25:00)",5,0,2016-10-07,2,5,True
2016-10-07 02:25:00,2,1,3,"[02:25:00,02:45:00)",5,0,2016-10-07,2,25,True
2016-10-07 02:45:00,1,1,3,"[02:45:00,03:05:00)",5,0,2016-10-07,2,45,True
2016-10-07 03:05:00,2,1,3,"[03:05:00,03:25:00)",5,0,2016-10-07,3,5,True
2016-10-07 03:25:00,5,1,3,"[03:25:00,03:45:00)",5,0,2016-10-07,3,25,True
2016-10-07 03:45:00,2,1,3,"[03:45:00,04:05:00)",5,0,2016-10-07,3,45,True
2016-10-07 04:05:00,7,1,3,"[04:05:00,04:25:00)",5,0,2016-10-07,4,5,True
2016-10-07 04:25:00,3,1,3,"[04:25:00,04:45:00)",5,0,2016-10-07,4,25,True
2016-10-07 04:45:00,6,1,3,"[04:45:00,05:05:00)",5,0,2016-10-07,4,45,True
2016-10-07 05:05:00,7,1,3,"[05:05:00,05:25:00)",5,0,2016-10-07,5,5,True
2016-10-07 05:25:00,7,1,3,"[05:25:00,05:45:00)",5,0,2016-10-07,5,25,True
2016-10-07 05:45:00,12,1,3,"[05:45:00,06:05:00)",5,0,2016-10-07,5,45,True
2016-10-07 06:05:00,14,1,3,"[06:05:00,06:25:00)",5,0,2016-10-07,6,5,True
2016-10-07 06:25:00,26,1,3,"[06:25:00,06:45:00)",5,0,2016-10-07,6,25,True
2016-10-07 06:45:00,18,1,3,"[06:45:00,07:05:00)",5,0,2016-10-07,6,45,True
2016-10-07 07:05:00,21,1,3,"[07:05:00,07:25:00)",5,0,2016-10-07,7,5,True
2016-10-07 07:25:00,19,1,3,"[07:25:00,07:45:00)",5,0,2016-10-07,7,25,True
2016-10-07 07:45:00,19,1,3,"[07:45:00,08:05:00)",5,0,2016-10-07,7,45,True
2016-10-07 08:05:00,23,1,3,"[08:05:00,08:25:00)",5,0,2016-10-07,8,5,True
2016-10-07 08:25:00,28,1,3,"[08:25:00,08:45:00)",5,0,2016-10-07,8,25,True
2016-10-07 08:45:00,20,1,3,"[08:45:00,09:05:00)",5,0,2016-10-07,8,45,True
2016-10-07 09:05:00,32,1,3,"[09:05:00,09:25:00)",5,0,2016-10-07,9,5,True
2016-10-07 09:25:00,32,1,3,"[09:25:00,09:45:00)",5,0,2016-10-07,9,25,True
2016-10-07 09:45:00,28,1,3,"[09:45:00,10:05:00)",5,0,2016-10-07,9,45,True
2016-10-07 10:05:00,30,1,3,"[10:05:00,10:25:00)",5,0,2016-10-07,10,5,True
2016-10-07 10:25:00,26,1,3,"[10:25:00,10:45:00)",5,0,2016-10-07,10,25,True
2016-10-07 10:45:00,29,1,3,"[10:45:00,11:05:00)",5,0,2016-10-07,10,45,True
2016-10-07 11:05:00,15,1,3,"[11:05:00,11:25:00)",5,0,2016-10-07,11,5,True
2016-10-07 11:25:00,22,1,3,"[11:25:00,11:45:00)",5,0,2016-10-07,11,25,True
2016-10-07 11:45:00,21,1,3,"[11:45:00,12:05:00)",5,0,2016-10-07,11,45,True
2016-10-07 12:05:00,24,1,3,"[12:05:00,12:25:00)",5,0,2016-10-07,12,5,True
2016-10-07 12:25:00,20,1,3,"[12:25:00,12:45:00)",5,0,2016-10-07,12,25,True
2016-10-07 12:45:00,32,1,3,"[12:45:00,13:05:00)",5,0,2016-10-07,12,45,True
2016-10-07 13:05:00,40,1,3,"[13:05:00,13:25:00)",5,0,2016-10-07,13,5,True
2016-10-07 13:25:00,35,1,3,"[13:25:00,13:45:00)",5,0,2016-10-07,13,25,True
2016-10-07 13:45:00,34,1,3,"[13:45:00,14:05:00)",5,0,2016-10-07,13,45,True
2016-10-07 14:05:00,25,1,3,"[14:05:00,14:25:00)",5,0,2016-10-07,14,5,True
2016-10-07 14:25:00,27,1,3,"[14:25:00,14:45:00)",5,0,2016-10-07,14,25,True
2016-10-07 14:45:00,22,1,3,"[14:45:00,15:05:00)",5,0,2016-10-07,14,45,True
2016-10-07 15:05:00,31,1,3,"[15:05:00,15:25:00)",5,0,2016-10-07,15,5,True
2016-10-07 15:25:00,21,1,3,"[15:25:00,15:45:00)",5,0,2016-10-07,15,25,True
2016-10-07 15:45:00,26,1,3,"[15:45:00,16:05:00)",5,0,2016-10-07,15,45,True
2016-10-07 16:05:00,13,1,3,"[16:05:00,16:25:00)",5,0,2016-10-07,16,5,True
2016-10-07 16:25:00,16,1,3,"[16:25:00,16:45:00)",5,0,2016-10-07,16,25,True
2016-10-07 16:45:00,21,1,3,"[16:45:00,17:05:00)",5,0,2016-10-07,16,45,True
2016-10-07 17:05:00,14,1,3,"[17:05:00,17:25:00)",5,0,2016-10-07,17,5,True
2016-10-07 17:25:00,15,1,3,"[17:25:00,17:45:00)",5,0,2016-10-07,17,25,True
2016-10-07 17:45:00,16,1,3,"[17:45:00,18:05:00)",5,0,2016-10-07,17,45,True
2016-10-07 18:05:00,14,1,3,"[18:05:00,18:25:00)",5,0,2016-10-07,18,5,True
2016-10-07 18:25:00,10,1,3,"[18:25:00,18:45:00)",5,0,2016-10-07,18,25,True
2016-10-07 18:45:00,12,1,3,"[18:45:00,19:05:00)",5,0,2016-10-07,18,45,True
2016-10-07 19:05:00,12,1,3,"[19:05:00,19:25:00)",5,0,2016-10-07,19,5,True
2016-10-07 19:25:00,13,1,3,"[19:25:00,19:45:00)",5,0,2016-10-07,19,25,True
2016-10-07 19:45:00,14,1,3,"[19:45:00,20:05:00)",5,0,2016-10-07,19,45,True
2016-10-07 20:05:00,13,1,3,"[20:05:00,20:25:00)",5,0,2016-10-07,20,5,True
2016-10-07 20:25:00,12,1,3,"[20:25:00,20:45:00)",5,0,2016-10-07,20,25,True
2016-10-07 20:45:00,10,1,3,"[20:45:00,21:05:00)",5,0,2016-10-07,20,45,True
2016-10-07 21:05:00,7,1,3,"[21:05:00,21:25:00)",5,0,2016-10-07,21,5,True
2016-10-07 21:25:00,9,1,3,"[21:25:00,21:45:00)",5,0,2016-10-07,21,25,True
2016-10-07 21:45:00,6,1,3,"[21:45:00,22:05:00)",5,0,2016-10-07,21,45,True
2016-10-07 22:05:00,8,1,3,"[22:05:00,22:25:00)",5,0,2016-10-07,22,5,True
2016-10-07 22:25:00,8,1,3,"[22:25:00,22:45:00)",5,0,2016-10-07,22,25,True
2016-10-07 22:45:00,5,1,3,"[22:45:00,23:05:00)",5,0,2016-10-07,22,45,True
2016-10-07 23:05:00,3,1,3,"[23:05:00,23:25:00)",5,0,2016-10-07,23,5,True
2016-10-07 23:25:00,5,1,3,"[23:25:00,23:45:00)",5,0,2016-10-07,23,25,True
2016-10-07 23:45:00,41,1,3,"[23:45:00,00:00:00)",5,0,2016-10-07,23,45,True
2016-10-08 00:05:00,148,1,3,"[00:05:00,00:25:00)",6,1,2016-10-08,0,5,False
2016-10-08 00:25:00,102,1,3,"[00:25:00,00:45:00)",6,1,2016-10-08,0,25,False
2016-10-08 00:45:00,69,1,3,"[00:45:00,01:05:00)",6,1,2016-10-08,0,45,False
2016-10-08 01:05:00,13,1,3,"[01:05:00,01:25:00)",6,1,2016-10-08,1,5,False
2016-10-08 01:25:00,10,1,3,"[01:25:00,01:45:00)",6,1,2016-10-08,1,25,False
2016-10-08 01:45:00,6,1,3,"[01:45:00,02:05:00)",6,1,2016-10-08,1,45,False
2016-10-08 02:05:00,7,1,3,"[02:05:00,02:25:00)",6,1,2016-10-08,2,5,False
2016-10-08 02:25:00,1,1,3,"[02:25:00,02:45:00)",6,1,2016-10-08,2,25,False
2016-10-08 02:45:00,3,1,3,"[02:45:00,03:05:00)",6,1,2016-10-08,2,45,False
2016-10-08 03:05:00,3,1,3,"[03:05:00,03:25:00)",6,1,2016-10-08,3,5,False
2016-10-08 03:25:00,5,1,3,"[03:25:00,03:45:00)",6,1,2016-10-08,3,25,False
2016-10-08 03:45:00,5,1,3,"[03:45:00,04:05:00)",6,1,2016-10-08,3,45,False
2016-10-08 04:05:00,6,1,3,"[04:05:00,04:25:00)",6,1,2016-10-08,4,5,False
2016-10-08 04:25:00,4,1,3,"[04:25:00,04:45:00)",6,1,2016-10-08,4,25,False
2016-10-08 04:45:00,9,1,3,"[04:45:00,05:05:00)",6,1,2016-10-08,4,45,False
2016-10-08 05:05:00,8,1,3,"[05:05:00,05:25:00)",6,1,2016-10-08,5,5,False
2016-10-08 05:25:00,6,1,3,"[05:25:00,05:45:00)",6,1,2016-10-08,5,25,False
2016-10-08 05:45:00,15,1,3,"[05:45:00,06:05:00)",6,1,2016-10-08,5,45,False
2016-10-08 06:05:00,15,1,3,"[06:05:00,06:25:00)",6,1,2016-10-08,6,5,False
2016-10-08 06:25:00,32,1,3,"[06:25:00,06:45:00)",6,1,2016-10-08,6,25,False
2016-10-08 06:45:00,41,1,3,"[06:45:00,07:05:00)",6,1,2016-10-08,6,45,False
2016-10-08 07:05:00,67,1,3,"[07:05:00,07:25:00)",6,1,2016-10-08,7,5,False
2016-10-08 07:25:00,88,1,3,"[07:25:00,07:45:00)",6,1,2016-10-08,7,25,False
2016-10-08 07:45:00,101,1,3,"[07:45:00,08:05:00)",6,1,2016-10-08,7,45,False
2016-10-08 08:05:00,130,1,3,"[08:05:00,08:25:00)",6,1,2016-10-08,8,5,False
2016-10-08 08:25:00,143,1,3,"[08:25:00,08:45:00)",6,1,2016-10-08,8,25,False
2016-10-08 08:45:00,142,1,3,"[08:45:00,09:05:00)",6,1,2016-10-08,8,45,False
2016-10-08 09:05:00,117,1,3,"[09:05:00,09:25:00)",6,1,2016-10-08,9,5,False
2016-10-08 09:25:00,124,1,3,"[09:25:00,09:45:00)",6,1,2016-10-08,9,25,False
2016-10-08 09:45:00,93,1,3,"[09:45:00,10:05:00)",6,1,2016-10-08,9,45,False
2016-10-08 10:05:00,82,1,3,"[10:05:00,10:25:00)",6,1,2016-10-08,10,5,False
2016-10-08 10:25:00,90,1,3,"[10:25:00,10:45:00)",6,1,2016-10-08,10,25,False
2016-10-08 10:45:00,71,1,3,"[10:45:00,11:05:00)",6,1,2016-10-08,10,45,False
2016-10-08 11:05:00,81,1,3,"[11:05:00,11:25:00)",6,1,2016-10-08,11,5,False
2016-10-08 11:25:00,72,1,3,"[11:25:00,11:45:00)",6,1,2016-10-08,11,25,False
2016-10-08 11:45:00,77,1,3,"[11:45:00,12:05:00)",6,1,2016-10-08,11,45,False
2016-10-08 12:05:00,61,1,3,"[12:05:00,12:25:00)",6,1,2016-10-08,12,5,False
2016-10-08 12:25:00,87,1,3,"[12:25:00,12:45:00)",6,1,2016-10-08,12,25,False
2016-10-08 12:45:00,95,1,3,"[12:45:00,13:05:00)",6,1,2016-10-08,12,45,False
2016-10-08 13:05:00,106,1,3,"[13:05:00,13:25:00)",6,1,2016-10-08,13,5,False
2016-10-08 13:25:00,101,1,3,"[13:25:00,13:45:00)",6,1,2016-10-08,13,25,False
2016-10-08 13:45:00,114,1,3,"[13:45:00,14:05:00)",6,1,2016-10-08,13,45,False
2016-10-08 14:05:00,91,1,3,"[14:05:00,14:25:00)",6,1,2016-10-08,14,5,False
2016-10-08 14:25:00,113,1,3,"[14:25:00,14:45:00)",6,1,2016-10-08,14,25,False
2016-10-08 14:45:00,96,1,3,"[14:45:00,15:05:00)",6,1,2016-10-08,14,45,False
2016-10-08 15:05:00,94,1,3,"[15:05:00,15:25:00)",6,1,2016-10-08,15,5,False
2016-10-08 15:25:00,85,1,3,"[15:25:00,15:45:00)",6,1,2016-10-08,15,25,False
2016-10-08 15:45:00,101,1,3,"[15:45:00,16:05:00)",6,1,2016-10-08,15,45,False
2016-10-08 16:05:00,77,1,3,"[16:05:00,16:25:00)",6,1,2016-10-08,16,5,False
2016-10-08 16:25:00,98,1,3,"[16:25:00,16:45:00)",6,1,2016-10-08,16,25,False
2016-10-08 16:45:00,107,1,3,"[16:45:00,17:05:00)",6,1,2016-10-08,16,45,False
2016-10-08 17:05:00,91,1,3,"[17:05:00,17:25:00)",6,1,2016-10-08,17,5,False
2016-10-08 17:25:00,79,1,3,"[17:25:00,17:45:00)",6,1,2016-10-08,17,25,False
2016-10-08 17:45:00,84,1,3,"[17:45:00,18:05:00)",6,1,2016-10-08,17,45,False
2016-10-08 18:05:00,66,1,3,"[18:05:00,18:25:00)",6,1,2016-10-08,18,5,False
2016-10-08 18:25:00,67,1,3,"[18:25:00,18:45:00)",6,1,2016-10-08,18,25,False
2016-10-08 18:45:00,77,1,3,"[18:45:00,19:05:00)",6,1,2016-10-08,18,45,False
2016-10-08 19:05:00,56,1,3,"[19:05:00,19:25:00)",6,1,2016-10-08,19,5,False
2016-10-08 19:25:00,47,1,3,"[19:25:00,19:45:00)",6,1,2016-10-08,19,25,False
2016-10-08 19:45:00,41,1,3,"[19:45:00,20:05:00)",6,1,2016-10-08,19,45,False
2016-10-08 20:05:00,47,1,3,"[20:05:00,20:25:00)",6,1,2016-10-08,20,5,False
2016-10-08 20:25:00,33,1,3,"[20:25:00,20:45:00)",6,1,2016-10-08,20,25,False
2016-10-08 20:45:00,30,1,3,"[20:45:00,21:05:00)",6,1,2016-10-08,20,45,False
2016-10-08 21:05:00,24,1,3,"[21:05:00,21:25:00)",6,1,2016-10-08,21,5,False
2016-10-08 21:25:00,24,1,3,"[21:25:00,21:45:00)",6,1,2016-10-08,21,25,False
2016-10-08 21:45:00,28,1,3,"[21:45:00,22:05:00)",6,1,2016-10-08,21,45,False
2016-10-08 22:05:00,22,1,3,"[22:05:00,22:25:00)",6,1,2016-10-08,22,5,False
2016-10-08 22:25:00,10,1,3,"[22:25:00,22:45:00)",6,1,2016-10-08,22,25,False
2016-10-08 22:45:00,9,1,3,"[22:45:00,23:05:00)",6,1,2016-10-08,22,45,False
2016-10-08 23:05:00,12,1,3,"[23:05:00,23:25:00)",6,1,2016-10-08,23,5,False
2016-10-08 23:25:00,9,1,3,"[23:25:00,23:45:00)",6,1,2016-10-08,23,25,False
2016-10-08 23:45:00,45,1,3,"[23:45:00,00:00:00)",6,1,2016-10-08,23,45,False
2016-10-09 00:05:00,125,1,3,"[00:05:00,00:25:00)",7,1,2016-10-09,0,5,False
2016-10-09 00:25:00,78,1,3,"[00:25:00,00:45:00)",7,1,2016-10-09,0,25,False
2016-10-09 00:45:00,44,1,3,"[00:45:00,01:05:00)",7,1,2016-10-09,0,45,False
2016-10-09 01:05:00,4,1,3,"[01:05:00,01:25:00)",7,1,2016-10-09,1,5,False
2016-10-09 01:25:00,5,1,3,"[01:25:00,01:45:00)",7,1,2016-10-09,1,25,False
2016-10-09 01:45:00,6,1,3,"[01:45:00,02:05:00)",7,1,2016-10-09,1,45,False
2016-10-09 02:05:00,3,1,3,"[02:05:00,02:25:00)",7,1,2016-10-09,2,5,False
2016-10-09 02:25:00,3,1,3,"[02:25:00,02:45:00)",7,1,2016-10-09,2,25,False
2016-10-09 02:45:00,4,1,3,"[02:45:00,03:05:00)",7,1,2016-10-09,2,45,False
2016-10-09 03:05:00,3,1,3,"[03:05:00,03:25:00)",7,1,2016-10-09,3,5,False
2016-10-09 03:25:00,7,1,3,"[03:25:00,03:45:00)",7,1,2016-10-09,3,25,False
2016-10-09 03:45:00,3,1,3,"[03:45:00,04:05:00)",7,1,2016-10-09,3,45,False
2016-10-09 04:05:00,8,1,3,"[04:05:00,04:25:00)",7,1,2016-10-09,4,5,False
2016-10-09 04:25:00,4,1,3,"[04:25:00,04:45:00)",7,1,2016-10-09,4,25,False
2016-10-09 04:45:00,7,1,3,"[04:45:00,05:05:00)",7,1,2016-10-09,4,45,False
2016-10-09 05:05:00,4,1,3,"[05:05:00,05:25:00)",7,1,2016-10-09,5,5,False
2016-10-09 05:25:00,16,1,3,"[05:25:00,05:45:00)",7,1,2016-10-09,5,25,False
2016-10-09 05:45:00,15,1,3,"[05:45:00,06:05:00)",7,1,2016-10-09,5,45,False
2016-10-09 06:05:00,19,1,3,"[06:05:00,06:25:00)",7,1,2016-10-09,6,5,False
2016-10-09 06:25:00,43,1,3,"[06:25:00,06:45:00)",7,1,2016-10-09,6,25,False
2016-10-09 06:45:00,39,1,3,"[06:45:00,07:05:00)",7,1,2016-10-09,6,45,False
2016-10-09 07:05:00,54,1,3,"[07:05:00,07:25:00)",7,1,2016-10-09,7,5,False
2016-10-09 07:25:00,67,1,3,"[07:25:00,07:45:00)",7,1,2016-10-09,7,25,False
2016-10-09 07:45:00,85,1,3,"[07:45:00,08:05:00)",7,1,2016-10-09,7,45,False
2016-10-09 08:05:00,114,1,3,"[08:05:00,08:25:00)",7,1,2016-10-09,8,5,False
2016-10-09 08:25:00,111,1,3,"[08:25:00,08:45:00)",7,1,2016-10-09,8,25,False
2016-10-09 08:45:00,119,1,3,"[08:45:00,09:05:00)",7,1,2016-10-09,8,45,False
2016-10-09 09:05:00,97,1,3,"[09:05:00,09:25:00)",7,1,2016-10-09,9,5,False
2016-10-09 09:25:00,92,1,3,"[09:25:00,09:45:00)",7,1,2016-10-09,9,25,False
2016-10-09 09:45:00,80,1,3,"[09:45:00,10:05:00)",7,1,2016-10-09,9,45,False
2016-10-09 10:05:00,82,1,3,"[10:05:00,10:25:00)",7,1,2016-10-09,10,5,False
2016-10-09 10:25:00,80,1,3,"[10:25:00,10:45:00)",7,1,2016-10-09,10,25,False
2016-10-09 10:45:00,81,1,3,"[10:45:00,11:05:00)",7,1,2016-10-09,10,45,False
2016-10-09 11:05:00,73,1,3,"[11:05:00,11:25:00)",7,1,2016-10-09,11,5,False
2016-10-09 11:25:00,84,1,3,"[11:25:00,11:45:00)",7,1,2016-10-09,11,25,False
2016-10-09 11:45:00,76,1,3,"[11:45:00,12:05:00)",7,1,2016-10-09,11,45,False
2016-10-09 12:05:00,85,1,3,"[12:05:00,12:25:00)",7,1,2016-10-09,12,5,False
2016-10-09 12:25:00,79,1,3,"[12:25:00,12:45:00)",7,1,2016-10-09,12,25,False
2016-10-09 12:45:00,97,1,3,"[12:45:00,13:05:00)",7,1,2016-10-09,12,45,False
2016-10-09 13:05:00,102,1,3,"[13:05:00,13:25:00)",7,1,2016-10-09,13,5,False
2016-10-09 13:25:00,106,1,3,"[13:25:00,13:45:00)",7,1,2016-10-09,13,25,False
2016-10-09 13:45:00,110,1,3,"[13:45:00,14:05:00)",7,1,2016-10-09,13,45,False
2016-10-09 14:05:00,122,1,3,"[14:05:00,14:25:00)",7,1,2016-10-09,14,5,False
2016-10-09 14:25:00,106,1,3,"[14:25:00,14:45:00)",7,1,2016-10-09,14,25,False
2016-10-09 14:45:00,85,1,3,"[14:45:00,15:05:00)",7,1,2016-10-09,14,45,False
2016-10-09 15:05:00,95,1,3,"[15:05:00,15:25:00)",7,1,2016-10-09,15,5,False
2016-10-09 15:25:00,90,1,3,"[15:25:00,15:45:00)",7,1,2016-10-09,15,25,False
2016-10-09 15:45:00,104,1,3,"[15:45:00,16:05:00)",7,1,2016-10-09,15,45,False
2016-10-09 16:05:00,92,1,3,"[16:05:00,16:25:00)",7,1,2016-10-09,16,5,False
2016-10-09 16:25:00,97,1,3,"[16:25:00,16:45:00)",7,1,2016-10-09,16,25,False
2016-10-09 16:45:00,104,1,3,"[16:45:00,17:05:00)",7,1,2016-10-09,16,45,False
2016-10-09 17:05:00,82,1,3,"[17:05:00,17:25:00)",7,1,2016-10-09,17,5,False
2016-10-09 17:25:00,93,1,3,"[17:25:00,17:45:00)",7,1,2016-10-09,17,25,False
2016-10-09 17:45:00,84,1,3,"[17:45:00,18:05:00)",7,1,2016-10-09,17,45,False
2016-10-09 18:05:00,71,1,3,"[18:05:00,18:25:00)",7,1,2016-10-09,18,5,False
2016-10-09 18:25:00,80,1,3,"[18:25:00,18:45:00)",7,1,2016-10-09,18,25,False
2016-10-09 18:45:00,64,1,3,"[18:45:00,19:05:00)",7,1,2016-10-09,18,45,False
2016-10-09 19:05:00,60,1,3,"[19:05:00,19:25:00)",7,1,2016-10-09,19,5,False
2016-10-09 19:25:00,50,1,3,"[19:25:00,19:45:00)",7,1,2016-10-09,19,25,False
2016-10-09 19:45:00,43,1,3,"[19:45:00,20:05:00)",7,1,2016-10-09,19,45,False
2016-10-09 20:05:00,53,1,3,"[20:05:00,20:25:00)",7,1,2016-10-09,20,5,False
2016-10-09 20:25:00,47,1,3,"[20:25:00,20:45:00)",7,1,2016-10-09,20,25,False
2016-10-09 20:45:00,32,1,3,"[20:45:00,21:05:00)",7,1,2016-10-09,20,45,False
2016-10-09 21:05:00,30,1,3,"[21:05:00,21:25:00)",7,1,2016-10-09,21,5,False
2016-10-09 21:25:00,37,1,3,"[21:25:00,21:45:00)",7,1,2016-10-09,21,25,False
2016-10-09 21:45:00,29,1,3,"[21:45:00,22:05:00)",7,1,2016-10-09,21,45,False
2016-10-09 22:05:00,7,1,3,"[22:05:00,22:25:00)",7,1,2016-10-09,22,5,False
2016-10-09 22:25:00,25,1,3,"[22:25:00,22:45:00)",7,1,2016-10-09,22,25,False
2016-10-09 22:45:00,12,1,3,"[22:45:00,23:05:00)",7,1,2016-10-09,22,45,False
2016-10-09 23:05:00,15,1,3,"[23:05:00,23:25:00)",7,1,2016-10-09,23,5,False
2016-10-09 23:25:00,10,1,3,"[23:25:00,23:45:00)",7,1,2016-10-09,23,25,False
2016-10-09 23:45:00,49,1,3,"[23:45:00,00:00:00)",7,1,2016-10-09,23,45,False
2016-10-10 00:05:00,115,1,3,"[00:05:00,00:25:00)",1,0,2016-10-10,0,5,False
2016-10-10 00:25:00,74,1,3,"[00:25:00,00:45:00)",1,0,2016-10-10,0,25,False
2016-10-10 00:45:00,44,1,3,"[00:45:00,01:05:00)",1,0,2016-10-10,0,45,False
2016-10-10 01:05:00,7,1,3,"[01:05:00,01:25:00)",1,0,2016-10-10,1,5,False
2016-10-10 01:25:00,5,1,3,"[01:25:00,01:45:00)",1,0,2016-10-10,1,25,False
2016-10-10 01:45:00,3,1,3,"[01:45:00,02:05:00)",1,0,2016-10-10,1,45,False
2016-10-10 02:05:00,1,1,3,"[02:05:00,02:25:00)",1,0,2016-10-10,2,5,False
2016-10-10 02:25:00,3,1,3,"[02:25:00,02:45:00)",1,0,2016-10-10,2,25,False
2016-10-10 02:45:00,7,1,3,"[02:45:00,03:05:00)",1,0,2016-10-10,2,45,False
2016-10-10 03:05:00,2,1,3,"[03:05:00,03:25:00)",1,0,2016-10-10,3,5,False
2016-10-10 03:25:00,7,1,3,"[03:25:00,03:45:00)",1,0,2016-10-10,3,25,False
2016-10-10 03:45:00,4,1,3,"[03:45:00,04:05:00)",1,0,2016-10-10,3,45,False
2016-10-10 04:05:00,5,1,3,"[04:05:00,04:25:00)",1,0,2016-10-10,4,5,False
2016-10-10 04:25:00,6,1,3,"[04:25:00,04:45:00)",1,0,2016-10-10,4,25,False
2016-10-10 04:45:00,10,1,3,"[04:45:00,05:05:00)",1,0,2016-10-10,4,45,False
2016-10-10 05:05:00,11,1,3,"[05:05:00,05:25:00)",1,0,2016-10-10,5,5,False
2016-10-10 05:25:00,16,1,3,"[05:25:00,05:45:00)",1,0,2016-10-10,5,25,False
2016-10-10 05:45:00,9,1,3,"[05:45:00,06:05:00)",1,0,2016-10-10,5,45,False
2016-10-10 06:05:00,21,1,3,"[06:05:00,06:25:00)",1,0,2016-10-10,6,5,False
2016-10-10 06:25:00,41,1,3,"[06:25:00,06:45:00)",1,0,2016-10-10,6,25,False
2016-10-10 06:45:00,45,1,3,"[06:45:00,07:05:00)",1,0,2016-10-10,6,45,False
2016-10-10 07:05:00,68,1,3,"[07:05:00,07:25:00)",1,0,2016-10-10,7,5,False
2016-10-10 07:25:00,81,1,3,"[07:25:00,07:45:00)",1,0,2016-10-10,7,25,False
2016-10-10 07:45:00,91,1,3,"[07:45:00,08:05:00)",1,0,2016-10-10,7,45,False
2016-10-10 08:05:00,115,1,3,"[08:05:00,08:25:00)",1,0,2016-10-10,8,5,False
2016-10-10 08:25:00,105,1,3,"[08:25:00,08:45:00)",1,0,2016-10-10,8,25,False
2016-10-10 08:45:00,135,1,3,"[08:45:00,09:05:00)",1,0,2016-10-10,8,45,False
2016-10-10 09:05:00,124,1,3,"[09:05:00,09:25:00)",1,0,2016-10-10,9,5,False
2016-10-10 09:25:00,111,1,3,"[09:25:00,09:45:00)",1,0,2016-10-10,9,25,False
2016-10-10 09:45:00,82,1,3,"[09:45:00,10:05:00)",1,0,2016-10-10,9,45,False
2016-10-10 10:05:00,92,1,3,"[10:05:00,10:25:00)",1,0,2016-10-10,10,5,False
2016-10-10 10:25:00,83,1,3,"[10:25:00,10:45:00)",1,0,2016-10-10,10,25,False
2016-10-10 10:45:00,98,1,3,"[10:45:00,11:05:00)",1,0,2016-10-10,10,45,False
2016-10-10 11:05:00,78,1,3,"[11:05:00,11:25:00)",1,0,2016-10-10,11,5,False
2016-10-10 11:25:00,83,1,3,"[11:25:00,11:45:00)",1,0,2016-10-10,11,25,False
2016-10-10 11:45:00,74,1,3,"[11:45:00,12:05:00)",1,0,2016-10-10,11,45,False
2016-10-10 12:05:00,89,1,3,"[12:05:00,12:25:00)",1,0,2016-10-10,12,5,False
2016-10-10 12:25:00,83,1,3,"[12:25:00,12:45:00)",1,0,2016-10-10,12,25,False
2016-10-10 12:45:00,80,1,3,"[12:45:00,13:05:00)",1,0,2016-10-10,12,45,False
2016-10-10 13:05:00,77,1,3,"[13:05:00,13:25:00)",1,0,2016-10-10,13,5,False
2016-10-10 13:25:00,88,1,3,"[13:25:00,13:45:00)",1,0,2016-10-10,13,25,False
2016-10-10 13:45:00,81,1,3,"[13:45:00,14:05:00)",1,0,2016-10-10,13,45,False
2016-10-10 14:05:00,88,1,3,"[14:05:00,14:25:00)",1,0,2016-10-10,14,5,False
2016-10-10 14:25:00,93,1,3,"[14:25:00,14:45:00)",1,0,2016-10-10,14,25,False
2016-10-10 14:45:00,90,1,3,"[14:45:00,15:05:00)",1,0,2016-10-10,14,45,False
2016-10-10 15:05:00,94,1,3,"[15:05:00,15:25:00)",1,0,2016-10-10,15,5,False
2016-10-10 15:25:00,77,1,3,"[15:25:00,15:45:00)",1,0,2016-10-10,15,25,False
2016-10-10 15:45:00,87,1,3,"[15:45:00,16:05:00)",1,0,2016-10-10,15,45,False
2016-10-10 16:05:00,76,1,3,"[16:05:00,16:25:00)",1,0,2016-10-10,16,5,False
2016-10-10 16:25:00,89,1,3,"[16:25:00,16:45:00)",1,0,2016-10-10,16,25,False
2016-10-10 16:45:00,92,1,3,"[16:45:00,17:05:00)",1,0,2016-10-10,16,45,False
2016-10-10 17:05:00,88,1,3,"[17:05:00,17:25:00)",1,0,2016-10-10,17,5,False
2016-10-10 17:25:00,91,1,3,"[17:25:00,17:45:00)",1,0,2016-10-10,17,25,False
2016-10-10 17:45:00,101,1,3,"[17:45:00,18:05:00)",1,0,2016-10-10,17,45,False
2016-10-10 18:05:00,73,1,3,"[18:05:00,18:25:00)",1,0,2016-10-10,18,5,False
2016-10-10 18:25:00,61,1,3,"[18:25:00,18:45:00)",1,0,2016-10-10,18,25,False
2016-10-10 18:45:00,63,1,3,"[18:45:00,19:05:00)",1,0,2016-10-10,18,45,False
2016-10-10 19:05:00,50,1,3,"[19:05:00,19:25:00)",1,0,2016-10-10,19,5,False
2016-10-10 19:25:00,58,1,3,"[19:25:00,19:45:00)",1,0,2016-10-10,19,25,False
2016-10-10 19:45:00,56,1,3,"[19:45:00,20:05:00)",1,0,2016-10-10,19,45,False
2016-10-10 20:05:00,38,1,3,"[20:05:00,20:25:00)",1,0,2016-10-10,20,5,False
2016-10-10 20:25:00,41,1,3,"[20:25:00,20:45:00)",1,0,2016-10-10,20,25,False
2016-10-10 20:45:00,42,1,3,"[20:45:00,21:05:00)",1,0,2016-10-10,20,45,False
2016-10-10 21:05:00,33,1,3,"[21:05:00,21:25:00)",1,0,2016-10-10,21,5,False
2016-10-10 21:25:00,40,1,3,"[21:25:00,21:45:00)",1,0,2016-10-10,21,25,False
2016-10-10 21:45:00,21,1,3,"[21:45:00,22:05:00)",1,0,2016-10-10,21,45,False
2016-10-10 22:05:00,18,1,3,"[22:05:00,22:25:00)",1,0,2016-10-10,22,5,False
2016-10-10 22:25:00,27,1,3,"[22:25:00,22:45:00)",1,0,2016-10-10,22,25,False
2016-10-10 22:45:00,18,1,3,"[22:45:00,23:05:00)",1,0,2016-10-10,22,45,False
2016-10-10 23:05:00,13,1,3,"[23:05:00,23:25:00)",1,0,2016-10-10,23,5,False
2016-10-10 23:25:00,20,1,3,"[23:25:00,23:45:00)",1,0,2016-10-10,23,25,False
2016-10-10 23:45:00,57,1,3,"[23:45:00,00:00:00)",1,0,2016-10-10,23,45,False
2016-10-11 00:05:00,94,1,3,"[00:05:00,00:25:00)",2,0,2016-10-11,0,5,False
2016-10-11 00:25:00,80,1,3,"[00:25:00,00:45:00)",2,0,2016-10-11,0,25,False
2016-10-11 00:45:00,52,1,3,"[00:45:00,01:05:00)",2,0,2016-10-11,0,45,False
2016-10-11 01:05:00,7,1,3,"[01:05:00,01:25:00)",2,0,2016-10-11,1,5,False
2016-10-11 01:25:00,7,1,3,"[01:25:00,01:45:00)",2,0,2016-10-11,1,25,False
2016-10-11 01:45:00,9,1,3,"[01:45:00,02:05:00)",2,0,2016-10-11,1,45,False
2016-10-11 02:05:00,8,1,3,"[02:05:00,02:25:00)",2,0,2016-10-11,2,5,False
2016-10-11 02:25:00,5,1,3,"[02:25:00,02:45:00)",2,0,2016-10-11,2,25,False
2016-10-11 02:45:00,3,1,3,"[02:45:00,03:05:00)",2,0,2016-10-11,2,45,False
2016-10-11 03:05:00,1,1,3,"[03:05:00,03:25:00)",2,0,2016-10-11,3,5,False
2016-10-11 03:25:00,4,1,3,"[03:25:00,03:45:00)",2,0,2016-10-11,3,25,False
2016-10-11 03:45:00,7,1,3,"[03:45:00,04:05:00)",2,0,2016-10-11,3,45,False
2016-10-11 04:05:00,4,1,3,"[04:05:00,04:25:00)",2,0,2016-10-11,4,5,False
2016-10-11 04:25:00,6,1,3,"[04:25:00,04:45:00)",2,0,2016-10-11,4,25,False
2016-10-11 04:45:00,11,1,3,"[04:45:00,05:05:00)",2,0,2016-10-11,4,45,False
2016-10-11 05:05:00,14,1,3,"[05:05:00,05:25:00)",2,0,2016-10-11,5,5,False
2016-10-11 05:25:00,19,1,3,"[05:25:00,05:45:00)",2,0,2016-10-11,5,25,False
2016-10-11 05:45:00,13,1,3,"[05:45:00,06:05:00)",2,0,2016-10-11,5,45,False
2016-10-11 06:05:00,21,1,3,"[06:05:00,06:25:00)",2,0,2016-10-11,6,5,False
2016-10-11 06:25:00,47,1,3,"[06:25:00,06:45:00)",2,0,2016-10-11,6,25,False
2016-10-11 06:45:00,52,1,3,"[06:45:00,07:05:00)",2,0,2016-10-11,6,45,False
2016-10-11 07:05:00,61,1,3,"[07:05:00,07:25:00)",2,0,2016-10-11,7,5,False
2016-10-11 07:25:00,78,1,3,"[07:25:00,07:45:00)",2,0,2016-10-11,7,25,False
2016-10-11 07:45:00,91,1,3,"[07:45:00,08:05:00)",2,0,2016-10-11,7,45,False
2016-10-11 08:05:00,128,1,3,"[08:05:00,08:25:00)",2,0,2016-10-11,8,5,False
2016-10-11 08:25:00,103,1,3,"[08:25:00,08:45:00)",2,0,2016-10-11,8,25,False
2016-10-11 08:45:00,130,1,3,"[08:45:00,09:05:00)",2,0,2016-10-11,8,45,False
2016-10-11 09:05:00,113,1,3,"[09:05:00,09:25:00)",2,0,2016-10-11,9,5,False
2016-10-11 09:25:00,109,1,3,"[09:25:00,09:45:00)",2,0,2016-10-11,9,25,False
2016-10-11 09:45:00,85,1,3,"[09:45:00,10:05:00)",2,0,2016-10-11,9,45,False
2016-10-11 10:05:00,67,1,3,"[10:05:00,10:25:00)",2,0,2016-10-11,10,5,False
2016-10-11 10:25:00,72,1,3,"[10:25:00,10:45:00)",2,0,2016-10-11,10,25,False
2016-10-11 10:45:00,85,1,3,"[10:45:00,11:05:00)",2,0,2016-10-11,10,45,False
2016-10-11 11:05:00,62,1,3,"[11:05:00,11:25:00)",2,0,2016-10-11,11,5,False
2016-10-11 11:25:00,91,1,3,"[11:25:00,11:45:00)",2,0,2016-10-11,11,25,False
2016-10-11 11:45:00,78,1,3,"[11:45:00,12:05:00)",2,0,2016-10-11,11,45,False
2016-10-11 12:05:00,72,1,3,"[12:05:00,12:25:00)",2,0,2016-10-11,12,5,False
2016-10-11 12:25:00,110,1,3,"[12:25:00,12:45:00)",2,0,2016-10-11,12,25,False
2016-10-11 12:45:00,99,1,3,"[12:45:00,13:05:00)",2,0,2016-10-11,12,45,False
2016-10-11 13:05:00,116,1,3,"[13:05:00,13:25:00)",2,0,2016-10-11,13,5,False
2016-10-11 13:25:00,136,1,3,"[13:25:00,13:45:00)",2,0,2016-10-11,13,25,False
2016-10-11 13:45:00,76,1,3,"[13:45:00,14:05:00)",2,0,2016-10-11,13,45,False
2016-10-11 14:05:00,77,1,3,"[14:05:00,14:25:00)",2,0,2016-10-11,14,5,False
2016-10-11 14:25:00,131,1,3,"[14:25:00,14:45:00)",2,0,2016-10-11,14,25,False
2016-10-11 14:45:00,90,1,3,"[14:45:00,15:05:00)",2,0,2016-10-11,14,45,False
2016-10-11 15:05:00,72,1,3,"[15:05:00,15:25:00)",2,0,2016-10-11,15,5,False
2016-10-11 15:25:00,71,1,3,"[15:25:00,15:45:00)",2,0,2016-10-11,15,25,False
2016-10-11 15:45:00,85,1,3,"[15:45:00,16:05:00)",2,0,2016-10-11,15,45,False
2016-10-11 16:05:00,98,1,3,"[16:05:00,16:25:00)",2,0,2016-10-11,16,5,False
2016-10-11 16:25:00,92,1,3,"[16:25:00,16:45:00)",2,0,2016-10-11,16,25,False
2016-10-11 16:45:00,93,1,3,"[16:45:00,17:05:00)",2,0,2016-10-11,16,45,False
2016-10-11 17:05:00,83,1,3,"[17:05:00,17:25:00)",2,0,2016-10-11,17,5,False
2016-10-11 17:25:00,96,1,3,"[17:25:00,17:45:00)",2,0,2016-10-11,17,25,False
2016-10-11 17:45:00,114,1,3,"[17:45:00,18:05:00)",2,0,2016-10-11,17,45,False
2016-10-11 18:05:00,82,1,3,"[18:05:00,18:25:00)",2,0,2016-10-11,18,5,False
2016-10-11 18:25:00,79,1,3,"[18:25:00,18:45:00)",2,0,2016-10-11,18,25,False
2016-10-11 18:45:00,59,1,3,"[18:45:00,19:05:00)",2,0,2016-10-11,18,45,False
2016-10-11 19:05:00,78,1,3,"[19:05:00,19:25:00)",2,0,2016-10-11,19,5,False
2016-10-11 19:25:00,49,1,3,"[19:25:00,19:45:00)",2,0,2016-10-11,19,25,False
2016-10-11 19:45:00,48,1,3,"[19:45:00,20:05:00)",2,0,2016-10-11,19,45,False
2016-10-11 20:05:00,52,1,3,"[20:05:00,20:25:00)",2,0,2016-10-11,20,5,False
2016-10-11 20:25:00,33,1,3,"[20:25:00,20:45:00)",2,0,2016-10-11,20,25,False
2016-10-11 20:45:00,49,1,3,"[20:45:00,21:05:00)",2,0,2016-10-11,20,45,False
2016-10-11 21:05:00,38,1,3,"[21:05:00,21:25:00)",2,0,2016-10-11,21,5,False
2016-10-11 21:25:00,36,1,3,"[21:25:00,21:45:00)",2,0,2016-10-11,21,25,False
2016-10-11 21:45:00,30,1,3,"[21:45:00,22:05:00)",2,0,2016-10-11,21,45,False
2016-10-11 22:05:00,18,1,3,"[22:05:00,22:25:00)",2,0,2016-10-11,22,5,False
2016-10-11 22:25:00,17,1,3,"[22:25:00,22:45:00)",2,0,2016-10-11,22,25,False
2016-10-11 22:45:00,14,1,3,"[22:45:00,23:05:00)",2,0,2016-10-11,22,45,False
2016-10-11 23:05:00,12,1,3,"[23:05:00,23:25:00)",2,0,2016-10-11,23,5,False
2016-10-11 23:25:00,12,1,3,"[23:25:00,23:45:00)",2,0,2016-10-11,23,25,False
2016-10-11 23:45:00,50,1,3,"[23:45:00,00:00:00)",2,0,2016-10-11,23,45,False
2016-10-12 00:05:00,100,1,3,"[00:05:00,00:25:00)",3,0,2016-10-12,0,5,False
2016-10-12 00:25:00,100,1,3,"[00:25:00,00:45:00)",3,0,2016-10-12,0,25,False
2016-10-12 00:45:00,44,1,3,"[00:45:00,01:05:00)",3,0,2016-10-12,0,45,False
2016-10-12 01:05:00,8,1,3,"[01:05:00,01:25:00)",3,0,2016-10-12,1,5,False
2016-10-12 01:25:00,12,1,3,"[01:25:00,01:45:00)",3,0,2016-10-12,1,25,False
2016-10-12 01:45:00,14,1,3,"[01:45:00,02:05:00)",3,0,2016-10-12,1,45,False
2016-10-12 02:05:00,11,1,3,"[02:05:00,02:25:00)",3,0,2016-10-12,2,5,False
2016-10-12 02:25:00,6,1,3,"[02:25:00,02:45:00)",3,0,2016-10-12,2,25,False
2016-10-12 02:45:00,4,1,3,"[02:45:00,03:05:00)",3,0,2016-10-12,2,45,False
2016-10-12 03:05:00,6,1,3,"[03:05:00,03:25:00)",3,0,2016-10-12,3,5,False
2016-10-12 03:25:00,7,1,3,"[03:25:00,03:45:00)",3,0,2016-10-12,3,25,False
2016-10-12 03:45:00,5,1,3,"[03:45:00,04:05:00)",3,0,2016-10-12,3,45,False
2016-10-12 04:05:00,2,1,3,"[04:05:00,04:25:00)",3,0,2016-10-12,4,5,False
2016-10-12 04:25:00,8,1,3,"[04:25:00,04:45:00)",3,0,2016-10-12,4,25,False
2016-10-12 04:45:00,7,1,3,"[04:45:00,05:05:00)",3,0,2016-10-12,4,45,False
2016-10-12 05:05:00,7,1,3,"[05:05:00,05:25:00)",3,0,2016-10-12,5,5,False
2016-10-12 05:25:00,9,1,3,"[05:25:00,05:45:00)",3,0,2016-10-12,5,25,False
2016-10-12 05:45:00,24,1,3,"[05:45:00,06:05:00)",3,0,2016-10-12,5,45,False
2016-10-12 06:05:00,20,1,3,"[06:05:00,06:25:00)",3,0,2016-10-12,6,5,False
2016-10-12 06:25:00,40,1,3,"[06:25:00,06:45:00)",3,0,2016-10-12,6,25,False
2016-10-12 06:45:00,42,1,3,"[06:45:00,07:05:00)",3,0,2016-10-12,6,45,False
2016-10-12 07:05:00,75,1,3,"[07:05:00,07:25:00)",3,0,2016-10-12,7,5,False
2016-10-12 07:25:00,91,1,3,"[07:25:00,07:45:00)",3,0,2016-10-12,7,25,False
2016-10-12 07:45:00,94,1,3,"[07:45:00,08:05:00)",3,0,2016-10-12,7,45,False
2016-10-12 08:05:00,99,1,3,"[08:05:00,08:25:00)",3,0,2016-10-12,8,5,False
2016-10-12 08:25:00,120,1,3,"[08:25:00,08:45:00)",3,0,2016-10-12,8,25,False
2016-10-12 08:45:00,126,1,3,"[08:45:00,09:05:00)",3,0,2016-10-12,8,45,False
2016-10-12 09:05:00,119,1,3,"[09:05:00,09:25:00)",3,0,2016-10-12,9,5,False
2016-10-12 09:25:00,121,1,3,"[09:25:00,09:45:00)",3,0,2016-10-12,9,25,False
2016-10-12 09:45:00,109,1,3,"[09:45:00,10:05:00)",3,0,2016-10-12,9,45,False
2016-10-12 10:05:00,92,1,3,"[10:05:00,10:25:00)",3,0,2016-10-12,10,5,False
2016-10-12 10:25:00,68,1,3,"[10:25:00,10:45:00)",3,0,2016-10-12,10,25,False
2016-10-12 10:45:00,78,1,3,"[10:45:00,11:05:00)",3,0,2016-10-12,10,45,False
2016-10-12 11:05:00,80,1,3,"[11:05:00,11:25:00)",3,0,2016-10-12,11,5,False
2016-10-12 11:25:00,59,1,3,"[11:25:00,11:45:00)",3,0,2016-10-12,11,25,False
2016-10-12 11:45:00,75,1,3,"[11:45:00,12:05:00)",3,0,2016-10-12,11,45,False
2016-10-12 12:05:00,82,1,3,"[12:05:00,12:25:00)",3,0,2016-10-12,12,5,False
2016-10-12 12:25:00,65,1,3,"[12:25:00,12:45:00)",3,0,2016-10-12,12,25,False
2016-10-12 12:45:00,78,1,3,"[12:45:00,13:05:00)",3,0,2016-10-12,12,45,False
2016-10-12 13:05:00,89,1,3,"[13:05:00,13:25:00)",3,0,2016-10-12,13,5,False
2016-10-12 13:25:00,89,1,3,"[13:25:00,13:45:00)",3,0,2016-10-12,13,25,False
2016-10-12 13:45:00,76,1,3,"[13:45:00,14:05:00)",3,0,2016-10-12,13,45,False
2016-10-12 14:05:00,94,1,3,"[14:05:00,14:25:00)",3,0,2016-10-12,14,5,False
2016-10-12 14:25:00,93,1,3,"[14:25:00,14:45:00)",3,0,2016-10-12,14,25,False
2016-10-12 14:45:00,96,1,3,"[14:45:00,15:05:00)",3,0,2016-10-12,14,45,False
2016-10-12 15:05:00,96,1,3,"[15:05:00,15:25:00)",3,0,2016-10-12,15,5,False
2016-10-12 15:25:00,90,1,3,"[15:25:00,15:45:00)",3,0,2016-10-12,15,25,False
2016-10-12 15:45:00,85,1,3,"[15:45:00,16:05:00)",3,0,2016-10-12,15,45,False
2016-10-12 16:05:00,85,1,3,"[16:05:00,16:25:00)",3,0,2016-10-12,16,5,False
2016-10-12 16:25:00,87,1,3,"[16:25:00,16:45:00)",3,0,2016-10-12,16,25,False
2016-10-12 16:45:00,83,1,3,"[16:45:00,17:05:00)",3,0,2016-10-12,16,45,False
2016-10-12 17:05:00,91,1,3,"[17:05:00,17:25:00)",3,0,2016-10-12,17,5,False
2016-10-12 17:25:00,93,1,3,"[17:25:00,17:45:00)",3,0,2016-10-12,17,25,False
2016-10-12 17:45:00,88,1,3,"[17:45:00,18:05:00)",3,0,2016-10-12,17,45,False
2016-10-12 18:05:00,83,1,3,"[18:05:00,18:25:00)",3,0,2016-10-12,18,5,False
2016-10-12 18:25:00,69,1,3,"[18:25:00,18:45:00)",3,0,2016-10-12,18,25,False
2016-10-12 18:45:00,96,1,3,"[18:45:00,19:05:00)",3,0,2016-10-12,18,45,False
2016-10-12 19:05:00,41,1,3,"[19:05:00,19:25:00)",3,0,2016-10-12,19,5,False
2016-10-12 19:25:00,62,1,3,"[19:25:00,19:45:00)",3,0,2016-10-12,19,25,False
2016-10-12 19:45:00,70,1,3,"[19:45:00,20:05:00)",3,0,2016-10-12,19,45,False
2016-10-12 20:05:00,64,1,3,"[20:05:00,20:25:00)",3,0,2016-10-12,20,5,False
2016-10-12 20:25:00,47,1,3,"[20:25:00,20:45:00)",3,0,2016-10-12,20,25,False
2016-10-12 20:45:00,39,1,3,"[20:45:00,21:05:00)",3,0,2016-10-12,20,45,False
2016-10-12 21:05:00,25,1,3,"[21:05:00,21:25:00)",3,0,2016-10-12,21,5,False
2016-10-12 21:25:00,40,1,3,"[21:25:00,21:45:00)",3,0,2016-10-12,21,25,False
2016-10-12 21:45:00,38,1,3,"[21:45:00,22:05:00)",3,0,2016-10-12,21,45,False
2016-10-12 22:05:00,34,1,3,"[22:05:00,22:25:00)",3,0,2016-10-12,22,5,False
2016-10-12 22:25:00,30,1,3,"[22:25:00,22:45:00)",3,0,2016-10-12,22,25,False
2016-10-12 22:45:00,18,1,3,"[22:45:00,23:05:00)",3,0,2016-10-12,22,45,False
2016-10-12 23:05:00,20,1,3,"[23:05:00,23:25:00)",3,0,2016-10-12,23,5,False
2016-10-12 23:25:00,15,1,3,"[23:25:00,23:45:00)",3,0,2016-10-12,23,25,False
2016-10-12 23:45:00,40,1,3,"[23:45:00,00:00:00)",3,0,2016-10-12,23,45,False
2016-10-13 00:05:00,102,1,3,"[00:05:00,00:25:00)",4,0,2016-10-13,0,5,False
2016-10-13 00:25:00,105,1,3,"[00:25:00,00:45:00)",4,0,2016-10-13,0,25,False
2016-10-13 00:45:00,66,1,3,"[00:45:00,01:05:00)",4,0,2016-10-13,0,45,False
2016-10-13 01:05:00,9,1,3,"[01:05:00,01:25:00)",4,0,2016-10-13,1,5,False
2016-10-13 01:25:00,6,1,3,"[01:25:00,01:45:00)",4,0,2016-10-13,1,25,False
2016-10-13 01:45:00,6,1,3,"[01:45:00,02:05:00)",4,0,2016-10-13,1,45,False
2016-10-13 02:05:00,7,1,3,"[02:05:00,02:25:00)",4,0,2016-10-13,2,5,False
2016-10-13 02:25:00,6,1,3,"[02:25:00,02:45:00)",4,0,2016-10-13,2,25,False
2016-10-13 02:45:00,7,1,3,"[02:45:00,03:05:00)",4,0,2016-10-13,2,45,False
2016-10-13 03:05:00,11,1,3,"[03:05:00,03:25:00)",4,0,2016-10-13,3,5,False
2016-10-13 03:25:00,8,1,3,"[03:25:00,03:45:00)",4,0,2016-10-13,3,25,False
2016-10-13 03:45:00,7,1,3,"[03:45:00,04:05:00)",4,0,2016-10-13,3,45,False
2016-10-13 04:05:00,1,1,3,"[04:05:00,04:25:00)",4,0,2016-10-13,4,5,False
2016-10-13 04:25:00,5,1,3,"[04:25:00,04:45:00)",4,0,2016-10-13,4,25,False
2016-10-13 04:45:00,7,1,3,"[04:45:00,05:05:00)",4,0,2016-10-13,4,45,False
2016-10-13 05:05:00,9,1,3,"[05:05:00,05:25:00)",4,0,2016-10-13,5,5,False
2016-10-13 05:25:00,11,1,3,"[05:25:00,05:45:00)",4,0,2016-10-13,5,25,False
2016-10-13 05:45:00,19,1,3,"[05:45:00,06:05:00)",4,0,2016-10-13,5,45,False
2016-10-13 06:05:00,30,1,3,"[06:05:00,06:25:00)",4,0,2016-10-13,6,5,False
2016-10-13 06:25:00,39,1,3,"[06:25:00,06:45:00)",4,0,2016-10-13,6,25,False
2016-10-13 06:45:00,57,1,3,"[06:45:00,07:05:00)",4,0,2016-10-13,6,45,False
2016-10-13 07:05:00,72,1,3,"[07:05:00,07:25:00)",4,0,2016-10-13,7,5,False
2016-10-13 07:25:00,71,1,3,"[07:25:00,07:45:00)",4,0,2016-10-13,7,25,False
2016-10-13 07:45:00,104,1,3,"[07:45:00,08:05:00)",4,0,2016-10-13,7,45,False
2016-10-13 08:05:00,116,1,3,"[08:05:00,08:25:00)",4,0,2016-10-13,8,5,False
2016-10-13 08:25:00,120,1,3,"[08:25:00,08:45:00)",4,0,2016-10-13,8,25,False
2016-10-13 08:45:00,129,1,3,"[08:45:00,09:05:00)",4,0,2016-10-13,8,45,False
2016-10-13 09:05:00,115,1,3,"[09:05:00,09:25:00)",4,0,2016-10-13,9,5,False
2016-10-13 09:25:00,111,1,3,"[09:25:00,09:45:00)",4,0,2016-10-13,9,25,False
2016-10-13 09:45:00,91,1,3,"[09:45:00,10:05:00)",4,0,2016-10-13,9,45,False
2016-10-13 10:05:00,82,1,3,"[10:05:00,10:25:00)",4,0,2016-10-13,10,5,False
2016-10-13 10:25:00,104,1,3,"[10:25:00,10:45:00)",4,0,2016-10-13,10,25,False
2016-10-13 10:45:00,84,1,3,"[10:45:00,11:05:00)",4,0,2016-10-13,10,45,False
2016-10-13 11:05:00,64,1,3,"[11:05:00,11:25:00)",4,0,2016-10-13,11,5,False
2016-10-13 11:25:00,85,1,3,"[11:25:00,11:45:00)",4,0,2016-10-13,11,25,False
2016-10-13 11:45:00,78,1,3,"[11:45:00,12:05:00)",4,0,2016-10-13,11,45,False
2016-10-13 12:05:00,88,1,3,"[12:05:00,12:25:00)",4,0,2016-10-13,12,5,False
2016-10-13 12:25:00,105,1,3,"[12:25:00,12:45:00)",4,0,2016-10-13,12,25,False
2016-10-13 12:45:00,99,1,3,"[12:45:00,13:05:00)",4,0,2016-10-13,12,45,False
2016-10-13 13:05:00,95,1,3,"[13:05:00,13:25:00)",4,0,2016-10-13,13,5,False
2016-10-13 13:25:00,100,1,3,"[13:25:00,13:45:00)",4,0,2016-10-13,13,25,False
2016-10-13 13:45:00,99,1,3,"[13:45:00,14:05:00)",4,0,2016-10-13,13,45,False
2016-10-13 14:05:00,116,1,3,"[14:05:00,14:25:00)",4,0,2016-10-13,14,5,False
2016-10-13 14:25:00,80,1,3,"[14:25:00,14:45:00)",4,0,2016-10-13,14,25,False
2016-10-13 14:45:00,119,1,3,"[14:45:00,15:05:00)",4,0,2016-10-13,14,45,False
2016-10-13 15:05:00,126,1,3,"[15:05:00,15:25:00)",4,0,2016-10-13,15,5,False
2016-10-13 15:25:00,99,1,3,"[15:25:00,15:45:00)",4,0,2016-10-13,15,25,False
2016-10-13 15:45:00,105,1,3,"[15:45:00,16:05:00)",4,0,2016-10-13,15,45,False
2016-10-13 16:05:00,127,1,3,"[16:05:00,16:25:00)",4,0,2016-10-13,16,5,False
2016-10-13 16:25:00,114,1,3,"[16:25:00,16:45:00)",4,0,2016-10-13,16,25,False
2016-10-13 16:45:00,96,1,3,"[16:45:00,17:05:00)",4,0,2016-10-13,16,45,False
2016-10-13 17:05:00,81,1,3,"[17:05:00,17:25:00)",4,0,2016-10-13,17,5,False
2016-10-13 17:25:00,100,1,3,"[17:25:00,17:45:00)",4,0,2016-10-13,17,25,False
2016-10-13 17:45:00,111,1,3,"[17:45:00,18:05:00)",4,0,2016-10-13,17,45,False
2016-10-13 18:05:00,78,1,3,"[18:05:00,18:25:00)",4,0,2016-10-13,18,5,False
2016-10-13 18:25:00,81,1,3,"[18:25:00,18:45:00)",4,0,2016-10-13,18,25,False
2016-10-13 18:45:00,69,1,3,"[18:45:00,19:05:00)",4,0,2016-10-13,18,45,False
2016-10-13 19:05:00,52,1,3,"[19:05:00,19:25:00)",4,0,2016-10-13,19,5,False
2016-10-13 19:25:00,62,1,3,"[19:25:00,19:45:00)",4,0,2016-10-13,19,25,False
2016-10-13 19:45:00,61,1,3,"[19:45:00,20:05:00)",4,0,2016-10-13,19,45,False
2016-10-13 20:05:00,47,1,3,"[20:05:00,20:25:00)",4,0,2016-10-13,20,5,False
2016-10-13 20:25:00,44,1,3,"[20:25:00,20:45:00)",4,0,2016-10-13,20,25,False
2016-10-13 20:45:00,45,1,3,"[20:45:00,21:05:00)",4,0,2016-10-13,20,45,False
2016-10-13 21:05:00,35,1,3,"[21:05:00,21:25:00)",4,0,2016-10-13,21,5,False
2016-10-13 21:25:00,43,1,3,"[21:25:00,21:45:00)",4,0,2016-10-13,21,25,False
2016-10-13 21:45:00,40,1,3,"[21:45:00,22:05:00)",4,0,2016-10-13,21,45,False
2016-10-13 22:05:00,40,1,3,"[22:05:00,22:25:00)",4,0,2016-10-13,22,5,False
2016-10-13 22:25:00,32,1,3,"[22:25:00,22:45:00)",4,0,2016-10-13,22,25,False
2016-10-13 22:45:00,18,1,3,"[22:45:00,23:05:00)",4,0,2016-10-13,22,45,False
2016-10-13 23:05:00,14,1,3,"[23:05:00,23:25:00)",4,0,2016-10-13,23,5,False
2016-10-13 23:25:00,16,1,3,"[23:25:00,23:45:00)",4,0,2016-10-13,23,25,False
2016-10-13 23:45:00,44,1,3,"[23:45:00,00:00:00)",4,0,2016-10-13,23,45,False
2016-10-14 00:05:00,119,1,3,"[00:05:00,00:25:00)",5,0,2016-10-14,0,5,False
2016-10-14 00:25:00,109,1,3,"[00:25:00,00:45:00)",5,0,2016-10-14,0,25,False
2016-10-14 00:45:00,60,1,3,"[00:45:00,01:05:00)",5,0,2016-10-14,0,45,False
2016-10-14 01:05:00,16,1,3,"[01:05:00,01:25:00)",5,0,2016-10-14,1,5,False
2016-10-14 01:25:00,12,1,3,"[01:25:00,01:45:00)",5,0,2016-10-14,1,25,False
2016-10-14 01:45:00,12,1,3,"[01:45:00,02:05:00)",5,0,2016-10-14,1,45,False
2016-10-14 02:05:00,5,1,3,"[02:05:00,02:25:00)",5,0,2016-10-14,2,5,False
2016-10-14 02:25:00,8,1,3,"[02:25:00,02:45:00)",5,0,2016-10-14,2,25,False
2016-10-14 02:45:00,7,1,3,"[02:45:00,03:05:00)",5,0,2016-10-14,2,45,False
2016-10-14 03:05:00,3,1,3,"[03:05:00,03:25:00)",5,0,2016-10-14,3,5,False
2016-10-14 03:25:00,5,1,3,"[03:25:00,03:45:00)",5,0,2016-10-14,3,25,False
2016-10-14 03:45:00,2,1,3,"[03:45:00,04:05:00)",5,0,2016-10-14,3,45,False
2016-10-14 04:05:00,4,1,3,"[04:05:00,04:25:00)",5,0,2016-10-14,4,5,False
2016-10-14 04:25:00,10,1,3,"[04:25:00,04:45:00)",5,0,2016-10-14,4,25,False
2016-10-14 04:45:00,11,1,3,"[04:45:00,05:05:00)",5,0,2016-10-14,4,45,False
2016-10-14 05:05:00,9,1,3,"[05:05:00,05:25:00)",5,0,2016-10-14,5,5,False
2016-10-14 05:25:00,5,1,3,"[05:25:00,05:45:00)",5,0,2016-10-14,5,25,False
2016-10-14 05:45:00,13,1,3,"[05:45:00,06:05:00)",5,0,2016-10-14,5,45,False
2016-10-14 06:05:00,25,1,3,"[06:05:00,06:25:00)",5,0,2016-10-14,6,5,False
2016-10-14 06:25:00,30,1,3,"[06:25:00,06:45:00)",5,0,2016-10-14,6,25,False
2016-10-14 06:45:00,64,1,3,"[06:45:00,07:05:00)",5,0,2016-10-14,6,45,False
2016-10-14 07:05:00,74,1,3,"[07:05:00,07:25:00)",5,0,2016-10-14,7,5,False
2016-10-14 07:25:00,77,1,3,"[07:25:00,07:45:00)",5,0,2016-10-14,7,25,False
2016-10-14 07:45:00,80,1,3,"[07:45:00,08:05:00)",5,0,2016-10-14,7,45,False
2016-10-14 08:05:00,115,1,3,"[08:05:00,08:25:00)",5,0,2016-10-14,8,5,False
2016-10-14 08:25:00,123,1,3,"[08:25:00,08:45:00)",5,0,2016-10-14,8,25,False
2016-10-14 08:45:00,124,1,3,"[08:45:00,09:05:00)",5,0,2016-10-14,8,45,False
2016-10-14 09:05:00,125,1,3,"[09:05:00,09:25:00)",5,0,2016-10-14,9,5,False
2016-10-14 09:25:00,104,1,3,"[09:25:00,09:45:00)",5,0,2016-10-14,9,25,False
2016-10-14 09:45:00,92,1,3,"[09:45:00,10:05:00)",5,0,2016-10-14,9,45,False
2016-10-14 10:05:00,96,1,3,"[10:05:00,10:25:00)",5,0,2016-10-14,10,5,False
2016-10-14 10:25:00,85,1,3,"[10:25:00,10:45:00)",5,0,2016-10-14,10,25,False
2016-10-14 10:45:00,76,1,3,"[10:45:00,11:05:00)",5,0,2016-10-14,10,45,False
2016-10-14 11:05:00,87,1,3,"[11:05:00,11:25:00)",5,0,2016-10-14,11,5,False
2016-10-14 11:25:00,83,1,3,"[11:25:00,11:45:00)",5,0,2016-10-14,11,25,False
2016-10-14 11:45:00,85,1,3,"[11:45:00,12:05:00)",5,0,2016-10-14,11,45,False
2016-10-14 12:05:00,99,1,3,"[12:05:00,12:25:00)",5,0,2016-10-14,12,5,False
2016-10-14 12:25:00,94,1,3,"[12:25:00,12:45:00)",5,0,2016-10-14,12,25,False
2016-10-14 12:45:00,111,1,3,"[12:45:00,13:05:00)",5,0,2016-10-14,12,45,False
2016-10-14 13:05:00,130,1,3,"[13:05:00,13:25:00)",5,0,2016-10-14,13,5,False
2016-10-14 13:25:00,135,1,3,"[13:25:00,13:45:00)",5,0,2016-10-14,13,25,False
2016-10-14 13:45:00,112,1,3,"[13:45:00,14:05:00)",5,0,2016-10-14,13,45,False
2016-10-14 14:05:00,141,1,3,"[14:05:00,14:25:00)",5,0,2016-10-14,14,5,False
2016-10-14 14:25:00,104,1,3,"[14:25:00,14:45:00)",5,0,2016-10-14,14,25,False
2016-10-14 14:45:00,113,1,3,"[14:45:00,15:05:00)",5,0,2016-10-14,14,45,False
2016-10-14 15:05:00,112,1,3,"[15:05:00,15:25:00)",5,0,2016-10-14,15,5,False
2016-10-14 15:25:00,91,1,3,"[15:25:00,15:45:00)",5,0,2016-10-14,15,25,False
2016-10-14 15:45:00,116,1,3,"[15:45:00,16:05:00)",5,0,2016-10-14,15,45,False
2016-10-14 16:05:00,109,1,3,"[16:05:00,16:25:00)",5,0,2016-10-14,16,5,False
2016-10-14 16:25:00,91,1,3,"[16:25:00,16:45:00)",5,0,2016-10-14,16,25,False
2016-10-14 16:45:00,105,1,3,"[16:45:00,17:05:00)",5,0,2016-10-14,16,45,False
2016-10-14 17:05:00,117,1,3,"[17:05:00,17:25:00)",5,0,2016-10-14,17,5,False
2016-10-14 17:25:00,100,1,3,"[17:25:00,17:45:00)",5,0,2016-10-14,17,25,False
2016-10-14 17:45:00,128,1,3,"[17:45:00,18:05:00)",5,0,2016-10-14,17,45,False
2016-10-14 18:05:00,128,1,3,"[18:05:00,18:25:00)",5,0,2016-10-14,18,5,False
2016-10-14 18:25:00,46,1,3,"[18:25:00,18:45:00)",5,0,2016-10-14,18,25,False
2016-10-14 18:45:00,53,1,3,"[18:45:00,19:05:00)",5,0,2016-10-14,18,45,False
2016-10-14 19:05:00,43,1,3,"[19:05:00,19:25:00)",5,0,2016-10-14,19,5,False
2016-10-14 19:25:00,53,1,3,"[19:25:00,19:45:00)",5,0,2016-10-14,19,25,False
2016-10-14 19:45:00,53,1,3,"[19:45:00,20:05:00)",5,0,2016-10-14,19,45,False
2016-10-14 20:05:00,47,1,3,"[20:05:00,20:25:00)",5,0,2016-10-14,20,5,False
2016-10-14 20:25:00,44,1,3,"[20:25:00,20:45:00)",5,0,2016-10-14,20,25,False
2016-10-14 20:45:00,49,1,3,"[20:45:00,21:05:00)",5,0,2016-10-14,20,45,False
2016-10-14 21:05:00,50,1,3,"[21:05:00,21:25:00)",5,0,2016-10-14,21,5,False
2016-10-14 21:25:00,34,1,3,"[21:25:00,21:45:00)",5,0,2016-10-14,21,25,False
2016-10-14 21:45:00,41,1,3,"[21:45:00,22:05:00)",5,0,2016-10-14,21,45,False
2016-10-14 22:05:00,32,1,3,"[22:05:00,22:25:00)",5,0,2016-10-14,22,5,False
2016-10-14 22:25:00,30,1,3,"[22:25:00,22:45:00)",5,0,2016-10-14,22,25,False
2016-10-14 22:45:00,26,1,3,"[22:45:00,23:05:00)",5,0,2016-10-14,22,45,False
2016-10-14 23:05:00,22,1,3,"[23:05:00,23:25:00)",5,0,2016-10-14,23,5,False
2016-10-14 23:25:00,22,1,3,"[23:25:00,23:45:00)",5,0,2016-10-14,23,25,False
2016-10-14 23:45:00,55,1,3,"[23:45:00,00:00:00)",5,0,2016-10-14,23,45,False
2016-10-15 00:05:00,153,1,3,"[00:05:00,00:25:00)",6,1,2016-10-15,0,5,False
2016-10-15 00:25:00,100,1,3,"[00:25:00,00:45:00)",6,1,2016-10-15,0,25,False
2016-10-15 00:45:00,57,1,3,"[00:45:00,01:05:00)",6,1,2016-10-15,0,45,False
2016-10-15 01:05:00,10,1,3,"[01:05:00,01:25:00)",6,1,2016-10-15,1,5,False
2016-10-15 01:25:00,9,1,3,"[01:25:00,01:45:00)",6,1,2016-10-15,1,25,False
2016-10-15 01:45:00,7,1,3,"[01:45:00,02:05:00)",6,1,2016-10-15,1,45,False
2016-10-15 02:05:00,5,1,3,"[02:05:00,02:25:00)",6,1,2016-10-15,2,5,False
2016-10-15 02:25:00,5,1,3,"[02:25:00,02:45:00)",6,1,2016-10-15,2,25,False
2016-10-15 02:45:00,6,1,3,"[02:45:00,03:05:00)",6,1,2016-10-15,2,45,False
2016-10-15 03:05:00,5,1,3,"[03:05:00,03:25:00)",6,1,2016-10-15,3,5,False
2016-10-15 03:25:00,6,1,3,"[03:25:00,03:45:00)",6,1,2016-10-15,3,25,False
2016-10-15 03:45:00,3,1,3,"[03:45:00,04:05:00)",6,1,2016-10-15,3,45,False
2016-10-15 04:05:00,4,1,3,"[04:05:00,04:25:00)",6,1,2016-10-15,4,5,False
2016-10-15 04:25:00,8,1,3,"[04:25:00,04:45:00)",6,1,2016-10-15,4,25,False
2016-10-15 04:45:00,6,1,3,"[04:45:00,05:05:00)",6,1,2016-10-15,4,45,False
2016-10-15 05:05:00,13,1,3,"[05:05:00,05:25:00)",6,1,2016-10-15,5,5,False
2016-10-15 05:25:00,14,1,3,"[05:25:00,05:45:00)",6,1,2016-10-15,5,25,False
2016-10-15 05:45:00,20,1,3,"[05:45:00,06:05:00)",6,1,2016-10-15,5,45,False
2016-10-15 06:05:00,18,1,3,"[06:05:00,06:25:00)",6,1,2016-10-15,6,5,False
2016-10-15 06:25:00,47,1,3,"[06:25:00,06:45:00)",6,1,2016-10-15,6,25,False
2016-10-15 06:45:00,62,1,3,"[06:45:00,07:05:00)",6,1,2016-10-15,6,45,False
2016-10-15 07:05:00,57,1,3,"[07:05:00,07:25:00)",6,1,2016-10-15,7,5,False
2016-10-15 07:25:00,68,1,3,"[07:25:00,07:45:00)",6,1,2016-10-15,7,25,False
2016-10-15 07:45:00,81,1,3,"[07:45:00,08:05:00)",6,1,2016-10-15,7,45,False
2016-10-15 08:05:00,83,1,3,"[08:05:00,08:25:00)",6,1,2016-10-15,8,5,False
2016-10-15 08:25:00,88,1,3,"[08:25:00,08:45:00)",6,1,2016-10-15,8,25,False
2016-10-15 08:45:00,107,1,3,"[08:45:00,09:05:00)",6,1,2016-10-15,8,45,False
2016-10-15 09:05:00,98,1,3,"[09:05:00,09:25:00)",6,1,2016-10-15,9,5,False
2016-10-15 09:25:00,94,1,3,"[09:25:00,09:45:00)",6,1,2016-10-15,9,25,False
2016-10-15 09:45:00,115,1,3,"[09:45:00,10:05:00)",6,1,2016-10-15,9,45,False
2016-10-15 10:05:00,85,1,3,"[10:05:00,10:25:00)",6,1,2016-10-15,10,5,False
2016-10-15 10:25:00,93,1,3,"[10:25:00,10:45:00)",6,1,2016-10-15,10,25,False
2016-10-15 10:45:00,105,1,3,"[10:45:00,11:05:00)",6,1,2016-10-15,10,45,False
2016-10-15 11:05:00,81,1,3,"[11:05:00,11:25:00)",6,1,2016-10-15,11,5,False
2016-10-15 11:25:00,104,1,3,"[11:25:00,11:45:00)",6,1,2016-10-15,11,25,False
2016-10-15 11:45:00,83,1,3,"[11:45:00,12:05:00)",6,1,2016-10-15,11,45,False
2016-10-15 12:05:00,85,1,3,"[12:05:00,12:25:00)",6,1,2016-10-15,12,5,False
2016-10-15 12:25:00,90,1,3,"[12:25:00,12:45:00)",6,1,2016-10-15,12,25,False
2016-10-15 12:45:00,84,1,3,"[12:45:00,13:05:00)",6,1,2016-10-15,12,45,False
2016-10-15 13:05:00,122,1,3,"[13:05:00,13:25:00)",6,1,2016-10-15,13,5,False
2016-10-15 13:25:00,107,1,3,"[13:25:00,13:45:00)",6,1,2016-10-15,13,25,False
2016-10-15 13:45:00,123,1,3,"[13:45:00,14:05:00)",6,1,2016-10-15,13,45,False
2016-10-15 14:05:00,94,1,3,"[14:05:00,14:25:00)",6,1,2016-10-15,14,5,False
2016-10-15 14:25:00,99,1,3,"[14:25:00,14:45:00)",6,1,2016-10-15,14,25,False
2016-10-15 14:45:00,100,1,3,"[14:45:00,15:05:00)",6,1,2016-10-15,14,45,False
2016-10-15 15:05:00,120,1,3,"[15:05:00,15:25:00)",6,1,2016-10-15,15,5,False
2016-10-15 15:25:00,100,1,3,"[15:25:00,15:45:00)",6,1,2016-10-15,15,25,False
2016-10-15 15:45:00,98,1,3,"[15:45:00,16:05:00)",6,1,2016-10-15,15,45,False
2016-10-15 16:05:00,101,1,3,"[16:05:00,16:25:00)",6,1,2016-10-15,16,5,False
2016-10-15 16:25:00,95,1,3,"[16:25:00,16:45:00)",6,1,2016-10-15,16,25,False
2016-10-15 16:45:00,83,1,3,"[16:45:00,17:05:00)",6,1,2016-10-15,16,45,False
2016-10-15 17:05:00,107,1,3,"[17:05:00,17:25:00)",6,1,2016-10-15,17,5,False
2016-10-15 17:25:00,80,1,3,"[17:25:00,17:45:00)",6,1,2016-10-15,17,25,False
2016-10-15 17:45:00,89,1,3,"[17:45:00,18:05:00)",6,1,2016-10-15,17,45,False
2016-10-15 18:05:00,101,1,3,"[18:05:00,18:25:00)",6,1,2016-10-15,18,5,False
2016-10-15 18:25:00,77,1,3,"[18:25:00,18:45:00)",6,1,2016-10-15,18,25,False
2016-10-15 18:45:00,76,1,3,"[18:45:00,19:05:00)",6,1,2016-10-15,18,45,False
2016-10-15 19:05:00,75,1,3,"[19:05:00,19:25:00)",6,1,2016-10-15,19,5,False
2016-10-15 19:25:00,62,1,3,"[19:25:00,19:45:00)",6,1,2016-10-15,19,25,False
2016-10-15 19:45:00,55,1,3,"[19:45:00,20:05:00)",6,1,2016-10-15,19,45,False
2016-10-15 20:05:00,71,1,3,"[20:05:00,20:25:00)",6,1,2016-10-15,20,5,False
2016-10-15 20:25:00,55,1,3,"[20:25:00,20:45:00)",6,1,2016-10-15,20,25,False
2016-10-15 20:45:00,54,1,3,"[20:45:00,21:05:00)",6,1,2016-10-15,20,45,False
2016-10-15 21:05:00,45,1,3,"[21:05:00,21:25:00)",6,1,2016-10-15,21,5,False
2016-10-15 21:25:00,33,1,3,"[21:25:00,21:45:00)",6,1,2016-10-15,21,25,False
2016-10-15 21:45:00,23,1,3,"[21:45:00,22:05:00)",6,1,2016-10-15,21,45,False
2016-10-15 22:05:00,24,1,3,"[22:05:00,22:25:00)",6,1,2016-10-15,22,5,False
2016-10-15 22:25:00,28,1,3,"[22:25:00,22:45:00)",6,1,2016-10-15,22,25,False
2016-10-15 22:45:00,19,1,3,"[22:45:00,23:05:00)",6,1,2016-10-15,22,45,False
2016-10-15 23:05:00,18,1,3,"[23:05:00,23:25:00)",6,1,2016-10-15,23,5,False
2016-10-15 23:25:00,25,1,3,"[23:25:00,23:45:00)",6,1,2016-10-15,23,25,False
2016-10-15 23:45:00,43,1,3,"[23:45:00,00:00:00)",6,1,2016-10-15,23,45,False
2016-10-16 00:05:00,131,1,3,"[00:05:00,00:25:00)",7,1,2016-10-16,0,5,False
2016-10-16 00:25:00,96,1,3,"[00:25:00,00:45:00)",7,1,2016-10-16,0,25,False
2016-10-16 00:45:00,70,1,3,"[00:45:00,01:05:00)",7,1,2016-10-16,0,45,False
2016-10-16 01:05:00,9,1,3,"[01:05:00,01:25:00)",7,1,2016-10-16,1,5,False
2016-10-16 01:25:00,5,1,3,"[01:25:00,01:45:00)",7,1,2016-10-16,1,25,False
2016-10-16 01:45:00,5,1,3,"[01:45:00,02:05:00)",7,1,2016-10-16,1,45,False
2016-10-16 02:05:00,6,1,3,"[02:05:00,02:25:00)",7,1,2016-10-16,2,5,False
2016-10-16 02:25:00,6,1,3,"[02:25:00,02:45:00)",7,1,2016-10-16,2,25,False
2016-10-16 02:45:00,10,1,3,"[02:45:00,03:05:00)",7,1,2016-10-16,2,45,False
2016-10-16 03:05:00,6,1,3,"[03:05:00,03:25:00)",7,1,2016-10-16,3,5,False
2016-10-16 03:25:00,5,1,3,"[03:25:00,03:45:00)",7,1,2016-10-16,3,25,False
2016-10-16 03:45:00,5,1,3,"[03:45:00,04:05:00)",7,1,2016-10-16,3,45,False
2016-10-16 04:05:00,3,1,3,"[04:05:00,04:25:00)",7,1,2016-10-16,4,5,False
2016-10-16 04:25:00,7,1,3,"[04:25:00,04:45:00)",7,1,2016-10-16,4,25,False
2016-10-16 04:45:00,7,1,3,"[04:45:00,05:05:00)",7,1,2016-10-16,4,45,False
2016-10-16 05:05:00,10,1,3,"[05:05:00,05:25:00)",7,1,2016-10-16,5,5,False
2016-10-16 05:25:00,15,1,3,"[05:25:00,05:45:00)",7,1,2016-10-16,5,25,False
2016-10-16 05:45:00,24,1,3,"[05:45:00,06:05:00)",7,1,2016-10-16,5,45,False
2016-10-16 06:05:00,24,1,3,"[06:05:00,06:25:00)",7,1,2016-10-16,6,5,False
2016-10-16 06:25:00,38,1,3,"[06:25:00,06:45:00)",7,1,2016-10-16,6,25,False
2016-10-16 06:45:00,43,1,3,"[06:45:00,07:05:00)",7,1,2016-10-16,6,45,False
2016-10-16 07:05:00,46,1,3,"[07:05:00,07:25:00)",7,1,2016-10-16,7,5,False
2016-10-16 07:25:00,60,1,3,"[07:25:00,07:45:00)",7,1,2016-10-16,7,25,False
2016-10-16 07:45:00,59,1,3,"[07:45:00,08:05:00)",7,1,2016-10-16,7,45,False
2016-10-16 08:05:00,89,1,3,"[08:05:00,08:25:00)",7,1,2016-10-16,8,5,False
2016-10-16 08:25:00,84,1,3,"[08:25:00,08:45:00)",7,1,2016-10-16,8,25,False
2016-10-16 08:45:00,84,1,3,"[08:45:00,09:05:00)",7,1,2016-10-16,8,45,False
2016-10-16 09:05:00,105,1,3,"[09:05:00,09:25:00)",7,1,2016-10-16,9,5,False
2016-10-16 09:25:00,93,1,3,"[09:25:00,09:45:00)",7,1,2016-10-16,9,25,False
2016-10-16 09:45:00,94,1,3,"[09:45:00,10:05:00)",7,1,2016-10-16,9,45,False
2016-10-16 10:05:00,123,1,3,"[10:05:00,10:25:00)",7,1,2016-10-16,10,5,False
2016-10-16 10:25:00,121,1,3,"[10:25:00,10:45:00)",7,1,2016-10-16,10,25,False
2016-10-16 10:45:00,108,1,3,"[10:45:00,11:05:00)",7,1,2016-10-16,10,45,False
2016-10-16 11:05:00,83,1,3,"[11:05:00,11:25:00)",7,1,2016-10-16,11,5,False
2016-10-16 11:25:00,90,1,3,"[11:25:00,11:45:00)",7,1,2016-10-16,11,25,False
2016-10-16 11:45:00,75,1,3,"[11:45:00,12:05:00)",7,1,2016-10-16,11,45,False
2016-10-16 12:05:00,103,1,3,"[12:05:00,12:25:00)",7,1,2016-10-16,12,5,False
2016-10-16 12:25:00,108,1,3,"[12:25:00,12:45:00)",7,1,2016-10-16,12,25,False
2016-10-16 12:45:00,115,1,3,"[12:45:00,13:05:00)",7,1,2016-10-16,12,45,False
2016-10-16 13:05:00,135,1,3,"[13:05:00,13:25:00)",7,1,2016-10-16,13,5,False
2016-10-16 13:25:00,133,1,3,"[13:25:00,13:45:00)",7,1,2016-10-16,13,25,False
2016-10-16 13:45:00,134,1,3,"[13:45:00,14:05:00)",7,1,2016-10-16,13,45,False
2016-10-16 14:05:00,152,1,3,"[14:05:00,14:25:00)",7,1,2016-10-16,14,5,False
2016-10-16 14:25:00,137,1,3,"[14:25:00,14:45:00)",7,1,2016-10-16,14,25,False
2016-10-16 14:45:00,139,1,3,"[14:45:00,15:05:00)",7,1,2016-10-16,14,45,False
2016-10-16 15:05:00,141,1,3,"[15:05:00,15:25:00)",7,1,2016-10-16,15,5,False
2016-10-16 15:25:00,129,1,3,"[15:25:00,15:45:00)",7,1,2016-10-16,15,25,False
2016-10-16 15:45:00,140,1,3,"[15:45:00,16:05:00)",7,1,2016-10-16,15,45,False
2016-10-16 16:05:00,134,1,3,"[16:05:00,16:25:00)",7,1,2016-10-16,16,5,False
2016-10-16 16:25:00,131,1,3,"[16:25:00,16:45:00)",7,1,2016-10-16,16,25,False
2016-10-16 16:45:00,110,1,3,"[16:45:00,17:05:00)",7,1,2016-10-16,16,45,False
2016-10-16 17:05:00,93,1,3,"[17:05:00,17:25:00)",7,1,2016-10-16,17,5,False
2016-10-16 17:25:00,115,1,3,"[17:25:00,17:45:00)",7,1,2016-10-16,17,25,False
2016-10-16 17:45:00,87,1,3,"[17:45:00,18:05:00)",7,1,2016-10-16,17,45,False
2016-10-16 18:05:00,91,1,3,"[18:05:00,18:25:00)",7,1,2016-10-16,18,5,False
2016-10-16 18:25:00,105,1,3,"[18:25:00,18:45:00)",7,1,2016-10-16,18,25,False
2016-10-16 18:45:00,77,1,3,"[18:45:00,19:05:00)",7,1,2016-10-16,18,45,False
2016-10-16 19:05:00,81,1,3,"[19:05:00,19:25:00)",7,1,2016-10-16,19,5,False
2016-10-16 19:25:00,92,1,3,"[19:25:00,19:45:00)",7,1,2016-10-16,19,25,False
2016-10-16 19:45:00,70,1,3,"[19:45:00,20:05:00)",7,1,2016-10-16,19,45,False
2016-10-16 20:05:00,72,1,3,"[20:05:00,20:25:00)",7,1,2016-10-16,20,5,False
2016-10-16 20:25:00,58,1,3,"[20:25:00,20:45:00)",7,1,2016-10-16,20,25,False
2016-10-16 20:45:00,54,1,3,"[20:45:00,21:05:00)",7,1,2016-10-16,20,45,False
2016-10-16 21:05:00,25,1,3,"[21:05:00,21:25:00)",7,1,2016-10-16,21,5,False
2016-10-16 21:25:00,39,1,3,"[21:25:00,21:45:00)",7,1,2016-10-16,21,25,False
2016-10-16 21:45:00,33,1,3,"[21:45:00,22:05:00)",7,1,2016-10-16,21,45,False
2016-10-16 22:05:00,21,1,3,"[22:05:00,22:25:00)",7,1,2016-10-16,22,5,False
2016-10-16 22:25:00,24,1,3,"[22:25:00,22:45:00)",7,1,2016-10-16,22,25,False
2016-10-16 22:45:00,13,1,3,"[22:45:00,23:05:00)",7,1,2016-10-16,22,45,False
2016-10-16 23:05:00,13,1,3,"[23:05:00,23:25:00)",7,1,2016-10-16,23,5,False
2016-10-16 23:25:00,12,1,3,"[23:25:00,23:45:00)",7,1,2016-10-16,23,25,False
2016-10-16 23:45:00,46,1,3,"[23:45:00,00:00:00)",7,1,2016-10-16,23,45,False
2016-10-17 00:05:00,128,1,3,"[00:05:00,00:25:00)",1,0,2016-10-17,0,5,False
2016-10-17 00:25:00,118,1,3,"[00:25:00,00:45:00)",1,0,2016-10-17,0,25,False
2016-10-17 00:45:00,57,1,3,"[00:45:00,01:05:00)",1,0,2016-10-17,0,45,False
2016-10-17 01:05:00,11,1,3,"[01:05:00,01:25:00)",1,0,2016-10-17,1,5,False
2016-10-17 01:25:00,8,1,3,"[01:25:00,01:45:00)",1,0,2016-10-17,1,25,False
2016-10-17 01:45:00,3,1,3,"[01:45:00,02:05:00)",1,0,2016-10-17,1,45,False
2016-10-17 02:05:00,6,1,3,"[02:05:00,02:25:00)",1,0,2016-10-17,2,5,False
2016-10-17 02:25:00,3,1,3,"[02:25:00,02:45:00)",1,0,2016-10-17,2,25,False
2016-10-17 02:45:00,1,1,3,"[02:45:00,03:05:00)",1,0,2016-10-17,2,45,False
2016-10-17 03:05:00,7,1,3,"[03:05:00,03:25:00)",1,0,2016-10-17,3,5,False
2016-10-17 03:25:00,3,1,3,"[03:25:00,03:45:00)",1,0,2016-10-17,3,25,False
2016-10-17 03:45:00,7,1,3,"[03:45:00,04:05:00)",1,0,2016-10-17,3,45,False
2016-10-17 04:05:00,7,1,3,"[04:05:00,04:25:00)",1,0,2016-10-17,4,5,False
2016-10-17 04:25:00,4,1,3,"[04:25:00,04:45:00)",1,0,2016-10-17,4,25,False
2016-10-17 04:45:00,8,1,3,"[04:45:00,05:05:00)",1,0,2016-10-17,4,45,False
2016-10-17 05:05:00,6,1,3,"[05:05:00,05:25:00)",1,0,2016-10-17,5,5,False
2016-10-17 05:25:00,14,1,3,"[05:25:00,05:45:00)",1,0,2016-10-17,5,25,False
2016-10-17 05:45:00,19,1,3,"[05:45:00,06:05:00)",1,0,2016-10-17,5,45,False
2016-10-17 06:05:00,30,1,3,"[06:05:00,06:25:00)",1,0,2016-10-17,6,5,False
2016-10-17 06:25:00,45,1,3,"[06:25:00,06:45:00)",1,0,2016-10-17,6,25,False
2016-10-17 06:45:00,53,1,3,"[06:45:00,07:05:00)",1,0,2016-10-17,6,45,False
2016-10-17 07:05:00,96,1,3,"[07:05:00,07:25:00)",1,0,2016-10-17,7,5,False
2016-10-17 07:25:00,115,1,3,"[07:25:00,07:45:00)",1,0,2016-10-17,7,25,False
2016-10-17 07:45:00,116,1,3,"[07:45:00,08:05:00)",1,0,2016-10-17,7,45,False
2016-10-17 08:05:00,125,1,3,"[08:05:00,08:25:00)",1,0,2016-10-17,8,5,False
2016-10-17 08:25:00,139,1,3,"[08:25:00,08:45:00)",1,0,2016-10-17,8,25,False
2016-10-17 08:45:00,152,1,3,"[08:45:00,09:05:00)",1,0,2016-10-17,8,45,False
2016-10-17 09:05:00,132,1,3,"[09:05:00,09:25:00)",1,0,2016-10-17,9,5,False
2016-10-17 09:25:00,132,1,3,"[09:25:00,09:45:00)",1,0,2016-10-17,9,25,False
2016-10-17 09:45:00,96,1,3,"[09:45:00,10:05:00)",1,0,2016-10-17,9,45,False
2016-10-17 10:05:00,80,1,3,"[10:05:00,10:25:00)",1,0,2016-10-17,10,5,False
2016-10-17 10:25:00,76,1,3,"[10:25:00,10:45:00)",1,0,2016-10-17,10,25,False
2016-10-17 10:45:00,81,1,3,"[10:45:00,11:05:00)",1,0,2016-10-17,10,45,False
2016-10-17 11:05:00,85,1,3,"[11:05:00,11:25:00)",1,0,2016-10-17,11,5,False
2016-10-17 11:25:00,78,1,3,"[11:25:00,11:45:00)",1,0,2016-10-17,11,25,False
2016-10-17 11:45:00,68,1,3,"[11:45:00,12:05:00)",1,0,2016-10-17,11,45,False
2016-10-17 12:05:00,77,1,3,"[12:05:00,12:25:00)",1,0,2016-10-17,12,5,False
2016-10-17 12:25:00,80,1,3,"[12:25:00,12:45:00)",1,0,2016-10-17,12,25,False
2016-10-17 12:45:00,104,1,3,"[12:45:00,13:05:00)",1,0,2016-10-17,12,45,False
2016-10-17 13:05:00,136,1,3,"[13:05:00,13:25:00)",1,0,2016-10-17,13,5,False
2016-10-17 13:25:00,86,1,3,"[13:25:00,13:45:00)",1,0,2016-10-17,13,25,False
2016-10-17 13:45:00,70,1,3,"[13:45:00,14:05:00)",1,0,2016-10-17,13,45,False
2016-10-17 14:05:00,78,1,3,"[14:05:00,14:25:00)",1,0,2016-10-17,14,5,False
2016-10-17 14:25:00,92,1,3,"[14:25:00,14:45:00)",1,0,2016-10-17,14,25,False
2016-10-17 14:45:00,91,1,3,"[14:45:00,15:05:00)",1,0,2016-10-17,14,45,False
2016-10-17 15:05:00,101,1,3,"[15:05:00,15:25:00)",1,0,2016-10-17,15,5,False
2016-10-17 15:25:00,115,1,3,"[15:25:00,15:45:00)",1,0,2016-10-17,15,25,False
2016-10-17 15:45:00,91,1,3,"[15:45:00,16:05:00)",1,0,2016-10-17,15,45,False
2016-10-17 16:05:00,90,1,3,"[16:05:00,16:25:00)",1,0,2016-10-17,16,5,False
2016-10-17 16:25:00,101,1,3,"[16:25:00,16:45:00)",1,0,2016-10-17,16,25,False
2016-10-17 16:45:00,78,1,3,"[16:45:00,17:05:00)",1,0,2016-10-17,16,45,False
2016-10-17 17:05:00,86,1,3,"[17:05:00,17:25:00)",1,0,2016-10-17,17,5,False
2016-10-17 17:25:00,81,1,3,"[17:25:00,17:45:00)",1,0,2016-10-17,17,25,False
2016-10-17 17:45:00,83,1,3,"[17:45:00,18:05:00)",1,0,2016-10-17,17,45,False
2016-10-17 18:05:00,79,1,3,"[18:05:00,18:25:00)",1,0,2016-10-17,18,5,False
2016-10-17 18:25:00,88,1,3,"[18:25:00,18:45:00)",1,0,2016-10-17,18,25,False
2016-10-17 18:45:00,77,1,3,"[18:45:00,19:05:00)",1,0,2016-10-17,18,45,False
2016-10-17 19:05:00,45,1,3,"[19:05:00,19:25:00)",1,0,2016-10-17,19,5,False
2016-10-17 19:25:00,52,1,3,"[19:25:00,19:45:00)",1,0,2016-10-17,19,25,False
2016-10-17 19:45:00,49,1,3,"[19:45:00,20:05:00)",1,0,2016-10-17,19,45,False
2016-10-17 20:05:00,47,1,3,"[20:05:00,20:25:00)",1,0,2016-10-17,20,5,False
2016-10-17 20:25:00,27,1,3,"[20:25:00,20:45:00)",1,0,2016-10-17,20,25,False
2016-10-17 20:45:00,36,1,3,"[20:45:00,21:05:00)",1,0,2016-10-17,20,45,False
2016-10-17 21:05:00,28,1,3,"[21:05:00,21:25:00)",1,0,2016-10-17,21,5,False
2016-10-17 21:25:00,22,1,3,"[21:25:00,21:45:00)",1,0,2016-10-17,21,25,False
2016-10-17 21:45:00,24,1,3,"[21:45:00,22:05:00)",1,0,2016-10-17,21,45,False
2016-10-17 22:05:00,12,1,3,"[22:05:00,22:25:00)",1,0,2016-10-17,22,5,False
2016-10-17 22:25:00,23,1,3,"[22:25:00,22:45:00)",1,0,2016-10-17,22,25,False
2016-10-17 22:45:00,24,1,3,"[22:45:00,23:05:00)",1,0,2016-10-17,22,45,False
2016-10-17 23:05:00,12,1,3,"[23:05:00,23:25:00)",1,0,2016-10-17,23,5,False
2016-10-17 23:25:00,9,1,3,"[23:25:00,23:45:00)",1,0,2016-10-17,23,25,False
2016-10-17 23:45:00,69,1,3,"[23:45:00,00:00:00)",1,0,2016-10-17,23,45,False
2016-10-18 00:05:00,120,1,3,"[00:05:00,00:25:00)",2,0,2016-10-18,0,5,False
2016-10-18 00:25:00,88,1,3,"[00:25:00,00:45:00)",2,0,2016-10-18,0,25,False
2016-10-18 00:45:00,54,1,3,"[00:45:00,01:05:00)",2,0,2016-10-18,0,45,False
2016-10-18 01:05:00,11,1,3,"[01:05:00,01:25:00)",2,0,2016-10-18,1,5,False
2016-10-18 01:25:00,6,1,3,"[01:25:00,01:45:00)",2,0,2016-10-18,1,25,False
2016-10-18 01:45:00,8,1,3,"[01:45:00,02:05:00)",2,0,2016-10-18,1,45,False
2016-10-18 02:05:00,5,1,3,"[02:05:00,02:25:00)",2,0,2016-10-18,2,5,False
2016-10-18 02:25:00,3,1,3,"[02:25:00,02:45:00)",2,0,2016-10-18,2,25,False
2016-10-18 02:45:00,3,1,3,"[02:45:00,03:05:00)",2,0,2016-10-18,2,45,False
2016-10-18 03:05:00,6,1,3,"[03:05:00,03:25:00)",2,0,2016-10-18,3,5,False
2016-10-18 03:25:00,1,1,3,"[03:25:00,03:45:00)",2,0,2016-10-18,3,25,False
2016-10-18 03:45:00,5,1,3,"[03:45:00,04:05:00)",2,0,2016-10-18,3,45,False
2016-10-18 04:05:00,6,1,3,"[04:05:00,04:25:00)",2,0,2016-10-18,4,5,False
2016-10-18 04:25:00,5,1,3,"[04:25:00,04:45:00)",2,0,2016-10-18,4,25,False
2016-10-18 04:45:00,8,1,3,"[04:45:00,05:05:00)",2,0,2016-10-18,4,45,False
2016-10-18 05:05:00,8,1,3,"[05:05:00,05:25:00)",2,0,2016-10-18,5,5,False
2016-10-18 05:25:00,19,1,3,"[05:25:00,05:45:00)",2,0,2016-10-18,5,25,False
2016-10-18 05:45:00,12,1,3,"[05:45:00,06:05:00)",2,0,2016-10-18,5,45,False
2016-10-18 06:05:00,27,1,3,"[06:05:00,06:25:00)",2,0,2016-10-18,6,5,False
2016-10-18 06:25:00,30,1,3,"[06:25:00,06:45:00)",2,0,2016-10-18,6,25,False
2016-10-18 06:45:00,58,1,3,"[06:45:00,07:05:00)",2,0,2016-10-18,6,45,False
2016-10-18 07:05:00,60,1,3,"[07:05:00,07:25:00)",2,0,2016-10-18,7,5,False
2016-10-18 07:25:00,73,1,3,"[07:25:00,07:45:00)",2,0,2016-10-18,7,25,False
2016-10-18 07:45:00,101,1,3,"[07:45:00,08:05:00)",2,0,2016-10-18,7,45,False
2016-10-18 08:05:00,113,1,3,"[08:05:00,08:25:00)",2,0,2016-10-18,8,5,False
2016-10-18 08:25:00,109,1,3,"[08:25:00,08:45:00)",2,0,2016-10-18,8,25,False
2016-10-18 08:45:00,131,1,3,"[08:45:00,09:05:00)",2,0,2016-10-18,8,45,False
2016-10-18 09:05:00,134,1,3,"[09:05:00,09:25:00)",2,0,2016-10-18,9,5,False
2016-10-18 09:25:00,128,1,3,"[09:25:00,09:45:00)",2,0,2016-10-18,9,25,False
2016-10-18 09:45:00,92,1,3,"[09:45:00,10:05:00)",2,0,2016-10-18,9,45,False
2016-10-18 10:05:00,73,1,3,"[10:05:00,10:25:00)",2,0,2016-10-18,10,5,False
2016-10-18 10:25:00,84,1,3,"[10:25:00,10:45:00)",2,0,2016-10-18,10,25,False
2016-10-18 10:45:00,87,1,3,"[10:45:00,11:05:00)",2,0,2016-10-18,10,45,False
2016-10-18 11:05:00,70,1,3,"[11:05:00,11:25:00)",2,0,2016-10-18,11,5,False
2016-10-18 11:25:00,72,1,3,"[11:25:00,11:45:00)",2,0,2016-10-18,11,25,False
2016-10-18 11:45:00,72,1,3,"[11:45:00,12:05:00)",2,0,2016-10-18,11,45,False
2016-10-18 12:05:00,77,1,3,"[12:05:00,12:25:00)",2,0,2016-10-18,12,5,False
2016-10-18 12:25:00,80,1,3,"[12:25:00,12:45:00)",2,0,2016-10-18,12,25,False
2016-10-18 12:45:00,76,1,3,"[12:45:00,13:05:00)",2,0,2016-10-18,12,45,False
2016-10-18 13:05:00,101,1,3,"[13:05:00,13:25:00)",2,0,2016-10-18,13,5,False
2016-10-18 13:25:00,87,1,3,"[13:25:00,13:45:00)",2,0,2016-10-18,13,25,False
2016-10-18 13:45:00,82,1,3,"[13:45:00,14:05:00)",2,0,2016-10-18,13,45,False
2016-10-18 14:05:00,94,1,3,"[14:05:00,14:25:00)",2,0,2016-10-18,14,5,False
2016-10-18 14:25:00,92,1,3,"[14:25:00,14:45:00)",2,0,2016-10-18,14,25,False
2016-10-18 14:45:00,111,1,3,"[14:45:00,15:05:00)",2,0,2016-10-18,14,45,False
2016-10-18 15:05:00,77,1,3,"[15:05:00,15:25:00)",2,0,2016-10-18,15,5,False
2016-10-18 15:25:00,106,1,3,"[15:25:00,15:45:00)",2,0,2016-10-18,15,25,False
2016-10-18 15:45:00,75,1,3,"[15:45:00,16:05:00)",2,0,2016-10-18,15,45,False
2016-10-18 16:05:00,92,1,3,"[16:05:00,16:25:00)",2,0,2016-10-18,16,5,False
2016-10-18 16:25:00,79,1,3,"[16:25:00,16:45:00)",2,0,2016-10-18,16,25,False
2016-10-18 16:45:00,88,1,3,"[16:45:00,17:05:00)",2,0,2016-10-18,16,45,False
2016-10-18 17:05:00,75,1,3,"[17:05:00,17:25:00)",2,0,2016-10-18,17,5,False
2016-10-18 17:25:00,81,1,3,"[17:25:00,17:45:00)",2,0,2016-10-18,17,25,False
2016-10-18 17:45:00,78,1,3,"[17:45:00,18:05:00)",2,0,2016-10-18,17,45,False
2016-10-18 18:05:00,70,1,3,"[18:05:00,18:25:00)",2,0,2016-10-18,18,5,False
2016-10-18 18:25:00,63,1,3,"[18:25:00,18:45:00)",2,0,2016-10-18,18,25,False
2016-10-18 18:45:00,62,1,3,"[18:45:00,19:05:00)",2,0,2016-10-18,18,45,False
2016-10-18 19:05:00,60,1,3,"[19:05:00,19:25:00)",2,0,2016-10-18,19,5,False
2016-10-18 19:25:00,51,1,3,"[19:25:00,19:45:00)",2,0,2016-10-18,19,25,False
2016-10-18 19:45:00,60,1,3,"[19:45:00,20:05:00)",2,0,2016-10-18,19,45,False
2016-10-18 20:05:00,46,1,3,"[20:05:00,20:25:00)",2,0,2016-10-18,20,5,False
2016-10-18 20:25:00,36,1,3,"[20:25:00,20:45:00)",2,0,2016-10-18,20,25,False
2016-10-18 20:45:00,35,1,3,"[20:45:00,21:05:00)",2,0,2016-10-18,20,45,False
2016-10-18 21:05:00,28,1,3,"[21:05:00,21:25:00)",2,0,2016-10-18,21,5,False
2016-10-18 21:25:00,20,1,3,"[21:25:00,21:45:00)",2,0,2016-10-18,21,25,False
2016-10-18 21:45:00,29,1,3,"[21:45:00,22:05:00)",2,0,2016-10-18,21,45,False
2016-10-18 22:05:00,28,1,3,"[22:05:00,22:25:00)",2,0,2016-10-18,22,5,False
2016-10-18 22:25:00,19,1,3,"[22:25:00,22:45:00)",2,0,2016-10-18,22,25,False
2016-10-18 22:45:00,30,1,3,"[22:45:00,23:05:00)",2,0,2016-10-18,22,45,False
2016-10-18 23:05:00,13,1,3,"[23:05:00,23:25:00)",2,0,2016-10-18,23,5,False
2016-10-18 23:25:00,17,1,3,"[23:25:00,23:45:00)",2,0,2016-10-18,23,25,False
2016-10-18 23:45:00,38,1,3,"[23:45:00,00:00:00)",2,0,2016-10-18,23,45,False
2016-10-19 00:05:00,132,1,3,"[00:05:00,00:25:00)",3,0,2016-10-19,0,5,False
2016-10-19 00:25:00,70,1,3,"[00:25:00,00:45:00)",3,0,2016-10-19,0,25,False
2016-10-19 00:45:00,50,1,3,"[00:45:00,01:05:00)",3,0,2016-10-19,0,45,False
2016-10-19 01:05:00,7,1,3,"[01:05:00,01:25:00)",3,0,2016-10-19,1,5,False
2016-10-19 01:25:00,6,1,3,"[01:25:00,01:45:00)",3,0,2016-10-19,1,25,False
2016-10-19 01:45:00,6,1,3,"[01:45:00,02:05:00)",3,0,2016-10-19,1,45,False
2016-10-19 02:05:00,8,1,3,"[02:05:00,02:25:00)",3,0,2016-10-19,2,5,False
2016-10-19 02:25:00,11,1,3,"[02:25:00,02:45:00)",3,0,2016-10-19,2,25,False
2016-10-19 02:45:00,2,1,3,"[02:45:00,03:05:00)",3,0,2016-10-19,2,45,False
2016-10-19 03:05:00,3,1,3,"[03:05:00,03:25:00)",3,0,2016-10-19,3,5,False
2016-10-19 03:25:00,2,1,3,"[03:25:00,03:45:00)",3,0,2016-10-19,3,25,False
2016-10-19 03:45:00,6,1,3,"[03:45:00,04:05:00)",3,0,2016-10-19,3,45,False
2016-10-19 04:05:00,4,1,3,"[04:05:00,04:25:00)",3,0,2016-10-19,4,5,False
2016-10-19 04:25:00,6,1,3,"[04:25:00,04:45:00)",3,0,2016-10-19,4,25,False
2016-10-19 04:45:00,9,1,3,"[04:45:00,05:05:00)",3,0,2016-10-19,4,45,False
2016-10-19 05:05:00,7,1,3,"[05:05:00,05:25:00)",3,0,2016-10-19,5,5,False
2016-10-19 05:25:00,14,1,3,"[05:25:00,05:45:00)",3,0,2016-10-19,5,25,False
2016-10-19 05:45:00,8,1,3,"[05:45:00,06:05:00)",3,0,2016-10-19,5,45,False
2016-10-19 06:05:00,30,1,3,"[06:05:00,06:25:00)",3,0,2016-10-19,6,5,False
2016-10-19 06:25:00,21,1,3,"[06:25:00,06:45:00)",3,0,2016-10-19,6,25,False
2016-10-19 06:45:00,54,1,3,"[06:45:00,07:05:00)",3,0,2016-10-19,6,45,False
2016-10-19 07:05:00,54,1,3,"[07:05:00,07:25:00)",3,0,2016-10-19,7,5,False
2016-10-19 07:25:00,72,1,3,"[07:25:00,07:45:00)",3,0,2016-10-19,7,25,False
2016-10-19 07:45:00,109,1,3,"[07:45:00,08:05:00)",3,0,2016-10-19,7,45,False
2016-10-19 08:05:00,116,1,3,"[08:05:00,08:25:00)",3,0,2016-10-19,8,5,False
2016-10-19 08:25:00,124,1,3,"[08:25:00,08:45:00)",3,0,2016-10-19,8,25,False
2016-10-19 08:45:00,118,1,3,"[08:45:00,09:05:00)",3,0,2016-10-19,8,45,False
2016-10-19 09:05:00,147,1,3,"[09:05:00,09:25:00)",3,0,2016-10-19,9,5,False
2016-10-19 09:25:00,78,1,3,"[09:25:00,09:45:00)",3,0,2016-10-19,9,25,False
2016-10-19 09:45:00,97,1,3,"[09:45:00,10:05:00)",3,0,2016-10-19,9,45,False
2016-10-19 10:05:00,81,1,3,"[10:05:00,10:25:00)",3,0,2016-10-19,10,5,False
2016-10-19 10:25:00,87,1,3,"[10:25:00,10:45:00)",3,0,2016-10-19,10,25,False
2016-10-19 10:45:00,77,1,3,"[10:45:00,11:05:00)",3,0,2016-10-19,10,45,False
2016-10-19 11:05:00,58,1,3,"[11:05:00,11:25:00)",3,0,2016-10-19,11,5,False
2016-10-19 11:25:00,68,1,3,"[11:25:00,11:45:00)",3,0,2016-10-19,11,25,False
2016-10-19 11:45:00,77,1,3,"[11:45:00,12:05:00)",3,0,2016-10-19,11,45,False
2016-10-19 12:05:00,74,1,3,"[12:05:00,12:25:00)",3,0,2016-10-19,12,5,False
2016-10-19 12:25:00,74,1,3,"[12:25:00,12:45:00)",3,0,2016-10-19,12,25,False
2016-10-19 12:45:00,77,1,3,"[12:45:00,13:05:00)",3,0,2016-10-19,12,45,False
2016-10-19 13:05:00,79,1,3,"[13:05:00,13:25:00)",3,0,2016-10-19,13,5,False
2016-10-19 13:25:00,91,1,3,"[13:25:00,13:45:00)",3,0,2016-10-19,13,25,False
2016-10-19 13:45:00,90,1,3,"[13:45:00,14:05:00)",3,0,2016-10-19,13,45,False
2016-10-19 14:05:00,85,1,3,"[14:05:00,14:25:00)",3,0,2016-10-19,14,5,False
2016-10-19 14:25:00,86,1,3,"[14:25:00,14:45:00)",3,0,2016-10-19,14,25,False
2016-10-19 14:45:00,80,1,3,"[14:45:00,15:05:00)",3,0,2016-10-19,14,45,False
2016-10-19 15:05:00,101,1,3,"[15:05:00,15:25:00)",3,0,2016-10-19,15,5,False
2016-10-19 15:25:00,101,1,3,"[15:25:00,15:45:00)",3,0,2016-10-19,15,25,False
2016-10-19 15:45:00,81,1,3,"[15:45:00,16:05:00)",3,0,2016-10-19,15,45,False
2016-10-19 16:05:00,82,1,3,"[16:05:00,16:25:00)",3,0,2016-10-19,16,5,False
2016-10-19 16:25:00,80,1,3,"[16:25:00,16:45:00)",3,0,2016-10-19,16,25,False
2016-10-19 16:45:00,83,1,3,"[16:45:00,17:05:00)",3,0,2016-10-19,16,45,False
2016-10-19 17:05:00,72,1,3,"[17:05:00,17:25:00)",3,0,2016-10-19,17,5,False
2016-10-19 17:25:00,72,1,3,"[17:25:00,17:45:00)",3,0,2016-10-19,17,25,False
2016-10-19 17:45:00,80,1,3,"[17:45:00,18:05:00)",3,0,2016-10-19,17,45,False
2016-10-19 18:05:00,85,1,3,"[18:05:00,18:25:00)",3,0,2016-10-19,18,5,False
2016-10-19 18:25:00,77,1,3,"[18:25:00,18:45:00)",3,0,2016-10-19,18,25,False
2016-10-19 18:45:00,69,1,3,"[18:45:00,19:05:00)",3,0,2016-10-19,18,45,False
2016-10-19 19:05:00,44,1,3,"[19:05:00,19:25:00)",3,0,2016-10-19,19,5,False
2016-10-19 19:25:00,53,1,3,"[19:25:00,19:45:00)",3,0,2016-10-19,19,25,False
2016-10-19 19:45:00,58,1,3,"[19:45:00,20:05:00)",3,0,2016-10-19,19,45,False
2016-10-19 20:05:00,47,1,3,"[20:05:00,20:25:00)",3,0,2016-10-19,20,5,False
2016-10-19 20:25:00,47,1,3,"[20:25:00,20:45:00)",3,0,2016-10-19,20,25,False
2016-10-19 20:45:00,32,1,3,"[20:45:00,21:05:00)",3,0,2016-10-19,20,45,False
2016-10-19 21:05:00,26,1,3,"[21:05:00,21:25:00)",3,0,2016-10-19,21,5,False
2016-10-19 21:25:00,25,1,3,"[21:25:00,21:45:00)",3,0,2016-10-19,21,25,False
2016-10-19 21:45:00,24,1,3,"[21:45:00,22:05:00)",3,0,2016-10-19,21,45,False
2016-10-19 22:05:00,15,1,3,"[22:05:00,22:25:00)",3,0,2016-10-19,22,5,False
2016-10-19 22:25:00,11,1,3,"[22:25:00,22:45:00)",3,0,2016-10-19,22,25,False
2016-10-19 22:45:00,18,1,3,"[22:45:00,23:05:00)",3,0,2016-10-19,22,45,False
2016-10-19 23:05:00,9,1,3,"[23:05:00,23:25:00)",3,0,2016-10-19,23,5,False
2016-10-19 23:25:00,11,1,3,"[23:25:00,23:45:00)",3,0,2016-10-19,23,25,False
2016-10-19 23:45:00,33,1,3,"[23:45:00,00:00:00)",3,0,2016-10-19,23,45,False
2016-10-20 00:05:00,128,1,3,"[00:05:00,00:25:00)",4,0,2016-10-20,0,5,False
2016-10-20 00:25:00,86,1,3,"[00:25:00,00:45:00)",4,0,2016-10-20,0,25,False
2016-10-20 00:45:00,59,1,3,"[00:45:00,01:05:00)",4,0,2016-10-20,0,45,False
2016-10-20 01:05:00,6,1,3,"[01:05:00,01:25:00)",4,0,2016-10-20,1,5,False
2016-10-20 01:25:00,7,1,3,"[01:25:00,01:45:00)",4,0,2016-10-20,1,25,False
2016-10-20 01:45:00,3,1,3,"[01:45:00,02:05:00)",4,0,2016-10-20,1,45,False
2016-10-20 02:05:00,4,1,3,"[02:05:00,02:25:00)",4,0,2016-10-20,2,5,False
2016-10-20 02:25:00,1,1,3,"[02:25:00,02:45:00)",4,0,2016-10-20,2,25,False
2016-10-20 02:45:00,3,1,3,"[02:45:00,03:05:00)",4,0,2016-10-20,2,45,False
2016-10-20 03:05:00,8,1,3,"[03:05:00,03:25:00)",4,0,2016-10-20,3,5,False
2016-10-20 03:25:00,5,1,3,"[03:25:00,03:45:00)",4,0,2016-10-20,3,25,False
2016-10-20 03:45:00,2,1,3,"[03:45:00,04:05:00)",4,0,2016-10-20,3,45,False
2016-10-20 04:05:00,3,1,3,"[04:05:00,04:25:00)",4,0,2016-10-20,4,5,False
2016-10-20 04:25:00,7,1,3,"[04:25:00,04:45:00)",4,0,2016-10-20,4,25,False
2016-10-20 04:45:00,7,1,3,"[04:45:00,05:05:00)",4,0,2016-10-20,4,45,False
2016-10-20 05:05:00,8,1,3,"[05:05:00,05:25:00)",4,0,2016-10-20,5,5,False
2016-10-20 05:25:00,13,1,3,"[05:25:00,05:45:00)",4,0,2016-10-20,5,25,False
2016-10-20 05:45:00,15,1,3,"[05:45:00,06:05:00)",4,0,2016-10-20,5,45,False
2016-10-20 06:05:00,24,1,3,"[06:05:00,06:25:00)",4,0,2016-10-20,6,5,False
2016-10-20 06:25:00,42,1,3,"[06:25:00,06:45:00)",4,0,2016-10-20,6,25,False
2016-10-20 06:45:00,42,1,3,"[06:45:00,07:05:00)",4,0,2016-10-20,6,45,False
2016-10-20 07:05:00,49,1,3,"[07:05:00,07:25:00)",4,0,2016-10-20,7,5,False
2016-10-20 07:25:00,76,1,3,"[07:25:00,07:45:00)",4,0,2016-10-20,7,25,False
2016-10-20 07:45:00,85,1,3,"[07:45:00,08:05:00)",4,0,2016-10-20,7,45,False
2016-10-20 08:05:00,106,1,3,"[08:05:00,08:25:00)",4,0,2016-10-20,8,5,False
2016-10-20 08:25:00,119,1,3,"[08:25:00,08:45:00)",4,0,2016-10-20,8,25,False
2016-10-20 08:45:00,141,1,3,"[08:45:00,09:05:00)",4,0,2016-10-20,8,45,False
2016-10-20 09:05:00,124,1,3,"[09:05:00,09:25:00)",4,0,2016-10-20,9,5,False
2016-10-20 09:25:00,94,1,3,"[09:25:00,09:45:00)",4,0,2016-10-20,9,25,False
2016-10-20 09:45:00,88,1,3,"[09:45:00,10:05:00)",4,0,2016-10-20,9,45,False
2016-10-20 10:05:00,97,1,3,"[10:05:00,10:25:00)",4,0,2016-10-20,10,5,False
2016-10-20 10:25:00,87,1,3,"[10:25:00,10:45:00)",4,0,2016-10-20,10,25,False
2016-10-20 10:45:00,55,1,3,"[10:45:00,11:05:00)",4,0,2016-10-20,10,45,False
2016-10-20 11:05:00,76,1,3,"[11:05:00,11:25:00)",4,0,2016-10-20,11,5,False
2016-10-20 11:25:00,61,1,3,"[11:25:00,11:45:00)",4,0,2016-10-20,11,25,False
2016-10-20 11:45:00,78,1,3,"[11:45:00,12:05:00)",4,0,2016-10-20,11,45,False
2016-10-20 12:05:00,91,1,3,"[12:05:00,12:25:00)",4,0,2016-10-20,12,5,False
2016-10-20 12:25:00,76,1,3,"[12:25:00,12:45:00)",4,0,2016-10-20,12,25,False
2016-10-20 12:45:00,76,1,3,"[12:45:00,13:05:00)",4,0,2016-10-20,12,45,False
2016-10-20 13:05:00,95,1,3,"[13:05:00,13:25:00)",4,0,2016-10-20,13,5,False
2016-10-20 13:25:00,82,1,3,"[13:25:00,13:45:00)",4,0,2016-10-20,13,25,False
2016-10-20 13:45:00,90,1,3,"[13:45:00,14:05:00)",4,0,2016-10-20,13,45,False
2016-10-20 14:05:00,63,1,3,"[14:05:00,14:25:00)",4,0,2016-10-20,14,5,False
2016-10-20 14:25:00,102,1,3,"[14:25:00,14:45:00)",4,0,2016-10-20,14,25,False
2016-10-20 14:45:00,101,1,3,"[14:45:00,15:05:00)",4,0,2016-10-20,14,45,False
2016-10-20 15:05:00,104,1,3,"[15:05:00,15:25:00)",4,0,2016-10-20,15,5,False
2016-10-20 15:25:00,91,1,3,"[15:25:00,15:45:00)",4,0,2016-10-20,15,25,False
2016-10-20 15:45:00,78,1,3,"[15:45:00,16:05:00)",4,0,2016-10-20,15,45,False
2016-10-20 16:05:00,86,1,3,"[16:05:00,16:25:00)",4,0,2016-10-20,16,5,False
2016-10-20 16:25:00,93,1,3,"[16:25:00,16:45:00)",4,0,2016-10-20,16,25,False
2016-10-20 16:45:00,85,1,3,"[16:45:00,17:05:00)",4,0,2016-10-20,16,45,False
2016-10-20 17:05:00,79,1,3,"[17:05:00,17:25:00)",4,0,2016-10-20,17,5,False
2016-10-20 17:25:00,88,1,3,"[17:25:00,17:45:00)",4,0,2016-10-20,17,25,False
2016-10-20 17:45:00,74,1,3,"[17:45:00,18:05:00)",4,0,2016-10-20,17,45,False
2016-10-20 18:05:00,54,1,3,"[18:05:00,18:25:00)",4,0,2016-10-20,18,5,False
2016-10-20 18:25:00,74,1,3,"[18:25:00,18:45:00)",4,0,2016-10-20,18,25,False
2016-10-20 18:45:00,69,1,3,"[18:45:00,19:05:00)",4,0,2016-10-20,18,45,False
2016-10-20 19:05:00,45,1,3,"[19:05:00,19:25:00)",4,0,2016-10-20,19,5,False
2016-10-20 19:25:00,42,1,3,"[19:25:00,19:45:00)",4,0,2016-10-20,19,25,False
2016-10-20 19:45:00,51,1,3,"[19:45:00,20:05:00)",4,0,2016-10-20,19,45,False
2016-10-20 20:05:00,31,1,3,"[20:05:00,20:25:00)",4,0,2016-10-20,20,5,False
2016-10-20 20:25:00,48,1,3,"[20:25:00,20:45:00)",4,0,2016-10-20,20,25,False
2016-10-20 20:45:00,42,1,3,"[20:45:00,21:05:00)",4,0,2016-10-20,20,45,False
2016-10-20 21:05:00,34,1,3,"[21:05:00,21:25:00)",4,0,2016-10-20,21,5,False
2016-10-20 21:25:00,28,1,3,"[21:25:00,21:45:00)",4,0,2016-10-20,21,25,False
2016-10-20 21:45:00,38,1,3,"[21:45:00,22:05:00)",4,0,2016-10-20,21,45,False
2016-10-20 22:05:00,21,1,3,"[22:05:00,22:25:00)",4,0,2016-10-20,22,5,False
2016-10-20 22:25:00,44,1,3,"[22:25:00,22:45:00)",4,0,2016-10-20,22,25,False
2016-10-20 22:45:00,37,1,3,"[22:45:00,23:05:00)",4,0,2016-10-20,22,45,False
2016-10-20 23:05:00,18,1,3,"[23:05:00,23:25:00)",4,0,2016-10-20,23,5,False
2016-10-20 23:25:00,19,1,3,"[23:25:00,23:45:00)",4,0,2016-10-20,23,25,False
2016-10-20 23:45:00,48,1,3,"[23:45:00,00:00:00)",4,0,2016-10-20,23,45,False
2016-10-21 00:05:00,120,1,3,"[00:05:00,00:25:00)",5,0,2016-10-21,0,5,False
2016-10-21 00:25:00,78,1,3,"[00:25:00,00:45:00)",5,0,2016-10-21,0,25,False
2016-10-21 00:45:00,64,1,3,"[00:45:00,01:05:00)",5,0,2016-10-21,0,45,False
2016-10-21 01:05:00,15,1,3,"[01:05:00,01:25:00)",5,0,2016-10-21,1,5,False
2016-10-21 01:25:00,9,1,3,"[01:25:00,01:45:00)",5,0,2016-10-21,1,25,False
2016-10-21 01:45:00,7,1,3,"[01:45:00,02:05:00)",5,0,2016-10-21,1,45,False
2016-10-21 02:05:00,3,1,3,"[02:05:00,02:25:00)",5,0,2016-10-21,2,5,False
2016-10-21 02:25:00,3,1,3,"[02:25:00,02:45:00)",5,0,2016-10-21,2,25,False
2016-10-21 02:45:00,8,1,3,"[02:45:00,03:05:00)",5,0,2016-10-21,2,45,False
2016-10-21 03:05:00,6,1,3,"[03:05:00,03:25:00)",5,0,2016-10-21,3,5,False
2016-10-21 03:25:00,7,1,3,"[03:25:00,03:45:00)",5,0,2016-10-21,3,25,False
2016-10-21 03:45:00,4,1,3,"[03:45:00,04:05:00)",5,0,2016-10-21,3,45,False
2016-10-21 04:05:00,3,1,3,"[04:05:00,04:25:00)",5,0,2016-10-21,4,5,False
2016-10-21 04:25:00,6,1,3,"[04:25:00,04:45:00)",5,0,2016-10-21,4,25,False
2016-10-21 04:45:00,6,1,3,"[04:45:00,05:05:00)",5,0,2016-10-21,4,45,False
2016-10-21 05:05:00,3,1,3,"[05:05:00,05:25:00)",5,0,2016-10-21,5,5,False
2016-10-21 05:25:00,12,1,3,"[05:25:00,05:45:00)",5,0,2016-10-21,5,25,False
2016-10-21 05:45:00,20,1,3,"[05:45:00,06:05:00)",5,0,2016-10-21,5,45,False
2016-10-21 06:05:00,20,1,3,"[06:05:00,06:25:00)",5,0,2016-10-21,6,5,False
2016-10-21 06:25:00,31,1,3,"[06:25:00,06:45:00)",5,0,2016-10-21,6,25,False
2016-10-21 06:45:00,46,1,3,"[06:45:00,07:05:00)",5,0,2016-10-21,6,45,False
2016-10-21 07:05:00,63,1,3,"[07:05:00,07:25:00)",5,0,2016-10-21,7,5,False
2016-10-21 07:25:00,77,1,3,"[07:25:00,07:45:00)",5,0,2016-10-21,7,25,False
2016-10-21 07:45:00,77,1,3,"[07:45:00,08:05:00)",5,0,2016-10-21,7,45,False
2016-10-21 08:05:00,105,1,3,"[08:05:00,08:25:00)",5,0,2016-10-21,8,5,False
2016-10-21 08:25:00,116,1,3,"[08:25:00,08:45:00)",5,0,2016-10-21,8,25,False
2016-10-21 08:45:00,122,1,3,"[08:45:00,09:05:00)",5,0,2016-10-21,8,45,False
2016-10-21 09:05:00,119,1,3,"[09:05:00,09:25:00)",5,0,2016-10-21,9,5,False
2016-10-21 09:25:00,105,1,3,"[09:25:00,09:45:00)",5,0,2016-10-21,9,25,False
2016-10-21 09:45:00,88,1,3,"[09:45:00,10:05:00)",5,0,2016-10-21,9,45,False
2016-10-21 10:05:00,78,1,3,"[10:05:00,10:25:00)",5,0,2016-10-21,10,5,False
2016-10-21 10:25:00,81,1,3,"[10:25:00,10:45:00)",5,0,2016-10-21,10,25,False
2016-10-21 10:45:00,65,1,3,"[10:45:00,11:05:00)",5,0,2016-10-21,10,45,False
2016-10-21 11:05:00,75,1,3,"[11:05:00,11:25:00)",5,0,2016-10-21,11,5,False
2016-10-21 11:25:00,92,1,3,"[11:25:00,11:45:00)",5,0,2016-10-21,11,25,False
2016-10-21 11:45:00,96,1,3,"[11:45:00,12:05:00)",5,0,2016-10-21,11,45,False
2016-10-21 12:05:00,104,1,3,"[12:05:00,12:25:00)",5,0,2016-10-21,12,5,False
2016-10-21 12:25:00,95,1,3,"[12:25:00,12:45:00)",5,0,2016-10-21,12,25,False
2016-10-21 12:45:00,97,1,3,"[12:45:00,13:05:00)",5,0,2016-10-21,12,45,False
2016-10-21 13:05:00,117,1,3,"[13:05:00,13:25:00)",5,0,2016-10-21,13,5,False
2016-10-21 13:25:00,115,1,3,"[13:25:00,13:45:00)",5,0,2016-10-21,13,25,False
2016-10-21 13:45:00,103,1,3,"[13:45:00,14:05:00)",5,0,2016-10-21,13,45,False
2016-10-21 14:05:00,85,1,3,"[14:05:00,14:25:00)",5,0,2016-10-21,14,5,False
2016-10-21 14:25:00,121,1,3,"[14:25:00,14:45:00)",5,0,2016-10-21,14,25,False
2016-10-21 14:45:00,107,1,3,"[14:45:00,15:05:00)",5,0,2016-10-21,14,45,False
2016-10-21 15:05:00,119,1,3,"[15:05:00,15:25:00)",5,0,2016-10-21,15,5,False
2016-10-21 15:25:00,98,1,3,"[15:25:00,15:45:00)",5,0,2016-10-21,15,25,False
2016-10-21 15:45:00,95,1,3,"[15:45:00,16:05:00)",5,0,2016-10-21,15,45,False
2016-10-21 16:05:00,75,1,3,"[16:05:00,16:25:00)",5,0,2016-10-21,16,5,False
2016-10-21 16:25:00,101,1,3,"[16:25:00,16:45:00)",5,0,2016-10-21,16,25,False
2016-10-21 16:45:00,84,1,3,"[16:45:00,17:05:00)",5,0,2016-10-21,16,45,False
2016-10-21 17:05:00,107,1,3,"[17:05:00,17:25:00)",5,0,2016-10-21,17,5,False
2016-10-21 17:25:00,68,1,3,"[17:25:00,17:45:00)",5,0,2016-10-21,17,25,False
2016-10-21 17:45:00,68,1,3,"[17:45:00,18:05:00)",5,0,2016-10-21,17,45,False
2016-10-21 18:05:00,70,1,3,"[18:05:00,18:25:00)",5,0,2016-10-21,18,5,False
2016-10-21 18:25:00,77,1,3,"[18:25:00,18:45:00)",5,0,2016-10-21,18,25,False
2016-10-21 18:45:00,54,1,3,"[18:45:00,19:05:00)",5,0,2016-10-21,18,45,False
2016-10-21 19:05:00,52,1,3,"[19:05:00,19:25:00)",5,0,2016-10-21,19,5,False
2016-10-21 19:25:00,65,1,3,"[19:25:00,19:45:00)",5,0,2016-10-21,19,25,False
2016-10-21 19:45:00,42,1,3,"[19:45:00,20:05:00)",5,0,2016-10-21,19,45,False
2016-10-21 20:05:00,39,1,3,"[20:05:00,20:25:00)",5,0,2016-10-21,20,5,False
2016-10-21 20:25:00,47,1,3,"[20:25:00,20:45:00)",5,0,2016-10-21,20,25,False
2016-10-21 20:45:00,37,1,3,"[20:45:00,21:05:00)",5,0,2016-10-21,20,45,False
2016-10-21 21:05:00,41,1,3,"[21:05:00,21:25:00)",5,0,2016-10-21,21,5,False
2016-10-21 21:25:00,27,1,3,"[21:25:00,21:45:00)",5,0,2016-10-21,21,25,False
2016-10-21 21:45:00,29,1,3,"[21:45:00,22:05:00)",5,0,2016-10-21,21,45,False
2016-10-21 22:05:00,22,1,3,"[22:05:00,22:25:00)",5,0,2016-10-21,22,5,False
2016-10-21 22:25:00,19,1,3,"[22:25:00,22:45:00)",5,0,2016-10-21,22,25,False
2016-10-21 22:45:00,28,1,3,"[22:45:00,23:05:00)",5,0,2016-10-21,22,45,False
2016-10-21 23:05:00,16,1,3,"[23:05:00,23:25:00)",5,0,2016-10-21,23,5,False
2016-10-21 23:25:00,12,1,3,"[23:25:00,23:45:00)",5,0,2016-10-21,23,25,False
2016-10-21 23:45:00,56,1,3,"[23:45:00,00:00:00)",5,0,2016-10-21,23,45,False
2016-10-22 00:05:00,123,1,3,"[00:05:00,00:25:00)",6,1,2016-10-22,0,5,False
2016-10-22 00:25:00,89,1,3,"[00:25:00,00:45:00)",6,1,2016-10-22,0,25,False
2016-10-22 00:45:00,45,1,3,"[00:45:00,01:05:00)",6,1,2016-10-22,0,45,False
2016-10-22 01:05:00,9,1,3,"[01:05:00,01:25:00)",6,1,2016-10-22,1,5,False
2016-10-22 01:25:00,9,1,3,"[01:25:00,01:45:00)",6,1,2016-10-22,1,25,False
2016-10-22 01:45:00,8,1,3,"[01:45:00,02:05:00)",6,1,2016-10-22,1,45,False
2016-10-22 02:05:00,2,1,3,"[02:05:00,02:25:00)",6,1,2016-10-22,2,5,False
2016-10-22 02:25:00,4,1,3,"[02:25:00,02:45:00)",6,1,2016-10-22,2,25,False
2016-10-22 02:45:00,4,1,3,"[02:45:00,03:05:00)",6,1,2016-10-22,2,45,False
2016-10-22 03:05:00,5,1,3,"[03:05:00,03:25:00)",6,1,2016-10-22,3,5,False
2016-10-22 03:25:00,2,1,3,"[03:25:00,03:45:00)",6,1,2016-10-22,3,25,False
2016-10-22 03:45:00,9,1,3,"[03:45:00,04:05:00)",6,1,2016-10-22,3,45,False
2016-10-22 04:05:00,4,1,3,"[04:05:00,04:25:00)",6,1,2016-10-22,4,5,False
2016-10-22 04:25:00,8,1,3,"[04:25:00,04:45:00)",6,1,2016-10-22,4,25,False
2016-10-22 04:45:00,6,1,3,"[04:45:00,05:05:00)",6,1,2016-10-22,4,45,False
2016-10-22 05:05:00,9,1,3,"[05:05:00,05:25:00)",6,1,2016-10-22,5,5,False
2016-10-22 05:25:00,8,1,3,"[05:25:00,05:45:00)",6,1,2016-10-22,5,25,False
2016-10-22 05:45:00,9,1,3,"[05:45:00,06:05:00)",6,1,2016-10-22,5,45,False
2016-10-22 06:05:00,18,1,3,"[06:05:00,06:25:00)",6,1,2016-10-22,6,5,False
2016-10-22 06:25:00,20,1,3,"[06:25:00,06:45:00)",6,1,2016-10-22,6,25,False
2016-10-22 06:45:00,29,1,3,"[06:45:00,07:05:00)",6,1,2016-10-22,6,45,False
2016-10-22 07:05:00,40,1,3,"[07:05:00,07:25:00)",6,1,2016-10-22,7,5,False
2016-10-22 07:25:00,48,1,3,"[07:25:00,07:45:00)",6,1,2016-10-22,7,25,False
2016-10-22 07:45:00,59,1,3,"[07:45:00,08:05:00)",6,1,2016-10-22,7,45,False
2016-10-22 08:05:00,77,1,3,"[08:05:00,08:25:00)",6,1,2016-10-22,8,5,False
2016-10-22 08:25:00,74,1,3,"[08:25:00,08:45:00)",6,1,2016-10-22,8,25,False
2016-10-22 08:45:00,77,1,3,"[08:45:00,09:05:00)",6,1,2016-10-22,8,45,False
2016-10-22 09:05:00,91,1,3,"[09:05:00,09:25:00)",6,1,2016-10-22,9,5,False
2016-10-22 09:25:00,84,1,3,"[09:25:00,09:45:00)",6,1,2016-10-22,9,25,False
2016-10-22 09:45:00,71,1,3,"[09:45:00,10:05:00)",6,1,2016-10-22,9,45,False
2016-10-22 10:05:00,93,1,3,"[10:05:00,10:25:00)",6,1,2016-10-22,10,5,False
2016-10-22 10:25:00,78,1,3,"[10:25:00,10:45:00)",6,1,2016-10-22,10,25,False
2016-10-22 10:45:00,88,1,3,"[10:45:00,11:05:00)",6,1,2016-10-22,10,45,False
2016-10-22 11:05:00,83,1,3,"[11:05:00,11:25:00)",6,1,2016-10-22,11,5,False
2016-10-22 11:25:00,97,1,3,"[11:25:00,11:45:00)",6,1,2016-10-22,11,25,False
2016-10-22 11:45:00,85,1,3,"[11:45:00,12:05:00)",6,1,2016-10-22,11,45,False
2016-10-22 12:05:00,84,1,3,"[12:05:00,12:25:00)",6,1,2016-10-22,12,5,False
2016-10-22 12:25:00,81,1,3,"[12:25:00,12:45:00)",6,1,2016-10-22,12,25,False
2016-10-22 12:45:00,114,1,3,"[12:45:00,13:05:00)",6,1,2016-10-22,12,45,False
2016-10-22 13:05:00,88,1,3,"[13:05:00,13:25:00)",6,1,2016-10-22,13,5,False
2016-10-22 13:25:00,99,1,3,"[13:25:00,13:45:00)",6,1,2016-10-22,13,25,False
2016-10-22 13:45:00,86,1,3,"[13:45:00,14:05:00)",6,1,2016-10-22,13,45,False
2016-10-22 14:05:00,101,1,3,"[14:05:00,14:25:00)",6,1,2016-10-22,14,5,False
2016-10-22 14:25:00,99,1,3,"[14:25:00,14:45:00)",6,1,2016-10-22,14,25,False
2016-10-22 14:45:00,76,1,3,"[14:45:00,15:05:00)",6,1,2016-10-22,14,45,False
2016-10-22 15:05:00,73,1,3,"[15:05:00,15:25:00)",6,1,2016-10-22,15,5,False
2016-10-22 15:25:00,84,1,3,"[15:25:00,15:45:00)",6,1,2016-10-22,15,25,False
2016-10-22 15:45:00,104,1,3,"[15:45:00,16:05:00)",6,1,2016-10-22,15,45,False
2016-10-22 16:05:00,88,1,3,"[16:05:00,16:25:00)",6,1,2016-10-22,16,5,False
2016-10-22 16:25:00,78,1,3,"[16:25:00,16:45:00)",6,1,2016-10-22,16,25,False
2016-10-22 16:45:00,72,1,3,"[16:45:00,17:05:00)",6,1,2016-10-22,16,45,False
2016-10-22 17:05:00,65,1,3,"[17:05:00,17:25:00)",6,1,2016-10-22,17,5,False
2016-10-22 17:25:00,67,1,3,"[17:25:00,17:45:00)",6,1,2016-10-22,17,25,False
2016-10-22 17:45:00,67,1,3,"[17:45:00,18:05:00)",6,1,2016-10-22,17,45,False
2016-10-22 18:05:00,57,1,3,"[18:05:00,18:25:00)",6,1,2016-10-22,18,5,False
2016-10-22 18:25:00,54,1,3,"[18:25:00,18:45:00)",6,1,2016-10-22,18,25,False
2016-10-22 18:45:00,77,1,3,"[18:45:00,19:05:00)",6,1,2016-10-22,18,45,False
2016-10-22 19:05:00,52,1,3,"[19:05:00,19:25:00)",6,1,2016-10-22,19,5,False
2016-10-22 19:25:00,44,1,3,"[19:25:00,19:45:00)",6,1,2016-10-22,19,25,False
2016-10-22 19:45:00,41,1,3,"[19:45:00,20:05:00)",6,1,2016-10-22,19,45,False
2016-10-22 20:05:00,33,1,3,"[20:05:00,20:25:00)",6,1,2016-10-22,20,5,False
2016-10-22 20:25:00,46,1,3,"[20:25:00,20:45:00)",6,1,2016-10-22,20,25,False
2016-10-22 20:45:00,45,1,3,"[20:45:00,21:05:00)",6,1,2016-10-22,20,45,False
2016-10-22 21:05:00,51,1,3,"[21:05:00,21:25:00)",6,1,2016-10-22,21,5,False
2016-10-22 21:25:00,22,1,3,"[21:25:00,21:45:00)",6,1,2016-10-22,21,25,False
2016-10-22 21:45:00,31,1,3,"[21:45:00,22:05:00)",6,1,2016-10-22,21,45,False
2016-10-22 22:05:00,25,1,3,"[22:05:00,22:25:00)",6,1,2016-10-22,22,5,False
2016-10-22 22:25:00,25,1,3,"[22:25:00,22:45:00)",6,1,2016-10-22,22,25,False
2016-10-22 22:45:00,27,1,3,"[22:45:00,23:05:00)",6,1,2016-10-22,22,45,False
2016-10-22 23:05:00,15,1,3,"[23:05:00,23:25:00)",6,1,2016-10-22,23,5,False
2016-10-22 23:25:00,17,1,3,"[23:25:00,23:45:00)",6,1,2016-10-22,23,25,False
2016-10-22 23:45:00,45,1,3,"[23:45:00,00:00:00)",6,1,2016-10-22,23,45,False
2016-10-23 00:05:00,102,1,3,"[00:05:00,00:25:00)",7,1,2016-10-23,0,5,False
2016-10-23 00:25:00,78,1,3,"[00:25:00,00:45:00)",7,1,2016-10-23,0,25,False
2016-10-23 00:45:00,60,1,3,"[00:45:00,01:05:00)",7,1,2016-10-23,0,45,False
2016-10-23 01:05:00,10,1,3,"[01:05:00,01:25:00)",7,1,2016-10-23,1,5,False
2016-10-23 01:25:00,6,1,3,"[01:25:00,01:45:00)",7,1,2016-10-23,1,25,False
2016-10-23 01:45:00,6,1,3,"[01:45:00,02:05:00)",7,1,2016-10-23,1,45,False
2016-10-23 02:05:00,3,1,3,"[02:05:00,02:25:00)",7,1,2016-10-23,2,5,False
2016-10-23 02:25:00,4,1,3,"[02:25:00,02:45:00)",7,1,2016-10-23,2,25,False
2016-10-23 02:45:00,4,1,3,"[02:45:00,03:05:00)",7,1,2016-10-23,2,45,False
2016-10-23 03:05:00,4,1,3,"[03:05:00,03:25:00)",7,1,2016-10-23,3,5,False
2016-10-23 03:25:00,2,1,3,"[03:25:00,03:45:00)",7,1,2016-10-23,3,25,False
2016-10-23 03:45:00,5,1,3,"[03:45:00,04:05:00)",7,1,2016-10-23,3,45,False
2016-10-23 04:05:00,3,1,3,"[04:05:00,04:25:00)",7,1,2016-10-23,4,5,False
2016-10-23 04:25:00,4,1,3,"[04:25:00,04:45:00)",7,1,2016-10-23,4,25,False
2016-10-23 04:45:00,5,1,3,"[04:45:00,05:05:00)",7,1,2016-10-23,4,45,False
2016-10-23 05:05:00,7,1,3,"[05:05:00,05:25:00)",7,1,2016-10-23,5,5,False
2016-10-23 05:25:00,7,1,3,"[05:25:00,05:45:00)",7,1,2016-10-23,5,25,False
2016-10-23 05:45:00,13,1,3,"[05:45:00,06:05:00)",7,1,2016-10-23,5,45,False
2016-10-23 06:05:00,11,1,3,"[06:05:00,06:25:00)",7,1,2016-10-23,6,5,False
2016-10-23 06:25:00,25,1,3,"[06:25:00,06:45:00)",7,1,2016-10-23,6,25,False
2016-10-23 06:45:00,35,1,3,"[06:45:00,07:05:00)",7,1,2016-10-23,6,45,False
2016-10-23 07:05:00,37,1,3,"[07:05:00,07:25:00)",7,1,2016-10-23,7,5,False
2016-10-23 07:25:00,53,1,3,"[07:25:00,07:45:00)",7,1,2016-10-23,7,25,False
2016-10-23 07:45:00,52,1,3,"[07:45:00,08:05:00)",7,1,2016-10-23,7,45,False
2016-10-23 08:05:00,64,1,3,"[08:05:00,08:25:00)",7,1,2016-10-23,8,5,False
2016-10-23 08:25:00,81,1,3,"[08:25:00,08:45:00)",7,1,2016-10-23,8,25,False
2016-10-23 08:45:00,72,1,3,"[08:45:00,09:05:00)",7,1,2016-10-23,8,45,False
2016-10-23 09:05:00,94,1,3,"[09:05:00,09:25:00)",7,1,2016-10-23,9,5,False
2016-10-23 09:25:00,79,1,3,"[09:25:00,09:45:00)",7,1,2016-10-23,9,25,False
2016-10-23 09:45:00,81,1,3,"[09:45:00,10:05:00)",7,1,2016-10-23,9,45,False
2016-10-23 10:05:00,104,1,3,"[10:05:00,10:25:00)",7,1,2016-10-23,10,5,False
2016-10-23 10:25:00,78,1,3,"[10:25:00,10:45:00)",7,1,2016-10-23,10,25,False
2016-10-23 10:45:00,99,1,3,"[10:45:00,11:05:00)",7,1,2016-10-23,10,45,False
2016-10-23 11:05:00,76,1,3,"[11:05:00,11:25:00)",7,1,2016-10-23,11,5,False
2016-10-23 11:25:00,77,1,3,"[11:25:00,11:45:00)",7,1,2016-10-23,11,25,False
2016-10-23 11:45:00,92,1,3,"[11:45:00,12:05:00)",7,1,2016-10-23,11,45,False
2016-10-23 12:05:00,94,1,3,"[12:05:00,12:25:00)",7,1,2016-10-23,12,5,False
2016-10-23 12:25:00,96,1,3,"[12:25:00,12:45:00)",7,1,2016-10-23,12,25,False
2016-10-23 12:45:00,119,1,3,"[12:45:00,13:05:00)",7,1,2016-10-23,12,45,False
2016-10-23 13:05:00,132,1,3,"[13:05:00,13:25:00)",7,1,2016-10-23,13,5,False
2016-10-23 13:25:00,148,1,3,"[13:25:00,13:45:00)",7,1,2016-10-23,13,25,False
2016-10-23 13:45:00,111,1,3,"[13:45:00,14:05:00)",7,1,2016-10-23,13,45,False
2016-10-23 14:05:00,118,1,3,"[14:05:00,14:25:00)",7,1,2016-10-23,14,5,False
2016-10-23 14:25:00,111,1,3,"[14:25:00,14:45:00)",7,1,2016-10-23,14,25,False
2016-10-23 14:45:00,111,1,3,"[14:45:00,15:05:00)",7,1,2016-10-23,14,45,False
2016-10-23 15:05:00,128,1,3,"[15:05:00,15:25:00)",7,1,2016-10-23,15,5,False
2016-10-23 15:25:00,119,1,3,"[15:25:00,15:45:00)",7,1,2016-10-23,15,25,False
2016-10-23 15:45:00,84,1,3,"[15:45:00,16:05:00)",7,1,2016-10-23,15,45,False
2016-10-23 16:05:00,100,1,3,"[16:05:00,16:25:00)",7,1,2016-10-23,16,5,False
2016-10-23 16:25:00,88,1,3,"[16:25:00,16:45:00)",7,1,2016-10-23,16,25,False
2016-10-23 16:45:00,111,1,3,"[16:45:00,17:05:00)",7,1,2016-10-23,16,45,False
2016-10-23 17:05:00,74,1,3,"[17:05:00,17:25:00)",7,1,2016-10-23,17,5,False
2016-10-23 17:25:00,77,1,3,"[17:25:00,17:45:00)",7,1,2016-10-23,17,25,False
2016-10-23 17:45:00,78,1,3,"[17:45:00,18:05:00)",7,1,2016-10-23,17,45,False
2016-10-23 18:05:00,83,1,3,"[18:05:00,18:25:00)",7,1,2016-10-23,18,5,False
2016-10-23 18:25:00,83,1,3,"[18:25:00,18:45:00)",7,1,2016-10-23,18,25,False
2016-10-23 18:45:00,77,1,3,"[18:45:00,19:05:00)",7,1,2016-10-23,18,45,False
2016-10-23 19:05:00,62,1,3,"[19:05:00,19:25:00)",7,1,2016-10-23,19,5,False
2016-10-23 19:25:00,66,1,3,"[19:25:00,19:45:00)",7,1,2016-10-23,19,25,False
2016-10-23 19:45:00,63,1,3,"[19:45:00,20:05:00)",7,1,2016-10-23,19,45,False
2016-10-23 20:05:00,48,1,3,"[20:05:00,20:25:00)",7,1,2016-10-23,20,5,False
2016-10-23 20:25:00,36,1,3,"[20:25:00,20:45:00)",7,1,2016-10-23,20,25,False
2016-10-23 20:45:00,39,1,3,"[20:45:00,21:05:00)",7,1,2016-10-23,20,45,False
2016-10-23 21:05:00,37,1,3,"[21:05:00,21:25:00)",7,1,2016-10-23,21,5,False
2016-10-23 21:25:00,42,1,3,"[21:25:00,21:45:00)",7,1,2016-10-23,21,25,False
2016-10-23 21:45:00,28,1,3,"[21:45:00,22:05:00)",7,1,2016-10-23,21,45,False
2016-10-23 22:05:00,30,1,3,"[22:05:00,22:25:00)",7,1,2016-10-23,22,5,False
2016-10-23 22:25:00,25,1,3,"[22:25:00,22:45:00)",7,1,2016-10-23,22,25,False
2016-10-23 22:45:00,31,1,3,"[22:45:00,23:05:00)",7,1,2016-10-23,22,45,False
2016-10-23 23:05:00,19,1,3,"[23:05:00,23:25:00)",7,1,2016-10-23,23,5,False
2016-10-23 23:25:00,10,1,3,"[23:25:00,23:45:00)",7,1,2016-10-23,23,25,False
2016-10-23 23:45:00,44,1,3,"[23:45:00,00:00:00)",7,1,2016-10-23,23,45,False
2016-10-24 00:05:00,103,1,3,"[00:05:00,00:25:00)",1,0,2016-10-24,0,5,False
2016-10-24 00:25:00,86,1,3,"[00:25:00,00:45:00)",1,0,2016-10-24,0,25,False
2016-10-24 00:45:00,52,1,3,"[00:45:00,01:05:00)",1,0,2016-10-24,0,45,False
2016-10-24 01:05:00,13,1,3,"[01:05:00,01:25:00)",1,0,2016-10-24,1,5,False
2016-10-24 01:25:00,1,1,3,"[01:25:00,01:45:00)",1,0,2016-10-24,1,25,False
2016-10-24 01:45:00,8,1,3,"[01:45:00,02:05:00)",1,0,2016-10-24,1,45,False
2016-10-24 02:05:00,5,1,3,"[02:05:00,02:25:00)",1,0,2016-10-24,2,5,False
2016-10-24 02:25:00,6,1,3,"[02:25:00,02:45:00)",1,0,2016-10-24,2,25,False
2016-10-24 02:45:00,3,1,3,"[02:45:00,03:05:00)",1,0,2016-10-24,2,45,False
2016-10-24 03:05:00,3,1,3,"[03:05:00,03:25:00)",1,0,2016-10-24,3,5,False
2016-10-24 03:25:00,0,1,3,"[03:25:00,03:45:00)",1,0,2016-10-24,3,25,False
2016-10-24 03:45:00,5,1,3,"[03:45:00,04:05:00)",1,0,2016-10-24,3,45,False
2016-10-24 04:05:00,5,1,3,"[04:05:00,04:25:00)",1,0,2016-10-24,4,5,False
2016-10-24 04:25:00,10,1,3,"[04:25:00,04:45:00)",1,0,2016-10-24,4,25,False
2016-10-24 04:45:00,12,1,3,"[04:45:00,05:05:00)",1,0,2016-10-24,4,45,False
2016-10-24 05:05:00,5,1,3,"[05:05:00,05:25:00)",1,0,2016-10-24,5,5,False
2016-10-24 05:25:00,4,1,3,"[05:25:00,05:45:00)",1,0,2016-10-24,5,25,False
2016-10-24 05:45:00,12,1,3,"[05:45:00,06:05:00)",1,0,2016-10-24,5,45,False
2016-10-24 06:05:00,28,1,3,"[06:05:00,06:25:00)",1,0,2016-10-24,6,5,False
2016-10-24 06:25:00,43,1,3,"[06:25:00,06:45:00)",1,0,2016-10-24,6,25,False
2016-10-24 06:45:00,68,1,3,"[06:45:00,07:05:00)",1,0,2016-10-24,6,45,False
2016-10-24 07:05:00,84,1,3,"[07:05:00,07:25:00)",1,0,2016-10-24,7,5,False
2016-10-24 07:25:00,97,1,3,"[07:25:00,07:45:00)",1,0,2016-10-24,7,25,False
2016-10-24 07:45:00,119,1,3,"[07:45:00,08:05:00)",1,0,2016-10-24,7,45,False
2016-10-24 08:05:00,165,1,3,"[08:05:00,08:25:00)",1,0,2016-10-24,8,5,False
2016-10-24 08:25:00,120,1,3,"[08:25:00,08:45:00)",1,0,2016-10-24,8,25,False
2016-10-24 08:45:00,175,1,3,"[08:45:00,09:05:00)",1,0,2016-10-24,8,45,False
2016-10-24 09:05:00,136,1,3,"[09:05:00,09:25:00)",1,0,2016-10-24,9,5,False
2016-10-24 09:25:00,113,1,3,"[09:25:00,09:45:00)",1,0,2016-10-24,9,25,False
2016-10-24 09:45:00,101,1,3,"[09:45:00,10:05:00)",1,0,2016-10-24,9,45,False
2016-10-24 10:05:00,94,1,3,"[10:05:00,10:25:00)",1,0,2016-10-24,10,5,False
2016-10-24 10:25:00,74,1,3,"[10:25:00,10:45:00)",1,0,2016-10-24,10,25,False
2016-10-24 10:45:00,82,1,3,"[10:45:00,11:05:00)",1,0,2016-10-24,10,45,False
2016-10-24 11:05:00,69,1,3,"[11:05:00,11:25:00)",1,0,2016-10-24,11,5,False
2016-10-24 11:25:00,83,1,3,"[11:25:00,11:45:00)",1,0,2016-10-24,11,25,False
2016-10-24 11:45:00,68,1,3,"[11:45:00,12:05:00)",1,0,2016-10-24,11,45,False
2016-10-24 12:05:00,92,1,3,"[12:05:00,12:25:00)",1,0,2016-10-24,12,5,False
2016-10-24 12:25:00,77,1,3,"[12:25:00,12:45:00)",1,0,2016-10-24,12,25,False
2016-10-24 12:45:00,69,1,3,"[12:45:00,13:05:00)",1,0,2016-10-24,12,45,False
2016-10-24 13:05:00,91,1,3,"[13:05:00,13:25:00)",1,0,2016-10-24,13,5,False
2016-10-24 13:25:00,82,1,3,"[13:25:00,13:45:00)",1,0,2016-10-24,13,25,False
2016-10-24 13:45:00,83,1,3,"[13:45:00,14:05:00)",1,0,2016-10-24,13,45,False
2016-10-24 14:05:00,101,1,3,"[14:05:00,14:25:00)",1,0,2016-10-24,14,5,False
2016-10-24 14:25:00,94,1,3,"[14:25:00,14:45:00)",1,0,2016-10-24,14,25,False
2016-10-24 14:45:00,84,1,3,"[14:45:00,15:05:00)",1,0,2016-10-24,14,45,False
2016-10-24 15:05:00,90,1,3,"[15:05:00,15:25:00)",1,0,2016-10-24,15,5,False
2016-10-24 15:25:00,93,1,3,"[15:25:00,15:45:00)",1,0,2016-10-24,15,25,False
2016-10-24 15:45:00,87,1,3,"[15:45:00,16:05:00)",1,0,2016-10-24,15,45,False
2016-10-24 16:05:00,82,1,3,"[16:05:00,16:25:00)",1,0,2016-10-24,16,5,False
2016-10-24 16:25:00,82,1,3,"[16:25:00,16:45:00)",1,0,2016-10-24,16,25,False
2016-10-24 16:45:00,81,1,3,"[16:45:00,17:05:00)",1,0,2016-10-24,16,45,False
2016-10-24 17:05:00,89,1,3,"[17:05:00,17:25:00)",1,0,2016-10-24,17,5,False
2016-10-24 17:25:00,90,1,3,"[17:25:00,17:45:00)",1,0,2016-10-24,17,25,False
2016-10-24 17:45:00,92,1,3,"[17:45:00,18:05:00)",1,0,2016-10-24,17,45,False
2016-10-24 18:05:00,89,1,3,"[18:05:00,18:25:00)",1,0,2016-10-24,18,5,False
2016-10-24 18:25:00,82,1,3,"[18:25:00,18:45:00)",1,0,2016-10-24,18,25,False
2016-10-24 18:45:00,67,1,3,"[18:45:00,19:05:00)",1,0,2016-10-24,18,45,False
2016-10-24 19:05:00,58,1,3,"[19:05:00,19:25:00)",1,0,2016-10-24,19,5,False
2016-10-24 19:25:00,54,1,3,"[19:25:00,19:45:00)",1,0,2016-10-24,19,25,False
2016-10-24 19:45:00,52,1,3,"[19:45:00,20:05:00)",1,0,2016-10-24,19,45,False
2016-10-24 20:05:00,40,1,3,"[20:05:00,20:25:00)",1,0,2016-10-24,20,5,False
2016-10-24 20:25:00,42,1,3,"[20:25:00,20:45:00)",1,0,2016-10-24,20,25,False
2016-10-24 20:45:00,42,1,3,"[20:45:00,21:05:00)",1,0,2016-10-24,20,45,False
2016-10-24 21:05:00,36,1,3,"[21:05:00,21:25:00)",1,0,2016-10-24,21,5,False
2016-10-24 21:25:00,38,1,3,"[21:25:00,21:45:00)",1,0,2016-10-24,21,25,False
2016-10-24 21:45:00,27,1,3,"[21:45:00,22:05:00)",1,0,2016-10-24,21,45,False
2016-10-24 22:05:00,22,1,3,"[22:05:00,22:25:00)",1,0,2016-10-24,22,5,False
2016-10-24 22:25:00,30,1,3,"[22:25:00,22:45:00)",1,0,2016-10-24,22,25,False
2016-10-24 22:45:00,29,1,3,"[22:45:00,23:05:00)",1,0,2016-10-24,22,45,False
2016-10-24 23:05:00,10,1,3,"[23:05:00,23:25:00)",1,0,2016-10-24,23,5,False
2016-10-24 23:25:00,20,1,3,"[23:25:00,23:45:00)",1,0,2016-10-24,23,25,False
